# #           rhoc              M             Mb              R              C             kl            lam
# 
9.787575000000000561e-05 8.085976999999999748e-02 8.088481000000000143e-02 1.976006999999999891e+01 4.092100000000000425e-03 1.946000000000000160e-02 1.130660000000000000e+10
1.336273000000000072e-04 8.139675000000000382e-02 8.142415999999999543e-02 1.787058999999999997e+01 4.554800000000000341e-03 1.929625999999999911e-02 6.562065000000000000e+09
1.693788000000000054e-04 8.178074000000000454e-02 8.181001999999999719e-02 1.655145999999999873e+01 4.941000000000000079e-03 1.917216999999999880e-02 4.340164000000000000e+09
1.872544999999999874e-04 8.193612999999999591e-02 8.196622000000000630e-02 1.602123999999999882e+01 5.114200000000000169e-03 1.912610000000000005e-02 3.644504000000000000e+09
2.230060000000000126e-04 8.219592000000000565e-02 8.222741999999999551e-02 1.514183000000000057e+01 5.428399999999999892e-03 1.901635999999999951e-02 2.689532000000000000e+09
2.408818000000000016e-04 8.230597000000000607e-02 8.233809999999999740e-02 1.477070999999999934e+01 5.572200000000000243e-03 1.895629999999999885e-02 2.352407000000000000e+09
2.587574999999999836e-04 8.240551000000000126e-02 8.243822000000000649e-02 1.443116999999999983e+01 5.710200000000000345e-03 1.891988000000000003e-02 2.077559000000000000e+09
2.766333000000000268e-04 8.249605000000000132e-02 8.252929000000000515e-02 1.412243999999999922e+01 5.841500000000000338e-03 1.887745000000000048e-02 1.850270000000000000e+09
3.123848000000000250e-04 8.265475999999999379e-02 8.268892999999999383e-02 1.357415999999999912e+01 6.089100000000000068e-03 1.882083000000000020e-02 1.498899000000000000e+09
3.302604999999999799e-04 8.272474000000000494e-02 8.275942000000000021e-02 1.333201000000000036e+01 6.204999999999999578e-03 1.878143000000000173e-02 1.361253000000000000e+09
3.481363000000000231e-04 8.278944000000000580e-02 8.282452999999999343e-02 1.310205999999999982e+01 6.318800000000000285e-03 1.877592000000000150e-02 1.242607000000000000e+09
3.660119999999999780e-04 8.303697999999999635e-02 8.307372000000000367e-02 1.261209999999999987e+01 6.583900000000000169e-03 1.871911999999999882e-02 1.008725000000000000e+09
3.838878000000000212e-04 8.374818000000000540e-02 8.378982000000000097e-02 1.204250000000000043e+01 6.954400000000000338e-03 1.889369000000000118e-02 7.743416000000000000e+08
4.196393000000000193e-04 8.715498000000000689e-02 8.722270999999999497e-02 1.086036000000000001e+01 8.025100000000000289e-03 2.017265999999999851e-02 4.040464000000000000e+08
4.375149999999999742e-04 8.996226000000000222e-02 9.005388000000000281e-02 1.029160000000000075e+01 8.741300000000000459e-03 2.149556999999999857e-02 2.807821000000000000e+08
4.553908000000000175e-04 9.350524999999999809e-02 9.362984000000000584e-02 9.780606999999999829e+00 9.560300000000000742e-03 2.312983999999999873e-02 1.930770000000000000e+08
4.732665000000000266e-04 9.775248000000000270e-02 9.792037000000000657e-02 9.312625000000000597e+00 1.049699999999999939e-02 2.534217000000000067e-02 1.325788000000000000e+08
4.911422999999999614e-04 1.026621000000000061e-01 1.028849000000000014e-01 8.910764999999999603e+00 1.152099999999999999e-02 2.786022999999999972e-02 9.149945000000000000e+07
5.090179999999999705e-04 1.081891999999999993e-01 1.084801999999999988e-01 8.561135000000000161e+00 1.263700000000000066e-02 3.080924999999999983e-02 6.372746000000000000e+07
5.268938000000000137e-04 1.142907999999999979e-01 1.146642999999999968e-01 8.260047000000000139e+00 1.383700000000000034e-02 3.414927000000000240e-02 4.488974000000000000e+07
5.447695000000000228e-04 1.209270999999999957e-01 1.213989000000000040e-01 7.993097999999999814e+00 1.512900000000000009e-02 3.805375999999999898e-02 3.200835000000000000e+07
5.626452999999999576e-04 1.280631999999999882e-01 1.286505000000000010e-01 7.771847000000000172e+00 1.647799999999999959e-02 4.210202999999999862e-02 2.310531000000000000e+07
5.983968000000000100e-04 1.437145999999999979e-01 1.445902000000000021e-01 7.420290999999999748e+00 1.936799999999999980e-02 5.097337999999999869e-02 1.246958000000000000e+07
6.162725000000000191e-04 1.521792999999999896e-01 1.532308000000000003e-01 7.280774000000000079e+00 2.090200000000000044e-02 5.571476000000000206e-02 9.310826000000000000e+06
6.341482999999999539e-04 1.610411999999999955e-01 1.622912999999999994e-01 7.160841999999999707e+00 2.248899999999999857e-02 6.058908999999999823e-02 7.021630000000000000e+06
6.520239999999999630e-04 1.702817000000000081e-01 1.717551999999999968e-01 7.060436000000000156e+00 2.411800000000000055e-02 6.541689000000000531e-02 5.344621000000000000e+06
6.698998000000000062e-04 1.798837000000000075e-01 1.816062999999999983e-01 6.971345000000000347e+00 2.580299999999999955e-02 7.040926999999999603e-02 4.103571000000000000e+06
6.877756000000000494e-04 1.898321000000000036e-01 1.918306999999999929e-01 6.900297000000000125e+00 2.751100000000000073e-02 7.508188000000000362e-02 3.176398000000000000e+06
7.056512999999999501e-04 2.001123999999999958e-01 2.024159000000000097e-01 6.831667000000000378e+00 2.929199999999999859e-02 8.013952000000000575e-02 2.477529000000000000e+06
7.235270999999999933e-04 2.107113999999999931e-01 2.133494999999999975e-01 6.780591000000000257e+00 3.107599999999999946e-02 8.460861999999999550e-02 1.946348000000000000e+06
7.414028000000000024e-04 2.216164999999999941e-01 2.246218000000000103e-01 6.731590999999999880e+00 3.292199999999999988e-02 8.930517999999999790e-02 1.539442000000000000e+06
7.592786000000000457e-04 2.328156999999999865e-01 2.362199000000000104e-01 6.691759000000000235e+00 3.479100000000000248e-02 9.370004999999999307e-02 1.225432000000000000e+06
7.771542999999999464e-04 2.442971999999999921e-01 2.481349999999999945e-01 6.660331000000000223e+00 3.667900000000000327e-02 9.773711000000000204e-02 9.814193000000000466e+05
7.950300999999999896e-04 2.560499999999999998e-01 2.603565999999999936e-01 6.630696999999999619e+00 3.861599999999999755e-02 1.018232000000000026e-01 7.905460999999999767e+05
8.129057999999999987e-04 2.680630999999999986e-01 2.728745000000000198e-01 6.610058999999999685e+00 4.055399999999999977e-02 1.053507000000000055e-01 6.403060999999999767e+05
8.307816000000000419e-04 2.803257000000000110e-01 2.856817999999999858e-01 6.590075999999999823e+00 4.253799999999999942e-02 1.089129000000000069e-01 5.213452000000000116e+05
8.486573000000000510e-04 2.928273000000000126e-01 2.987658000000000258e-01 6.570553000000000310e+00 4.456700000000000245e-02 1.125068000000000040e-01 4.266177000000000116e+05
8.665330999999999858e-04 3.055575999999999848e-01 3.121184000000000180e-01 6.560005000000000308e+00 4.657900000000000235e-02 1.153639000000000053e-01 3.507795999999999767e+05
8.844087999999999949e-04 3.185062000000000171e-01 3.257332000000000005e-01 6.542305999999999955e+00 4.868399999999999811e-02 1.188638999999999946e-01 2.897500000000000000e+05
9.022846000000000382e-04 3.316629999999999856e-01 3.395944000000000185e-01 6.540028999999999648e+00 5.071300000000000113e-02 1.209498999999999991e-01 2.403961000000000058e+05
9.201603000000000473e-04 3.450179999999999914e-01 3.537011999999999934e-01 6.530451000000000228e+00 5.283199999999999702e-02 1.236666000000000015e-01 2.002941000000000058e+05
9.380360999999999821e-04 3.585611000000000215e-01 3.680397000000000252e-01 6.522350000000000314e+00 5.497400000000000203e-02 1.262006999999999990e-01 1.675617999999999884e+05
9.559117999999999912e-04 3.722825000000000162e-01 3.825985000000000080e-01 6.520709000000000088e+00 5.709199999999999692e-02 1.280454000000000037e-01 1.407288999999999942e+05
9.737876000000000344e-04 3.861724000000000268e-01 3.973733999999999877e-01 6.520303000000000182e+00 5.922600000000000087e-02 1.296843000000000024e-01 1.186393999999999942e+05
9.916632999999999351e-04 4.002208999999999905e-01 4.123550999999999744e-01 6.520254000000000438e+00 6.138099999999999806e-02 1.311961000000000099e-01 1.003813999999999942e+05
1.009539000000000053e-03 4.144185000000000230e-01 4.275302000000000269e-01 6.520106000000000179e+00 6.356000000000000538e-02 1.326218999999999870e-01 8.523172000000000116e+04
1.027415000000000056e-03 4.287556000000000145e-01 4.428969999999999851e-01 6.520261999999999780e+00 6.575699999999999601e-02 1.339170000000000083e-01 7.261396000000000640e+04
1.045291000000000059e-03 4.432227999999999724e-01 4.584394999999999998e-01 6.520737999999999701e+00 6.797100000000000364e-02 1.350761000000000045e-01 6.206695999999999913e+04
1.063165999999999937e-03 4.578106000000000120e-01 4.741526999999999825e-01 6.521291999999999867e+00 7.020200000000000051e-02 1.361217000000000121e-01 5.322005000000000291e+04
1.081041999999999940e-03 4.725096999999999769e-01 4.900283000000000277e-01 6.522630000000000372e+00 7.244200000000000639e-02 1.369779999999999887e-01 4.577408000000000175e+04
1.098917999999999943e-03 4.873110999999999970e-01 5.060502999999999529e-01 6.530310000000000059e+00 7.462299999999999489e-02 1.370588000000000084e-01 3.948693000000000029e+04
1.116793999999999946e-03 5.022054999999999714e-01 5.222234000000000043e-01 6.531388999999999889e+00 7.689100000000000101e-02 1.377222999999999919e-01 3.416120999999999913e+04
1.134669000000000042e-03 5.171843000000000412e-01 5.385223999999999567e-01 6.540021999999999558e+00 7.907999999999999752e-02 1.374817000000000122e-01 2.963622999999999956e+04
1.152545000000000045e-03 5.322384000000000004e-01 5.549530999999999770e-01 6.540764000000000244e+00 8.137300000000000089e-02 1.379636999999999947e-01 2.578011999999999898e+04
1.170421000000000048e-03 5.473592999999999931e-01 5.715021000000000129e-01 6.542671999999999599e+00 8.365999999999999825e-02 1.382171000000000094e-01 2.248454000000000087e+04
1.188297000000000051e-03 5.625383999999999940e-01 5.881564000000000236e-01 6.550550999999999569e+00 8.587599999999999401e-02 1.377375999999999878e-01 1.966027999999999884e+04
1.206171999999999930e-03 5.777672999999999837e-01 6.049155000000000504e-01 6.552296000000000120e+00 8.817800000000000638e-02 1.378019000000000049e-01 1.723322000000000116e+04
1.224047999999999933e-03 5.930377999999999483e-01 6.217568999999999457e-01 6.560487000000000180e+00 9.039500000000000313e-02 1.370914000000000021e-01 1.514214999999999964e+04
1.241923999999999936e-03 6.083418999999999910e-01 6.386935999999999725e-01 6.562262999999999735e+00 9.270299999999999374e-02 1.369563000000000030e-01 1.333584000000000015e+04
1.259799999999999939e-03 6.236715999999999926e-01 6.556954999999999867e-01 6.570434999999999803e+00 9.492100000000000537e-02 1.360632999999999981e-01 1.177173999999999978e+04
1.277675000000000035e-03 6.390192000000000094e-01 6.727731999999999601e-01 6.571950000000000180e+00 9.723400000000000098e-02 1.357711000000000057e-01 1.041401000000000022e+04
1.295551000000000038e-03 6.543771000000000448e-01 6.899011999999999922e-01 6.580313000000000301e+00 9.944500000000000561e-02 1.346882000000000079e-01 9.232734000000000378e+03
1.313427000000000041e-03 6.697378999999999971e-01 7.070931000000000299e-01 6.581845000000000390e+00 1.017600000000000032e-01 1.342231000000000118e-01 8.202569999999999709e+03
1.331303000000000044e-03 6.850945000000000507e-01 7.243161999999999656e-01 6.590224000000000082e+00 1.039599999999999969e-01 1.329838999999999882e-01 7.302242000000000189e+03
1.349177999999999922e-03 7.004396999999999984e-01 7.415880000000000249e-01 6.591536999999999757e+00 1.062599999999999933e-01 1.323838999999999988e-01 6.513636999999999716e+03
1.367053999999999925e-03 7.157666999999999780e-01 7.588747000000000131e-01 6.600127999999999773e+00 1.084500000000000047e-01 1.309844000000000008e-01 5.821471999999999753e+03
1.384929999999999928e-03 7.310689000000000215e-01 7.761957999999999913e-01 6.601122000000000156e+00 1.107500000000000012e-01 1.302731000000000028e-01 5.212672999999999774e+03
1.402805999999999931e-03 7.463397999999999977e-01 7.935250000000000359e-01 6.610005000000000130e+00 1.129099999999999965e-01 1.287223000000000117e-01 4.676150999999999840e+03
1.420681000000000027e-03 7.615731999999999502e-01 8.108642999999999823e-01 6.610510999999999804e+00 1.152100000000000068e-01 1.279292999999999958e-01 4.202384000000000015e+03
1.438557000000000030e-03 7.767627999999999755e-01 8.282089999999999730e-01 6.611708000000000141e+00 1.174800000000000011e-01 1.270072999999999896e-01 3.783235999999999876e+03
1.456433000000000033e-03 7.919028999999999652e-01 8.455327999999999733e-01 6.620105999999999824e+00 1.196200000000000041e-01 1.253434999999999966e-01 3.411739000000000033e+03
1.474309000000000036e-03 8.069878000000000329e-01 8.628563000000000205e-01 6.620716999999999963e+00 1.218899999999999983e-01 1.243693000000000021e-01 3.081856000000000222e+03
1.492183999999999915e-03 8.220117999999999592e-01 8.801577999999999902e-01 6.621939000000000242e+00 1.241300000000000042e-01 1.232856999999999981e-01 2.788411999999999807e+03
1.510059999999999918e-03 8.369697999999999860e-01 8.974235000000000406e-01 6.630092999999999570e+00 1.262399999999999911e-01 1.215172999999999948e-01 2.526945000000000164e+03
1.527935999999999921e-03 8.518565999999999638e-01 9.146706999999999477e-01 6.630524999999999558e+00 1.284700000000000009e-01 1.204187000000000035e-01 2.293557999999999993e+03
1.545811999999999924e-03 8.666673000000000293e-01 9.318794000000000244e-01 6.631355000000000111e+00 1.306900000000000006e-01 1.192412000000000055e-01 2.084896000000000186e+03
1.563687000000000020e-03 8.813969999999999860e-01 9.490465000000000151e-01 6.632500000000000284e+00 1.328900000000000081e-01 1.179962999999999984e-01 1.898039999999999964e+03
1.581563000000000023e-03 8.960413999999999879e-01 9.661490999999999829e-01 6.640081999999999596e+00 1.349400000000000044e-01 1.161516999999999966e-01 1.730457000000000107e+03
1.599439000000000026e-03 9.105959999999999610e-01 9.832064000000000359e-01 6.640457999999999750e+00 1.371300000000000019e-01 1.149112999999999940e-01 1.579912000000000035e+03
1.617315000000000029e-03 9.250566999999999540e-01 1.000205999999999928e+00 6.640870999999999746e+00 1.393000000000000071e-01 1.136363999999999985e-01 1.444473999999999933e+03
1.635189999999999907e-03 9.394194999999999629e-01 1.017146000000000106e+00 6.641446000000000183e+00 1.414499999999999924e-01 1.123192999999999969e-01 1.322448000000000093e+03
1.653065999999999910e-03 9.536805000000000421e-01 1.034011999999999931e+00 6.642107000000000205e+00 1.435800000000000132e-01 1.109693999999999958e-01 1.212346000000000004e+03
1.670941999999999913e-03 9.678362000000000354e-01 1.050799999999999956e+00 6.642665000000000042e+00 1.456999999999999962e-01 1.096050999999999970e-01 1.112864000000000033e+03
1.688817999999999916e-03 9.818829999999999503e-01 1.067490999999999968e+00 6.650032999999999639e+00 1.476500000000000035e-01 1.076678999999999969e-01 1.022856999999999971e+03
1.706693000000000012e-03 9.958179000000000336e-01 1.084116000000000080e+00 6.650089000000000361e+00 1.497499999999999942e-01 1.063124000000000013e-01 9.413044999999999618e+02
1.724569000000000015e-03 1.009638000000000035e+00 1.100651999999999964e+00 6.650126000000000204e+00 1.518200000000000105e-01 1.049414000000000041e-01 8.673170000000000073e+02
1.742445000000000018e-03 1.023338999999999999e+00 1.117094999999999949e+00 6.650193999999999939e+00 1.538799999999999890e-01 1.035535999999999957e-01 8.001059999999999945e+02
1.760321000000000021e-03 1.036920000000000064e+00 1.133440000000000003e+00 6.650180999999999898e+00 1.559200000000000030e-01 1.021593999999999974e-01 7.389731000000000449e+02
1.778195999999999900e-03 1.050376999999999894e+00 1.149683999999999928e+00 6.650202000000000169e+00 1.579500000000000071e-01 1.007520999999999972e-01 6.832992000000000417e+02
1.796071999999999903e-03 1.063708000000000098e+00 1.165823000000000054e+00 6.650128999999999735e+00 1.599500000000000088e-01 9.934324999999999406e-02 6.325348999999999933e+02
1.813947999999999906e-03 1.076912000000000091e+00 1.181856999999999935e+00 6.650090999999999752e+00 1.619400000000000006e-01 9.792494999999999672e-02 5.861916999999999689e+02
1.831823999999999909e-03 1.089984999999999982e+00 1.197783000000000042e+00 6.650044000000000288e+00 1.639100000000000001e-01 9.650224999999999775e-02 5.438348999999999478e+02
1.867575000000000008e-03 1.115731999999999946e+00 1.229289000000000076e+00 6.642203000000000301e+00 1.679799999999999904e-01 9.419523000000000479e-02 4.695693999999999733e+02
1.885451000000000011e-03 1.128401999999999905e+00 1.244860000000000078e+00 6.641734999999999722e+00 1.698999999999999955e-01 9.278839999999999311e-02 4.370090999999999894e+02
1.903327000000000014e-03 1.140935000000000032e+00 1.260291999999999968e+00 6.641131999999999813e+00 1.718000000000000083e-01 9.139118999999999715e-02 4.071161000000000172e+02
1.921201999999999892e-03 1.153329999999999966e+00 1.275606999999999935e+00 6.640635999999999761e+00 1.736800000000000010e-01 8.998818000000000095e-02 3.796426000000000158e+02
1.939077999999999895e-03 1.165583999999999953e+00 1.290791999999999939e+00 6.640223999999999904e+00 1.755299999999999916e-01 8.858256999999999937e-02 3.543661999999999921e+02
1.956953999999999898e-03 1.177696999999999994e+00 1.305844000000000005e+00 6.640028000000000041e+00 1.773599999999999899e-01 8.716712000000000071e-02 3.310874000000000024e+02
1.974829999999999901e-03 1.189667999999999948e+00 1.320785000000000098e+00 6.632035000000000124e+00 1.793800000000000117e-01 8.626246999999999387e-02 3.096249000000000251e+02
1.992704999999999997e-03 1.201494999999999980e+00 1.335571000000000064e+00 6.631091999999999764e+00 1.811899999999999900e-01 8.489984999999999893e-02 2.898215000000000146e+02
2.010581000000000000e-03 1.213179000000000007e+00 1.350206000000000017e+00 6.630381999999999998e+00 1.829699999999999938e-01 8.352924999999999933e-02 2.715289000000000215e+02
2.028457000000000003e-03 1.224717000000000056e+00 1.364719999999999933e+00 6.630030999999999786e+00 1.847199999999999953e-01 8.214432000000000678e-02 2.546156000000000006e+02
2.046333000000000006e-03 1.236110999999999960e+00 1.379104000000000108e+00 6.621781999999999613e+00 1.866700000000000026e-01 8.125147000000000619e-02 2.389615000000000009e+02
2.064208000000000102e-03 1.247357999999999967e+00 1.393310999999999966e+00 6.620702999999999783e+00 1.884000000000000119e-01 7.992286999999999308e-02 2.244630999999999972e+02
2.082084000000000105e-03 1.258458999999999994e+00 1.407388000000000083e+00 6.620098999999999734e+00 1.900999999999999912e-01 7.857593999999999690e-02 2.110208000000000084e+02
2.099960000000000108e-03 1.269414000000000042e+00 1.421343000000000023e+00 6.611990999999999730e+00 1.919899999999999940e-01 7.767925000000000524e-02 1.985450999999999908e+02
2.117836000000000111e-03 1.280221999999999971e+00 1.435114000000000001e+00 6.610737000000000307e+00 1.936599999999999988e-01 7.638644999999999463e-02 1.869601000000000113e+02
2.135711000000000206e-03 1.290883000000000003e+00 1.448736999999999941e+00 6.610049000000000063e+00 1.952899999999999914e-01 7.507307000000000563e-02 1.761904999999999859e+02
2.153587000000000209e-03 1.301396999999999915e+00 1.462242000000000042e+00 6.601562999999999626e+00 1.971299999999999997e-01 7.420923000000000103e-02 1.661698000000000093e+02
2.171463000000000212e-03 1.311763999999999930e+00 1.475564000000000098e+00 6.600374999999999659e+00 1.987400000000000000e-01 7.294335999999999876e-02 1.568408000000000015e+02
2.189339000000000215e-03 1.321984999999999966e+00 1.488769000000000009e+00 6.592452999999999896e+00 2.005300000000000138e-01 7.205706000000000611e-02 1.481454999999999984e+02
2.207213999999999877e-03 1.332059000000000104e+00 1.501786999999999983e+00 6.590818999999999761e+00 2.021100000000000119e-01 7.083647999999999334e-02 1.400379000000000076e+02
2.225089999999999880e-03 1.341987000000000041e+00 1.514658000000000060e+00 6.590023999999999660e+00 2.036399999999999877e-01 6.958503000000000605e-02 1.324702000000000055e+02
2.242965999999999883e-03 1.351768999999999998e+00 1.527393000000000001e+00 6.581165000000000376e+00 2.053999999999999992e-01 6.876836999999999533e-02 1.254003000000000014e+02
2.260841999999999886e-03 1.361405999999999894e+00 1.539951000000000070e+00 6.580108000000000068e+00 2.069000000000000006e-01 6.755440999999999530e-02 1.187925999999999931e+02
2.278716999999999982e-03 1.370897999999999950e+00 1.552375999999999978e+00 6.571413999999999866e+00 2.086199999999999999e-01 6.674199999999999577e-02 1.126098000000000070e+02
2.296592999999999985e-03 1.380246000000000084e+00 1.564618999999999982e+00 6.570178000000000296e+00 2.100799999999999890e-01 6.556201000000000390e-02 1.068229000000000042e+02
2.314468999999999988e-03 1.389450000000000074e+00 1.576734000000000080e+00 6.561530000000000307e+00 2.117600000000000038e-01 6.476176000000000155e-02 1.014001999999999981e+02
2.332344999999999991e-03 1.398509999999999920e+00 1.588661000000000101e+00 6.560176000000000229e+00 2.131800000000000084e-01 6.361321000000000336e-02 9.631744999999999379e+01
2.350220000000000087e-03 1.407429000000000041e+00 1.600465999999999944e+00 6.551362000000000130e+00 2.148299999999999932e-01 6.283668000000000586e-02 9.154771999999999821e+01
2.368096000000000090e-03 1.416206000000000076e+00 1.612079999999999957e+00 6.550101999999999869e+00 2.162100000000000133e-01 6.171001000000000264e-02 8.707086999999999932e+01
2.385972000000000093e-03 1.424841999999999942e+00 1.623579000000000105e+00 6.541189000000000142e+00 2.178299999999999959e-01 6.095464999999999911e-02 8.286400999999999328e+01
2.403848000000000096e-03 1.433338000000000001e+00 1.634884000000000004e+00 6.540041000000000437e+00 2.191599999999999937e-01 5.984997999999999707e-02 7.891003000000000611e+01
2.421723000000000191e-03 1.441694999999999949e+00 1.646066000000000029e+00 6.530838000000000143e+00 2.207500000000000018e-01 5.912515000000000132e-02 7.518972999999999729e+01
2.439599000000000194e-03 1.449913999999999925e+00 1.657084999999999919e+00 6.522471000000000352e+00 2.222999999999999976e-01 5.836932000000000231e-02 7.168740999999999985e+01
2.457475000000000197e-03 1.457996000000000070e+00 1.667912000000000061e+00 6.520442000000000071e+00 2.235999999999999932e-01 5.734282000000000268e-02 6.838982000000000028e+01
2.475351000000000200e-03 1.465942000000000078e+00 1.678636999999999935e+00 6.511765999999999721e+00 2.251199999999999868e-01 5.661936000000000052e-02 6.528060000000000684e+01
2.493225999999999862e-03 1.473751999999999951e+00 1.689159000000000077e+00 6.510152999999999857e+00 2.263799999999999979e-01 5.560197000000000056e-02 6.234937000000000040e+01
2.511101999999999865e-03 1.481429000000000107e+00 1.699556000000000067e+00 6.501018000000000185e+00 2.278799999999999992e-01 5.491700000000000054e-02 5.958238000000000056e+01
2.528977999999999868e-03 1.488973000000000102e+00 1.709769000000000094e+00 6.500001000000000140e+00 2.290699999999999958e-01 5.390227999999999686e-02 5.697035000000000338e+01
2.546853999999999871e-03 1.496385000000000076e+00 1.719864999999999977e+00 6.490413000000000210e+00 2.305500000000000049e-01 5.325490000000000085e-02 5.450209999999999866e+01
2.564728999999999967e-03 1.503667000000000087e+00 1.729813999999999963e+00 6.481568000000000218e+00 2.319900000000000018e-01 5.258441999999999977e-02 5.216850999999999772e+01
2.582604999999999970e-03 1.510818999999999912e+00 1.739557999999999938e+00 6.480033999999999850e+00 2.331499999999999961e-01 5.163053000000000087e-02 4.996204000000000178e+01
2.600480999999999973e-03 1.517841999999999913e+00 1.749200000000000088e+00 6.470642999999999923e+00 2.345700000000000007e-01 5.100111999999999701e-02 4.787319999999999709e+01
2.618356999999999976e-03 1.524739000000000066e+00 1.758693999999999980e+00 6.461832000000000242e+00 2.359600000000000031e-01 5.035657999999999801e-02 4.589502000000000237e+01
2.636232000000000072e-03 1.531509999999999927e+00 1.767983000000000082e+00 6.460090000000000110e+00 2.370700000000000029e-01 4.944973999999999897e-02 4.402165999999999713e+01
2.654108000000000075e-03 1.538156000000000079e+00 1.777180999999999900e+00 6.450718000000000174e+00 2.384499999999999953e-01 4.884609000000000173e-02 4.224510000000000076e+01
2.671984000000000078e-03 1.544680000000000053e+00 1.786219999999999919e+00 6.441930000000000156e+00 2.397900000000000031e-01 4.822818999999999717e-02 4.055996999999999986e+01
2.689860000000000081e-03 1.551080999999999932e+00 1.795066000000000050e+00 6.440081000000000166e+00 2.408500000000000085e-01 4.736353000000000091e-02 3.896164999999999878e+01
2.707735000000000176e-03 1.557360999999999995e+00 1.803825000000000012e+00 6.430671000000000248e+00 2.421800000000000064e-01 4.678783000000000247e-02 3.744351000000000340e+01
2.725611000000000179e-03 1.563522000000000078e+00 1.812416999999999945e+00 6.421724000000000210e+00 2.434699999999999920e-01 4.620308000000000054e-02 3.600124000000000279e+01
2.743487000000000182e-03 1.569565000000000099e+00 1.820835999999999899e+00 6.420043999999999862e+00 2.444800000000000029e-01 4.536971000000000059e-02 3.463123000000000218e+01
2.761363000000000185e-03 1.575490999999999975e+00 1.829137000000000013e+00 6.410476000000000063e+00 2.457699999999999885e-01 4.482594000000000162e-02 3.332800000000000296e+01
2.779237999999999847e-03 1.581301999999999985e+00 1.837321999999999900e+00 6.401451999999999920e+00 2.470199999999999896e-01 4.427074999999999760e-02 3.208807999999999794e+01
2.797113999999999850e-03 1.586999000000000049e+00 1.845342999999999956e+00 6.392667999999999573e+00 2.482499999999999984e-01 4.371525999999999884e-02 3.090790000000000148e+01
2.814989999999999853e-03 1.592583000000000082e+00 1.853177000000000074e+00 6.390240999999999616e+00 2.492199999999999971e-01 4.295469999999999844e-02 2.978485999999999834e+01
2.832865999999999856e-03 1.598055000000000003e+00 1.860929000000000055e+00 6.380919999999999703e+00 2.504399999999999959e-01 4.243571000000000148e-02 2.871428999999999832e+01
2.850740999999999952e-03 1.603417000000000092e+00 1.868546999999999958e+00 6.371984000000000314e+00 2.516399999999999748e-01 4.191158999999999857e-02 2.769386000000000081e+01
2.868616999999999955e-03 1.608670999999999962e+00 1.875968999999999998e+00 6.370066999999999702e+00 2.525399999999999867e-01 4.116879999999999845e-02 2.672148999999999930e+01
2.886492999999999958e-03 1.613817000000000057e+00 1.883293000000000106e+00 6.360485999999999862e+00 2.537300000000000111e-01 4.068360000000000032e-02 2.579336999999999946e+01
2.904368999999999961e-03 1.618856999999999990e+00 1.890498999999999929e+00 6.351257999999999626e+00 2.548900000000000055e-01 4.019433000000000034e-02 2.490747999999999962e+01
2.922244000000000057e-03 1.623791999999999902e+00 1.897580999999999962e+00 6.342464999999999797e+00 2.560200000000000253e-01 3.969893000000000033e-02 2.406165000000000020e+01
2.940120000000000060e-03 1.628624000000000072e+00 1.904449999999999976e+00 6.340131999999999657e+00 2.568799999999999972e-01 3.901287999999999978e-02 2.325431000000000026e+01
2.957996000000000063e-03 1.633353999999999973e+00 1.911251000000000033e+00 6.330625999999999642e+00 2.580100000000000171e-01 3.855673999999999907e-02 2.248227999999999938e+01
2.975872000000000066e-03 1.637984000000000107e+00 1.917921999999999905e+00 6.321485000000000021e+00 2.591100000000000070e-01 3.809653999999999818e-02 2.174414000000000158e+01
3.011623000000000164e-03 1.646945000000000103e+00 1.930824000000000096e+00 6.310159999999999769e+00 2.610000000000000098e-01 3.699423000000000294e-02 2.036335000000000051e+01
3.029499000000000167e-03 1.651280000000000081e+00 1.937132000000000076e+00 6.300658000000000314e+00 2.620799999999999796e-01 3.656821999999999850e-02 1.971688999999999936e+01
3.047375000000000170e-03 1.655520000000000103e+00 1.943279999999999896e+00 6.291463000000000250e+00 2.631399999999999850e-01 3.614002000000000187e-02 1.909781999999999869e+01
3.065251000000000173e-03 1.659664999999999946e+00 1.949329000000000089e+00 6.282587000000000366e+00 2.641700000000000159e-01 3.570968000000000059e-02 1.850482999999999834e+01
3.083125999999999835e-03 1.663718000000000030e+00 1.955179000000000000e+00 6.280151000000000039e+00 2.649199999999999888e-01 3.510681000000000218e-02 1.793711000000000055e+01
3.101001999999999838e-03 1.667678999999999911e+00 1.960974999999999913e+00 6.270584999999999631e+00 2.659500000000000197e-01 3.471140999999999810e-02 1.739239999999999853e+01
3.118877999999999841e-03 1.671548999999999952e+00 1.966666000000000025e+00 6.261344000000000243e+00 2.669599999999999751e-01 3.431340000000000084e-02 1.686996999999999858e+01
3.136753999999999844e-03 1.675330999999999904e+00 1.972212999999999994e+00 6.252403000000000155e+00 2.679500000000000215e-01 3.391381000000000256e-02 1.636879000000000062e+01
3.154628999999999940e-03 1.679025999999999907e+00 1.977606999999999893e+00 6.250094999999999956e+00 2.686399999999999899e-01 3.334431999999999674e-02 1.588828999999999958e+01
3.172504999999999943e-03 1.682633000000000045e+00 1.982904999999999918e+00 6.240472999999999715e+00 2.696299999999999808e-01 3.297772000000000203e-02 1.542657999999999952e+01
3.190380999999999946e-03 1.686155999999999988e+00 1.988116999999999912e+00 6.231110000000000149e+00 2.706000000000000072e-01 3.261027999999999843e-02 1.498310999999999993e+01
3.208256999999999949e-03 1.689594000000000040e+00 1.993235000000000090e+00 6.222100000000000186e+00 2.715500000000000136e-01 3.223979999999999901e-02 1.455705999999999989e+01
3.226132000000000045e-03 1.692949999999999955e+00 1.998129000000000044e+00 6.220038999999999874e+00 2.721799999999999775e-01 3.169885000000000064e-02 1.414804999999999957e+01
3.244008000000000048e-03 1.696225000000000094e+00 2.003013000000000154e+00 6.210316999999999865e+00 2.731299999999999839e-01 3.136056999999999734e-02 1.375449000000000055e+01
3.261884000000000051e-03 1.699419000000000013e+00 2.007756000000000096e+00 6.200855999999999923e+00 2.740600000000000258e-01 3.102128999999999998e-02 1.337594999999999956e+01
3.279760000000000054e-03 1.702533999999999992e+00 2.012408999999999892e+00 6.191734000000000293e+00 2.749699999999999922e-01 3.067929000000000142e-02 1.301177999999999990e+01
3.297635000000000149e-03 1.705570999999999948e+00 2.016906000000000088e+00 6.190004000000000062e+00 2.755400000000000071e-01 3.016322999999999921e-02 1.266170999999999935e+01
3.315511000000000152e-03 1.708531000000000022e+00 2.021319000000000088e+00 6.180176000000000336e+00 2.764499999999999735e-01 2.985172000000000173e-02 1.232445000000000057e+01
3.333387000000000155e-03 1.711416000000000048e+00 2.025659000000000098e+00 6.170620000000000438e+00 2.773499999999999854e-01 2.953884000000000024e-02 1.199962999999999980e+01
3.351263000000000158e-03 1.714226999999999945e+00 2.029898000000000202e+00 6.161324999999999719e+00 2.782200000000000228e-01 2.922502000000000086e-02 1.168671999999999933e+01
3.369137999999999820e-03 1.716963999999999935e+00 2.034016999999999964e+00 6.152333999999999747e+00 2.790799999999999947e-01 2.890944999999999973e-02 1.138522999999999996e+01
3.387013999999999823e-03 1.719629000000000074e+00 2.037990000000000190e+00 6.150064000000000419e+00 2.796100000000000252e-01 2.844440000000000163e-02 1.109506000000000014e+01
3.404889999999999826e-03 1.722223000000000059e+00 2.041894999999999794e+00 6.140422000000000047e+00 2.804699999999999971e-01 2.815608000000000000e-02 1.081494999999999962e+01
3.422765999999999829e-03 1.724747999999999948e+00 2.045719000000000065e+00 6.131026000000000309e+00 2.813100000000000045e-01 2.786699000000000120e-02 1.054476999999999975e+01
3.440640999999999925e-03 1.727203000000000044e+00 2.049466999999999928e+00 6.121859999999999857e+00 2.821400000000000019e-01 2.757768999999999845e-02 1.028411000000000008e+01
3.458516999999999928e-03 1.729591000000000101e+00 2.053021000000000207e+00 6.120014000000000287e+00 2.826099999999999723e-01 2.713157000000000069e-02 1.003295999999999921e+01
3.476392999999999931e-03 1.731911999999999896e+00 2.056554000000000215e+00 6.110223999999999656e+00 2.834400000000000253e-01 2.686757000000000034e-02 9.790255000000000152e+00
3.494268999999999934e-03 1.734167000000000014e+00 2.060019000000000045e+00 6.100710000000000299e+00 2.842600000000000127e-01 2.660202000000000053e-02 9.555875000000000341e+00
3.512144000000000030e-03 1.736358000000000068e+00 2.063356000000000190e+00 6.091470000000000162e+00 2.850500000000000256e-01 2.633510000000000018e-02 9.329482999999999748e+00
3.530020000000000033e-03 1.738485999999999976e+00 2.066619000000000206e+00 6.082520999999999844e+00 2.858200000000000185e-01 2.606663999999999856e-02 9.110799999999999343e+00
3.547896000000000036e-03 1.740550999999999959e+00 2.069729000000000152e+00 6.080130999999999730e+00 2.862700000000000244e-01 2.566507999999999984e-02 8.899850000000000705e+00
3.565772000000000039e-03 1.742553999999999936e+00 2.072789999999999910e+00 6.070466999999999835e+00 2.870500000000000274e-01 2.542219999999999897e-02 8.695622999999999436e+00
3.583647000000000134e-03 1.744496999999999964e+00 2.075792999999999999e+00 6.061145999999999923e+00 2.878200000000000203e-01 2.517633000000000024e-02 8.498132000000000019e+00
3.601523000000000137e-03 1.746380999999999961e+00 2.078730000000000189e+00 6.052134999999999820e+00 2.885599999999999832e-01 2.492841999999999975e-02 8.307145999999999475e+00
3.619399000000000140e-03 1.748205999999999927e+00 2.081452000000000080e+00 6.050042000000000364e+00 2.889599999999999946e-01 2.454510000000000025e-02 8.122740999999999545e+00
3.637275000000000143e-03 1.749973000000000001e+00 2.084195999999999938e+00 6.040346999999999689e+00 2.897100000000000231e-01 2.432095000000000090e-02 7.944036999999999793e+00
3.655149999999999805e-03 1.751684000000000019e+00 2.086861999999999995e+00 6.030915000000000248e+00 2.904499999999999860e-01 2.409537000000000137e-02 7.771036999999999750e+00
3.673025999999999808e-03 1.753339999999999899e+00 2.089426000000000005e+00 6.021774999999999878e+00 2.911699999999999844e-01 2.386792999999999901e-02 7.603543000000000163e+00
3.690901999999999811e-03 1.754939999999999944e+00 2.091861000000000193e+00 6.020007999999999804e+00 2.915200000000000014e-01 2.350114000000000022e-02 7.441686999999999941e+00
3.708777999999999814e-03 1.756486999999999910e+00 2.094263999999999903e+00 6.010233000000000381e+00 2.922500000000000098e-01 2.329536999999999927e-02 7.284682000000000102e+00
3.726652999999999910e-03 1.757980000000000098e+00 2.096588000000000118e+00 6.000770000000000159e+00 2.929599999999999982e-01 2.308717000000000061e-02 7.132535999999999987e+00
3.744528999999999913e-03 1.759422000000000041e+00 2.098859000000000030e+00 5.991590000000000416e+00 2.936500000000000221e-01 2.287716999999999876e-02 6.985077999999999676e+00
3.762404999999999916e-03 1.760812999999999962e+00 2.101067000000000018e+00 5.982668999999999571e+00 2.943200000000000260e-01 2.266608999999999985e-02 6.842176000000000258e+00
3.780280999999999919e-03 1.762153000000000080e+00 2.103061999999999987e+00 5.980178000000000438e+00 2.946699999999999875e-01 2.233939000000000064e-02 6.703978000000000215e+00
3.798156000000000015e-03 1.763444000000000011e+00 2.105106000000000144e+00 5.970640999999999643e+00 2.953500000000000014e-01 2.214814999999999839e-02 6.569658999999999693e+00
3.816032000000000018e-03 1.764685999999999977e+00 2.107082000000000122e+00 5.961471000000000409e+00 2.960200000000000053e-01 2.195350000000000079e-02 6.439356000000000080e+00
3.833908000000000021e-03 1.765879999999999894e+00 2.108960999999999864e+00 5.952548000000000172e+00 2.966599999999999793e-01 2.175784000000000051e-02 6.312956999999999930e+00
3.851784000000000024e-03 1.767028000000000043e+00 2.110704999999999831e+00 5.950148000000000437e+00 2.969700000000000117e-01 2.144888000000000003e-02 6.190637999999999863e+00
3.869659000000000119e-03 1.768129000000000062e+00 2.112448000000000103e+00 5.940646000000000093e+00 2.976300000000000057e-01 2.127149999999999874e-02 6.071631000000000000e+00
3.887535000000000122e-03 1.769185000000000008e+00 2.114119000000000081e+00 5.931428000000000367e+00 2.982699999999999796e-01 2.109215000000000048e-02 5.956069000000000280e+00
3.905411000000000125e-03 1.770196000000000103e+00 2.115740999999999872e+00 5.922500000000000320e+00 2.988899999999999890e-01 2.091095000000000106e-02 5.843869999999999898e+00
3.923287000000000128e-03 1.771163999999999961e+00 2.117202999999999946e+00 5.920151999999999859e+00 2.991800000000000015e-01 2.061922000000000060e-02 5.735240000000000116e+00
3.941161999999999790e-03 1.772088000000000108e+00 2.118670999999999971e+00 5.910642000000000174e+00 2.998100000000000209e-01 2.045546000000000170e-02 5.629427999999999876e+00
3.959037999999999793e-03 1.772969999999999935e+00 2.120102999999999849e+00 5.901480000000000281e+00 3.004299999999999748e-01 2.028858000000000050e-02 5.526591999999999949e+00
3.976913999999999796e-03 1.773811000000000027e+00 2.121379000000000126e+00 5.900000999999999607e+00 3.006499999999999728e-01 1.999501999999999877e-02 5.426928000000000196e+00
3.994789999999999799e-03 1.774610999999999938e+00 2.122647999999999868e+00 5.890202000000000382e+00 3.012799999999999923e-01 1.984601999999999894e-02 5.329880000000000173e+00
4.012665000000000329e-03 1.775371000000000032e+00 2.123889999999999834e+00 5.880726000000000120e+00 3.019000000000000017e-01 1.969421000000000019e-02 5.235487000000000002e+00
4.030541000000000332e-03 1.776091000000000086e+00 2.125062999999999924e+00 5.871666000000000274e+00 3.024800000000000266e-01 1.953819000000000042e-02 5.143678999999999668e+00
4.048417000000000335e-03 1.776772000000000018e+00 2.126075000000000159e+00 5.870009999999999728e+00 3.026900000000000146e-01 1.926411000000000096e-02 5.054673000000000194e+00
4.066293000000000338e-03 1.777416000000000107e+00 2.127136000000000138e+00 5.860293000000000418e+00 3.033000000000000140e-01 1.912548999999999846e-02 4.967896999999999785e+00
4.084168000000000000e-03 1.778021999999999991e+00 2.128109999999999946e+00 5.850964000000000276e+00 3.038899999999999935e-01 1.898297999999999999e-02 4.883423999999999765e+00
4.102044000000000003e-03 1.778591000000000033e+00 2.129039999999999822e+00 5.841981999999999786e+00 3.044499999999999984e-01 1.883742999999999876e-02 4.801205999999999641e+00
4.119920000000000006e-03 1.779125000000000068e+00 2.129861000000000004e+00 5.840057999999999971e+00 3.046400000000000219e-01 1.858303999999999859e-02 4.721490000000000187e+00
4.137796000000000009e-03 1.779622999999999955e+00 2.130647999999999875e+00 5.830483000000000082e+00 3.052300000000000013e-01 1.845306999999999850e-02 4.643654999999999866e+00
4.155670999999999671e-03 1.780086000000000057e+00 2.131415000000000060e+00 5.821314000000000100e+00 3.057900000000000063e-01 1.831899000000000027e-02 4.567829999999999835e+00
4.173546999999999674e-03 1.780515000000000070e+00 2.132149000000000072e+00 5.812503999999999671e+00 3.063299999999999912e-01 1.818178999999999976e-02 4.493998999999999633e+00
4.191422999999999677e-03 1.780910999999999911e+00 2.132699000000000122e+00 5.810179999999999900e+00 3.065200000000000147e-01 1.794781999999999975e-02 4.422390000000000043e+00
4.209298999999999680e-03 1.781274000000000024e+00 2.133307999999999982e+00 5.800794999999999924e+00 3.070700000000000096e-01 1.782511000000000165e-02 4.352364999999999817e+00
4.227174000000000209e-03 1.781603999999999965e+00 2.133897000000000155e+00 5.791850000000000165e+00 3.076099999999999945e-01 1.769791999999999893e-02 4.284114999999999895e+00
4.245050000000000212e-03 1.781903000000000015e+00 2.134288000000000185e+00 5.790036999999999878e+00 3.077500000000000235e-01 1.746624999999999914e-02 4.217883999999999745e+00
4.262926000000000215e-03 1.782170999999999950e+00 2.134746999999999950e+00 5.780471000000000359e+00 3.083099999999999730e-01 1.735387999999999861e-02 4.153124000000000038e+00
4.280802000000000218e-03 1.782407999999999992e+00 2.135177000000000103e+00 5.771323999999999899e+00 3.088400000000000034e-01 1.723720000000000113e-02 4.089947999999999695e+00
4.298676999999999880e-03 1.782615000000000061e+00 2.135526000000000035e+00 5.762615000000000265e+00 3.093400000000000039e-01 1.711628000000000108e-02 4.028366000000000113e+00
4.316552999999999883e-03 1.782791999999999932e+00 2.135752000000000095e+00 5.760248999999999953e+00 3.094999999999999973e-01 1.690544000000000074e-02 3.968605000000000160e+00
4.334428999999999886e-03 1.782941000000000109e+00 2.136017999999999972e+00 5.750989999999999824e+00 3.100200000000000178e-01 1.679755000000000137e-02 3.910054999999999836e+00
4.352304999999999889e-03 1.783061000000000007e+00 2.136235000000000106e+00 5.742180000000000284e+00 3.105200000000000182e-01 1.668512999999999941e-02 3.852930000000000188e+00
4.370180000000000418e-03 1.783152999999999988e+00 2.136344999999999938e+00 5.740122000000000391e+00 3.106499999999999817e-01 1.647875000000000034e-02 3.797477000000000213e+00
4.388056000000000421e-03 1.783219000000000110e+00 2.136451000000000100e+00 5.730711999999999584e+00 3.111700000000000021e-01 1.637974000000000027e-02 3.743136999999999937e+00
4.405932000000000424e-03 1.783257000000000092e+00 2.136543000000000081e+00 5.721810999999999758e+00 3.116599999999999926e-01 1.627527000000000140e-02 3.690075999999999912e+00
