#           rhoc              M             Mb              R              C             kl            lam
   2.051303e-04   1.176869e-01   1.186813e-01   1.712590e+01     6.8719e-03   2.881192e-03   1.253448e+08
   2.230060e-04   1.429057e-01   1.443742e-01   1.408121e+01     1.0149e-02   8.666287e-03   5.366540e+07
   2.408818e-04   1.701632e-01   1.722375e-01   1.254504e+01     1.3564e-02   1.759335e-02   2.554406e+07
   2.587575e-04   1.994391e-01   2.022721e-01   1.165458e+01     1.7113e-02   2.866757e-02   1.302358e+07
   2.766333e-04   2.306476e-01   2.344095e-01   1.108465e+01     2.0808e-02   4.100834e-02   7.008829e+06
   2.945090e-04   2.635727e-01   2.684475e-01   1.070413e+01     2.4623e-02   5.368129e-02   3.953551e+06
   3.123848e-04   2.979823e-01   3.041645e-01   1.045150e+01     2.8511e-02   6.571096e-02   2.325339e+06
   3.302605e-04   3.337330e-01   3.414283e-01   1.027054e+01     3.2494e-02   7.706757e-02   1.418248e+06
   3.481363e-04   3.707582e-01   3.801882e-01   1.014231e+01     3.6556e-02   8.736818e-02   8.922612e+05
   3.660120e-04   4.090128e-01   4.204104e-01   1.005052e+01     4.0696e-02   9.652738e-02   5.765241e+05
   3.838878e-04   4.484669e-01   4.620857e-01   9.982972e+00     4.4923e-02   1.046186e-01   3.812104e+05
   4.017635e-04   4.891042e-01   5.052080e-01   9.940469e+00     4.9203e-02   1.112479e-01   2.571748e+05
   4.196393e-04   5.309160e-01   5.497920e-01   9.910281e+00     5.3572e-02   1.168712e-01   1.765701e+05
   4.375150e-04   5.738983e-01   5.958514e-01   9.890155e+00     5.8027e-02   1.214983e-01   1.231174e+05
   4.553908e-04   6.180586e-01   6.434194e-01   9.873011e+00     6.2601e-02   1.254959e-01   8.702382e+04
   4.732665e-04   6.634365e-01   6.925471e-01   9.870350e+00     6.7215e-02   1.280948e-01   6.224524e+04
   4.911423e-04   7.100800e-01   7.433232e-01   9.870366e+00     7.1941e-02   1.300216e-01   4.498359e+04
   5.090180e-04   7.580367e-01   7.958236e-01   9.871091e+00     7.6794e-02   1.314120e-01   3.280336e+04
   5.447695e-04   8.580673e-01   9.063014e-01   9.882793e+00     8.6824e-02   1.320897e-01   1.784718e+04
   5.626453e-04   9.101861e-01   9.643892e-01   9.892361e+00     9.2009e-02   1.315038e-01   1.329524e+04
   5.983968e-04   1.018580e+00   1.086389e+00   9.913736e+00     1.0274e-01   1.289381e-01   7.507613e+03
   6.162725e-04   1.074794e+00   1.150289e+00   9.930025e+00     1.0824e-01   1.267206e-01   5.686988e+03
   6.341483e-04   1.132291e+00   1.216136e+00   9.941009e+00     1.1390e-01   1.244955e-01   4.329371e+03
   6.520240e-04   1.190991e+00   1.283856e+00   9.952036e+00     1.1967e-01   1.219414e-01   3.311898e+03
   6.698998e-04   1.250700e+00   1.353246e+00   9.970053e+00     1.2545e-01   1.186745e-01   2.546760e+03
   6.877756e-04   1.311174e+00   1.424095e+00   9.980513e+00     1.3137e-01   1.156065e-01   1.969493e+03
   7.056513e-04   1.372157e+00   1.496115e+00   9.990803e+00     1.3734e-01   1.123204e-01   1.532324e+03
   7.235271e-04   1.433387e+00   1.569022e+00   1.000108e+01     1.4332e-01   1.088431e-01   1.199851e+03
   7.414028e-04   1.494598e+00   1.642514e+00   1.001078e+01     1.4930e-01   1.052409e-01   9.458256e+02
   7.592786e-04   1.555529e+00   1.716291e+00   1.002050e+01     1.5523e-01   1.015173e-01   7.507648e+02
   7.771543e-04   1.615926e+00   1.790050e+00   1.003002e+01     1.6111e-01   9.771787e-02   6.001851e+02
   7.950301e-04   1.675538e+00   1.863505e+00   1.003113e+01     1.6703e-01   9.426196e-02   4.833062e+02
   8.129058e-04   1.734127e+00   1.936338e+00   1.003347e+01     1.7283e-01   9.070069e-02   3.920758e+02
   8.307816e-04   1.791471e+00   2.008192e+00   1.004015e+01     1.7843e-01   8.693692e-02   3.204534e+02
   8.486573e-04   1.847371e+00   2.078888e+00   1.004032e+01     1.8400e-01   8.347273e-02   2.638881e+02
   8.665331e-04   1.901652e+00   2.148129e+00   1.004012e+01     1.8941e-01   8.005426e-02   2.189438e+02
   8.844088e-04   1.954164e+00   2.215733e+00   1.003248e+01     1.9478e-01   7.697276e-02   1.830137e+02
   9.022846e-04   2.004782e+00   2.281395e+00   1.003067e+01     1.9987e-01   7.372548e-02   1.541133e+02
   9.201603e-04   2.053407e+00   2.345056e+00   1.002221e+01     2.0489e-01   7.079515e-02   1.307236e+02
   9.380361e-04   2.099969e+00   2.406457e+00   1.002000e+01     2.0958e-01   6.773015e-02   1.116776e+02
   9.559118e-04   2.144445e+00   2.465625e+00   1.001011e+01     2.1423e-01   6.501851e-02   9.606534e+01
   9.916633e-04   2.227188e+00   2.577061e+00   9.983001e+00     2.2310e-01   6.008782e-02   7.247975e+01
   1.027415e-03   2.301847e+00   2.679042e+00   9.960222e+00     2.3110e-01   5.539096e-02   5.601581e+01
   1.045291e-03   2.336251e+00   2.726628e+00   9.941802e+00     2.3499e-01   5.337569e-02   4.965694e+01
   1.081042e-03   2.399478e+00   2.814887e+00   9.910629e+00     2.4211e-01   4.945250e-02   3.962958e+01
   1.098918e-03   2.428421e+00   2.855745e+00   9.891587e+00     2.4550e-01   4.770511e-02   3.566018e+01
   1.116794e-03   2.455670e+00   2.894451e+00   9.872419e+00     2.4874e-01   4.604029e-02   3.223403e+01
   1.134669e-03   2.481292e+00   2.931071e+00   9.853250e+00     2.5182e-01   4.445313e-02   2.926301e+01
   1.152545e-03   2.505361e+00   2.965587e+00   9.840006e+00     2.5461e-01   4.281211e-02   2.667477e+01
   1.170421e-03   2.527950e+00   2.998339e+00   9.813299e+00     2.5760e-01   4.153556e-02   2.440967e+01
   1.188297e-03   2.549130e+00   3.029146e+00   9.793091e+00     2.6030e-01   4.018559e-02   2.241909e+01
   1.206172e-03   2.568973e+00   3.058151e+00   9.772685e+00     2.6287e-01   3.890482e-02   2.066256e+01
   1.224048e-03   2.587544e+00   3.085446e+00   9.751845e+00     2.6534e-01   3.769453e-02   1.910654e+01
   1.241924e-03   2.604911e+00   3.111086e+00   9.731231e+00     2.6769e-01   3.653879e-02   1.772303e+01
   1.259800e-03   2.621134e+00   3.135162e+00   9.710667e+00     2.6992e-01   3.543841e-02   1.648854e+01
   1.295551e-03   2.650389e+00   3.179010e+00   9.663101e+00     2.7428e-01   3.350705e-02   1.439061e+01
   1.313427e-03   2.663534e+00   3.198792e+00   9.642048e+00     2.7624e-01   3.256494e-02   1.349629e+01
   1.331303e-03   2.675760e+00   3.217258e+00   9.621035e+00     2.7812e-01   3.166778e-02   1.268820e+01
   1.349178e-03   2.687117e+00   3.234486e+00   9.600366e+00     2.7990e-01   3.080843e-02   1.195597e+01
   1.367054e-03   2.697651e+00   3.250543e+00   9.580012e+00     2.8159e-01   2.998547e-02   1.129070e+01
   1.402806e-03   2.716431e+00   3.279419e+00   9.531089e+00     2.8501e-01   2.857871e-02   1.013142e+01
   1.420681e-03   2.724759e+00   3.292243e+00   9.510372e+00     2.8650e-01   2.787054e-02   9.625016e+00
   1.438557e-03   2.732429e+00   3.304111e+00   9.490017e+00     2.8793e-01   2.719064e-02   9.160492e+00
   1.456433e-03   2.739478e+00   3.315163e+00   9.462052e+00     2.8952e-01   2.664955e-02   8.733454e+00
   1.474309e-03   2.745940e+00   3.325209e+00   9.441091e+00     2.9085e-01   2.603795e-02   8.340097e+00
   1.492184e-03   2.751848e+00   3.334425e+00   9.420394e+00     2.9212e-01   2.545121e-02   7.977021e+00
   1.510060e-03   2.757230e+00   3.342863e+00   9.400057e+00     2.9332e-01   2.488681e-02   7.641260e+00
   1.527936e-03   2.762118e+00   3.350671e+00   9.372427e+00     2.9471e-01   2.444310e-02   7.330177e+00
   1.599439e-03   2.777231e+00   3.374549e+00   9.290088e+00     2.9895e-01   2.252744e-02   6.290136e+00
   1.617315e-03   2.780018e+00   3.379001e+00   9.270001e+00     2.9989e-01   2.209501e-02   6.072454e+00
   1.635190e-03   2.782450e+00   3.383012e+00   9.242261e+00     3.0106e-01   2.177154e-02   5.868835e+00
   1.653066e-03   2.784549e+00   3.386361e+00   9.221661e+00     3.0196e-01   2.138087e-02   5.678137e+00
   1.670942e-03   2.786330e+00   3.389218e+00   9.201346e+00     3.0282e-01   2.100408e-02   5.499290e+00
   1.688818e-03   2.787812e+00   3.391596e+00   9.180993e+00     3.0365e-01   2.064416e-02   5.331350e+00
   1.706693e-03   2.789010e+00   3.393528e+00   9.160733e+00     3.0445e-01   2.029886e-02   5.173459e+00
   1.724569e-03   2.789940e+00   3.395035e+00   9.140547e+00     3.0523e-01   1.996766e-02   5.024843e+00
   1.742445e-03   2.790617e+00   3.396141e+00   9.120406e+00     3.0598e-01   1.965026e-02   4.884800e+00
   1.760321e-03   2.791053e+00   3.396868e+00   9.100377e+00     3.0670e-01   1.934527e-02   4.752693e+00
   1.778196e-03   2.791263e+00   3.397223e+00   9.080276e+00     3.0740e-01   1.905405e-02   4.627941e+00
   1.796072e-03   2.791258e+00   3.397235e+00   9.060364e+00     3.0807e-01   1.877331e-02   4.510016e+00
   1.813948e-03   2.791049e+00   3.396906e+00   9.040410e+00     3.0873e-01   1.850488e-02   4.398435e+00
   1.831824e-03   2.790649e+00   3.396263e+00   9.020540e+00     3.0937e-01   1.824698e-02   4.292757e+00
   1.849699e-03   2.790067e+00   3.395319e+00   9.000667e+00     3.0998e-01   1.799998e-02   4.192581e+00
   1.867575e-03   2.789313e+00   3.394105e+00   8.980915e+00     3.1058e-01   1.776221e-02   4.097535e+00
   1.885451e-03   2.788396e+00   3.392641e+00   8.961227e+00     3.1116e-01   1.753379e-02   4.007281e+00
   1.903327e-03   2.787325e+00   3.390924e+00   8.941620e+00     3.1172e-01   1.731417e-02   3.921506e+00
   1.921202e-03   2.786110e+00   3.388945e+00   8.921967e+00     3.1228e-01   1.710417e-02   3.839926e+00
   1.939078e-03   2.784756e+00   3.386742e+00   8.902740e+00     3.1280e-01   1.689892e-02   3.762271e+00
   1.956954e-03   2.783273e+00   3.384180e+00   8.890111e+00     3.1308e-01   1.664037e-02   3.688321e+00
   1.992705e-03   2.779944e+00   3.378756e+00   8.850961e+00     3.1408e-01   1.627863e-02   3.550573e+00
   2.010581e-03   2.778112e+00   3.375748e+00   8.831672e+00     3.1456e-01   1.610649e-02   3.486387e+00
   2.028457e-03   2.776176e+00   3.372595e+00   8.812710e+00     3.1502e-01   1.593859e-02   3.425084e+00
   2.046333e-03   2.774142e+00   3.369125e+00   8.800166e+00     3.1524e-01   1.572033e-02   3.366519e+00
   2.064208e-03   2.772016e+00   3.365620e+00   8.780868e+00     3.1569e-01   1.556960e-02   3.310510e+00
   2.082084e-03   2.769803e+00   3.362001e+00   8.761761e+00     3.1612e-01   1.542361e-02   3.256924e+00
   2.099960e-03   2.767507e+00   3.358103e+00   8.750014e+00     3.1629e-01   1.521969e-02   3.205639e+00
   2.117836e-03   2.765134e+00   3.354167e+00   8.730537e+00     3.1672e-01   1.508952e-02   3.156518e+00
   2.135711e-03   2.762688e+00   3.350178e+00   8.711586e+00     3.1713e-01   1.496054e-02   3.109448e+00
   2.153587e-03   2.760172e+00   3.345884e+00   8.700028e+00     3.1726e-01   1.477423e-02   3.064331e+00
   2.171463e-03   2.757593e+00   3.341624e+00   8.680648e+00     3.1767e-01   1.466019e-02   3.021055e+00
   2.189339e-03   2.754952e+00   3.337295e+00   8.662018e+00     3.1805e-01   1.454498e-02   2.979526e+00
   2.207214e-03   2.752254e+00   3.332671e+00   8.650169e+00     3.1817e-01   1.437836e-02   2.939671e+00
   2.225090e-03   2.749502e+00   3.328154e+00   8.631226e+00     3.1855e-01   1.427594e-02   2.901389e+00
   2.242966e-03   2.746699e+00   3.323368e+00   8.620009e+00     3.1864e-01   1.411479e-02   2.864614e+00
   2.260842e-03   2.743849e+00   3.318674e+00   8.600862e+00     3.1902e-01   1.402350e-02   2.829266e+00
   2.278717e-03   2.740955e+00   3.313876e+00   8.582690e+00     3.1936e-01   1.392861e-02   2.795273e+00
   2.296593e-03   2.738019e+00   3.308889e+00   8.570668e+00     3.1946e-01   1.378852e-02   2.762596e+00
   2.314469e-03   2.735044e+00   3.303954e+00   8.552525e+00     3.1979e-01   1.370204e-02   2.731139e+00
   2.332345e-03   2.732033e+00   3.298831e+00   8.540609e+00     3.1989e-01   1.357006e-02   2.700880e+00
   2.350220e-03   2.728988e+00   3.293791e+00   8.522610e+00     3.2021e-01   1.349052e-02   2.671730e+00
   2.368096e-03   2.725911e+00   3.288545e+00   8.510839e+00     3.2029e-01   1.336583e-02   2.643675e+00
   2.385972e-03   2.722805e+00   3.283293e+00   8.500008e+00     3.2033e-01   1.323798e-02   2.616642e+00
   2.403848e-03   2.719672e+00   3.278055e+00   8.481192e+00     3.2067e-01   1.317613e-02   2.590591e+00
   2.421723e-03   2.716513e+00   3.272703e+00   8.470129e+00     3.2072e-01   1.305779e-02   2.565486e+00
   2.439599e-03   2.713331e+00   3.267417e+00   8.451817e+00     3.2104e-01   1.299891e-02   2.541278e+00
   2.457475e-03   2.710128e+00   3.261948e+00   8.440540e+00     3.2108e-01   1.288946e-02   2.517943e+00
   2.475351e-03   2.706905e+00   3.256655e+00   8.423011e+00     3.2137e-01   1.283108e-02   2.495421e+00
   2.493226e-03   2.703664e+00   3.251091e+00   8.411281e+00     3.2143e-01   1.273192e-02   2.473716e+00
   2.511102e-03   2.700406e+00   3.245534e+00   8.400259e+00     3.2147e-01   1.263077e-02   2.452767e+00
   2.528978e-03   2.697134e+00   3.240158e+00   8.382682e+00     3.2175e-01   1.258198e-02   2.432539e+00
   2.582605e-03   2.687242e+00   3.223450e+00   8.343007e+00     3.2210e-01   1.235542e-02   2.375996e+00
   2.600481e-03   2.683924e+00   3.217797e+00   8.331648e+00     3.2214e-01   1.227192e-02   2.358442e+00
   2.618357e-03   2.680597e+00   3.212107e+00   8.320764e+00     3.2216e-01   1.218777e-02   2.341484e+00
   2.636232e-03   2.677264e+00   3.206420e+00   8.310175e+00     3.2217e-01   1.210427e-02   2.325104e+00
   2.654108e-03   2.673924e+00   3.200913e+00   8.292684e+00     3.2244e-01   1.207358e-02   2.309272e+00
   2.671984e-03   2.670579e+00   3.195221e+00   8.281564e+00     3.2247e-01   1.199911e-02   2.293994e+00
   2.689860e-03   2.667230e+00   3.189509e+00   8.270783e+00     3.2249e-01   1.192474e-02   2.279230e+00
   2.707735e-03   2.663878e+00   3.183784e+00   8.260259e+00     3.2249e-01   1.185104e-02   2.264965e+00
   2.725611e-03   2.660524e+00   3.178081e+00   8.250037e+00     3.2249e-01   1.177764e-02   2.251181e+00
   2.743487e-03   2.657169e+00   3.172525e+00   8.232259e+00     3.2278e-01   1.176044e-02   2.237856e+00
   2.761363e-03   2.653812e+00   3.166825e+00   8.221615e+00     3.2278e-01   1.169459e-02   2.224991e+00
   2.779238e-03   2.650456e+00   3.161117e+00   8.210984e+00     3.2279e-01   1.163090e-02   2.212559e+00
   2.797114e-03   2.647101e+00   3.155414e+00   8.200651e+00     3.2279e-01   1.156731e-02   2.200545e+00
   2.814990e-03   2.643748e+00   3.149702e+00   8.190301e+00     3.2279e-01   1.150602e-02   2.188936e+00
   2.832866e-03   2.640396e+00   3.143996e+00   8.180087e+00     3.2278e-01   1.144588e-02   2.177719e+00
   2.850741e-03   2.637048e+00   3.138449e+00   8.163161e+00     3.2304e-01   1.143463e-02   2.166869e+00
   2.868617e-03   2.633703e+00   3.132759e+00   8.152486e+00     3.2306e-01   1.138164e-02   2.156403e+00
   2.886493e-03   2.630362e+00   3.127080e+00   8.141984e+00     3.2306e-01   1.132938e-02   2.146291e+00
   2.904369e-03   2.627026e+00   3.121412e+00   8.131619e+00     3.2306e-01   1.127808e-02   2.136522e+00
   2.922244e-03   2.623695e+00   3.115753e+00   8.121288e+00     3.2306e-01   1.122840e-02   2.127085e+00
   2.940120e-03   2.620369e+00   3.110109e+00   8.111093e+00     3.2306e-01   1.117962e-02   2.117972e+00
   2.957996e-03   2.617050e+00   3.104475e+00   8.100921e+00     3.2306e-01   1.113246e-02   2.109171e+00
   2.975872e-03   2.613738e+00   3.098852e+00   8.090769e+00     3.2305e-01   1.108692e-02   2.100674e+00
   2.993747e-03   2.610432e+00   3.093248e+00   8.080765e+00     3.2304e-01   1.104207e-02   2.092472e+00
   3.011623e-03   2.607134e+00   3.087651e+00   8.070688e+00     3.2304e-01   1.099939e-02   2.084555e+00
   3.029499e-03   2.603844e+00   3.082070e+00   8.060659e+00     3.2303e-01   1.095802e-02   2.076916e+00
   3.047375e-03   2.600561e+00   3.076501e+00   8.050616e+00     3.2303e-01   1.091834e-02   2.069547e+00
   3.065251e-03   2.597288e+00   3.070949e+00   8.040641e+00     3.2302e-01   1.087977e-02   2.062439e+00
   3.083126e-03   2.594023e+00   3.065412e+00   8.030678e+00     3.2301e-01   1.084264e-02   2.055586e+00
   3.101002e-03   2.590768e+00   3.059894e+00   8.020774e+00     3.2301e-01   1.080662e-02   2.048979e+00
   3.118878e-03   2.587522e+00   3.054387e+00   8.010806e+00     3.2300e-01   1.077251e-02   2.042613e+00
   3.136754e-03   2.584286e+00   3.048902e+00   8.000934e+00     3.2300e-01   1.073918e-02   2.036480e+00
   3.154629e-03   2.581060e+00   3.043437e+00   7.991123e+00     3.2299e-01   1.070685e-02   2.030574e+00
   3.172505e-03   2.577845e+00   3.037989e+00   7.981300e+00     3.2299e-01   1.067598e-02   2.024889e+00
   3.190381e-03   2.574640e+00   3.032563e+00   7.971526e+00     3.2298e-01   1.064615e-02   2.019419e+00
   3.208257e-03   2.571445e+00   3.027166e+00   7.961925e+00     3.2297e-01   1.061648e-02   2.014157e+00
   3.226132e-03   2.568262e+00   3.021794e+00   7.952362e+00     3.2296e-01   1.058787e-02   2.009098e+00
   3.244008e-03   2.565090e+00   3.016328e+00   7.950000e+00     3.2265e-01   1.051284e-02   2.004247e+00
   3.261884e-03   2.561930e+00   3.010979e+00   7.940059e+00     3.2266e-01   1.048933e-02   1.999583e+00
   3.279760e-03   2.558781e+00   3.005644e+00   7.930171e+00     3.2266e-01   1.046670e-02   1.995106e+00
   3.297635e-03   2.555643e+00   3.000330e+00   7.920404e+00     3.2267e-01   1.044447e-02   1.990814e+00
   3.315511e-03   2.552518e+00   2.995038e+00   7.910693e+00     3.2267e-01   1.042306e-02   1.986700e+00
   3.333387e-03   2.549405e+00   2.989774e+00   7.901055e+00     3.2267e-01   1.040231e-02   1.982760e+00
   3.351263e-03   2.546304e+00   2.984552e+00   7.891700e+00     3.2266e-01   1.038085e-02   1.978989e+00
   3.369138e-03   2.543215e+00   2.979362e+00   7.882368e+00     3.2265e-01   1.036035e-02   1.975383e+00
   3.387014e-03   2.540139e+00   2.974060e+00   7.880026e+00     3.2235e-01   1.029523e-02   1.971949e+00
   3.404890e-03   2.537075e+00   2.968872e+00   7.870227e+00     3.2236e-01   1.028002e-02   1.968667e+00
   3.422766e-03   2.534024e+00   2.963713e+00   7.860639e+00     3.2237e-01   1.026449e-02   1.965538e+00
   3.440641e-03   2.530986e+00   2.958583e+00   7.851095e+00     3.2237e-01   1.024972e-02   1.962560e+00
   3.458517e-03   2.527961e+00   2.953510e+00   7.841937e+00     3.2236e-01   1.023345e-02   1.959727e+00
   3.476393e-03   2.524949e+00   2.948473e+00   7.833129e+00     3.2234e-01   1.021588e-02   1.957034e+00
   3.494269e-03   2.521949e+00   2.943266e+00   7.830188e+00     3.2208e-01   1.016126e-02   1.954500e+00
   3.512144e-03   2.518963e+00   2.938222e+00   7.820674e+00     3.2209e-01   1.015032e-02   1.952091e+00
   3.547896e-03   2.513030e+00   2.928278e+00   7.802387e+00     3.2208e-01   1.012646e-02   1.947669e+00
   3.565772e-03   2.510084e+00   2.923196e+00   7.800081e+00     3.2180e-01   1.007173e-02   1.945662e+00
   3.583647e-03   2.507151e+00   2.918238e+00   7.790488e+00     3.2182e-01   1.006504e-02   1.943773e+00
   3.601523e-03   2.504231e+00   2.913326e+00   7.781125e+00     3.2183e-01   1.005777e-02   1.942006e+00
   3.619399e-03   2.501325e+00   2.908489e+00   7.772347e+00     3.2182e-01   1.004759e-02   1.940356e+00
   3.637275e-03   2.498432e+00   2.903499e+00   7.770110e+00     3.2154e-01   9.996183e-03   1.938835e+00
   3.655150e-03   2.495553e+00   2.898641e+00   7.760642e+00     3.2157e-01   9.992203e-03   1.937422e+00
   3.673026e-03   2.492687e+00   2.893847e+00   7.751560e+00     3.2157e-01   9.986586e-03   1.936120e+00
   3.690902e-03   2.489835e+00   2.889111e+00   7.743065e+00     3.2156e-01   9.978004e-03   1.934923e+00
   3.708778e-03   2.486997e+00   2.884183e+00   7.740319e+00     3.2130e-01   9.933373e-03   1.933854e+00
   3.726653e-03   2.484172e+00   2.879439e+00   7.731077e+00     3.2132e-01   9.931252e-03   1.932877e+00
   3.762405e-03   2.478564e+00   2.869947e+00   7.720169e+00     3.2105e-01   9.880831e-03   1.931239e+00
   3.780281e-03   2.475780e+00   2.865269e+00   7.710917e+00     3.2107e-01   9.881120e-03   1.930568e+00
   3.798156e-03   2.473010e+00   2.860674e+00   7.702145e+00     3.2108e-01   9.879098e-03   1.929992e+00
   3.833908e-03   2.467510e+00   2.851322e+00   7.690904e+00     3.2083e-01   9.837000e-03   1.929140e+00
   3.851784e-03   2.464781e+00   2.846806e+00   7.682273e+00     3.2084e-01   9.836291e-03   1.928845e+00
   3.869659e-03   2.462065e+00   2.842124e+00   7.680163e+00     3.2057e-01   9.794694e-03   1.928652e+00
   3.887535e-03   2.459363e+00   2.837599e+00   7.671026e+00     3.2060e-01   9.798647e-03   1.928541e+00
   3.905411e-03   2.456675e+00   2.833166e+00   7.662641e+00     3.2060e-01   9.798494e-03   1.928510e+00
   3.941162e-03   2.451339e+00   2.824107e+00   7.651378e+00     3.2038e-01   9.765181e-03   1.928725e+00
   3.959038e-03   2.448691e+00   2.819606e+00   7.650020e+00     3.2009e-01   9.722344e-03   1.928956e+00
   3.976914e-03   2.446057e+00   2.815180e+00   7.640706e+00     3.2013e-01   9.730809e-03   1.929265e+00
   3.994790e-03   2.443437e+00   2.810851e+00   7.632023e+00     3.2016e-01   9.735916e-03   1.929649e+00
   4.030541e-03   2.438236e+00   2.802046e+00   7.621138e+00     3.1993e-01   9.706830e-03   1.930663e+00
   4.048417e-03   2.435656e+00   2.797815e+00   7.613287e+00     3.1992e-01   9.708515e-03   1.931271e+00
   4.084168e-03   2.430535e+00   2.789170e+00   7.602269e+00     3.1971e-01   9.684062e-03   1.932736e+00
   4.102044e-03   2.427995e+00   2.784801e+00   7.600331e+00     3.1946e-01   9.650059e-03   1.933579e+00
   4.119920e-03   2.425468e+00   2.780617e+00   7.591596e+00     3.1949e-01   9.659820e-03   1.934483e+00
   4.137796e-03   2.422955e+00   2.776334e+00   7.590095e+00     3.1923e-01   9.624246e-03   1.935463e+00
   4.155671e-03   2.420454e+00   2.772163e+00   7.581026e+00     3.1928e-01   9.637285e-03   1.936506e+00
   4.173547e-03   2.417967e+00   2.767967e+00   7.580010e+00     3.1899e-01   9.599811e-03   1.937618e+00
   4.191423e-03   2.415493e+00   2.763826e+00   7.570829e+00     3.1905e-01   9.614682e-03   1.938794e+00
   4.209299e-03   2.413032e+00   2.759805e+00   7.562809e+00     3.1907e-01   9.622739e-03   1.940026e+00
   4.227174e-03   2.410584e+00   2.755584e+00   7.560595e+00     3.1884e-01   9.594549e-03   1.941341e+00
   4.245050e-03   2.408149e+00   2.751595e+00   7.552286e+00     3.1886e-01   9.605547e-03   1.942701e+00
   4.280802e-03   2.403318e+00   2.743478e+00   7.541899e+00     3.1866e-01   9.589646e-03   1.945622e+00
   4.298677e-03   2.400922e+00   2.739385e+00   7.540332e+00     3.1841e-01   9.559479e-03   1.947175e+00
   4.316553e-03   2.398539e+00   2.735461e+00   7.531742e+00     3.1846e-01   9.574374e-03   1.948779e+00
   4.334429e-03   2.396168e+00   2.731422e+00   7.530264e+00     3.1821e-01   9.544677e-03   1.950449e+00
   4.352305e-03   2.393810e+00   2.727540e+00   7.521703e+00     3.1825e-01   9.560395e-03   1.952167e+00
   4.370180e-03   2.391465e+00   2.723551e+00   7.520251e+00     3.1800e-01   9.531539e-03   1.953949e+00
   4.388056e-03   2.389133e+00   2.719713e+00   7.511735e+00     3.1805e-01   9.547964e-03   1.955778e+00
   4.405932e-03   2.386813e+00   2.715766e+00   7.510236e+00     3.1781e-01   9.520386e-03   1.957670e+00
   4.423808e-03   2.384505e+00   2.711977e+00   7.501807e+00     3.1786e-01   9.537230e-03   1.959607e+00
   4.441683e-03   2.382210e+00   2.708073e+00   7.500293e+00     3.1762e-01   9.510692e-03   1.961605e+00
   4.459559e-03   2.379928e+00   2.704333e+00   7.491897e+00     3.1767e-01   9.528281e-03   1.963646e+00
   4.495311e-03   2.375400e+00   2.696783e+00   7.482182e+00     3.1747e-01   9.519943e-03   1.967888e+00
   4.531062e-03   2.370922e+00   2.689323e+00   7.472602e+00     3.1728e-01   9.512555e-03   1.972328e+00
   4.548938e-03   2.368701e+00   2.685522e+00   7.470790e+00     3.1706e-01   9.490634e-03   1.974631e+00
   4.566814e-03   2.366492e+00   2.681828e+00   7.470002e+00     3.1680e-01   9.462657e-03   1.976973e+00
   4.584689e-03   2.364295e+00   2.678178e+00   7.460985e+00     3.1689e-01   9.487313e-03   1.979360e+00
   4.602565e-03   2.362110e+00   2.674519e+00   7.460076e+00     3.1663e-01   9.460946e-03   1.981796e+00
   4.620441e-03   2.359937e+00   2.670932e+00   7.451407e+00     3.1671e-01   9.484258e-03   1.984273e+00
   4.638317e-03   2.357776e+00   2.667294e+00   7.450224e+00     3.1647e-01   9.460449e-03   1.986801e+00
   4.656192e-03   2.355627e+00   2.663777e+00   7.441857e+00     3.1654e-01   9.482702e-03   1.989366e+00
   4.674068e-03   2.353490e+00   2.660156e+00   7.440496e+00     3.1631e-01   9.460826e-03   1.991984e+00
   4.709820e-03   2.349250e+00   2.653104e+00   7.430818e+00     3.1615e-01   9.462507e-03   1.997338e+00
   4.763447e-03   2.342978e+00   2.642657e+00   7.420257e+00     3.1575e-01   9.442790e-03   2.005685e+00
   4.781323e-03   2.340910e+00   2.639297e+00   7.412218e+00     3.1582e-01   9.465752e-03   2.008541e+00
   4.799198e-03   2.338854e+00   2.635810e+00   7.410726e+00     3.1560e-01   9.447400e-03   2.011450e+00
   4.817074e-03   2.336809e+00   2.632404e+00   7.410026e+00     3.1536e-01   9.424386e-03   2.014394e+00
   4.852826e-03   2.332753e+00   2.625664e+00   7.400259e+00     3.1523e-01   9.432704e-03   2.020394e+00
   4.870701e-03   2.330742e+00   2.622402e+00   7.392285e+00     3.1529e-01   9.457130e-03   2.023443e+00
   4.888577e-03   2.328741e+00   2.619016e+00   7.390846e+00     3.1508e-01   9.440237e-03   2.026544e+00
   4.924329e-03   2.324774e+00   2.612463e+00   7.381669e+00     3.1494e-01   9.447683e-03   2.032839e+00
   4.942204e-03   2.322807e+00   2.609162e+00   7.380454e+00     3.1472e-01   9.430380e-03   2.036046e+00
   4.960080e-03   2.320851e+00   2.606015e+00   7.372939e+00     3.1478e-01   9.453650e-03   2.039273e+00
   4.977956e-03   2.318906e+00   2.602711e+00   7.371193e+00     3.1459e-01   9.440429e-03   2.042556e+00
   4.995832e-03   2.316971e+00   2.599485e+00   7.370243e+00     3.1437e-01   9.422421e-03   2.045866e+00
   5.031583e-03   2.313134e+00   2.593140e+00   7.360893e+00     3.1425e-01   9.435028e-03   2.052583e+00
   5.049459e-03   2.311231e+00   2.589979e+00   7.360135e+00     3.1402e-01   9.416748e-03   2.055993e+00
   5.067335e-03   2.309339e+00   2.586898e+00   7.351959e+00     3.1411e-01   9.446294e-03   2.059429e+00
   5.085210e-03   2.307458e+00   2.583740e+00   7.350738e+00     3.1391e-01   9.431598e-03   2.062908e+00
   5.103086e-03   2.305587e+00   2.580636e+00   7.350065e+00     3.1368e-01   9.413698e-03   2.066415e+00
   5.120962e-03   2.303726e+00   2.577602e+00   7.341806e+00     3.1378e-01   9.444748e-03   2.069948e+00
   5.138838e-03   2.301876e+00   2.574508e+00   7.340694e+00     3.1358e-01   9.430259e-03   2.073521e+00
   5.156713e-03   2.300036e+00   2.571456e+00   7.340050e+00     3.1335e-01   9.413067e-03   2.077122e+00
   5.174589e-03   2.298206e+00   2.568473e+00   7.331759e+00     3.1346e-01   9.445279e-03   2.080748e+00
   5.210341e-03   2.294577e+00   2.562437e+00   7.330045e+00     3.1304e-01   9.415065e-03   2.088104e+00
   5.228216e-03   2.292778e+00   2.559510e+00   7.321847e+00     3.1314e-01   9.447607e-03   2.091819e+00
   5.246092e-03   2.290988e+00   2.556525e+00   7.320745e+00     3.1294e-01   9.434781e-03   2.095573e+00
   5.263968e-03   2.289209e+00   2.553577e+00   7.320088e+00     3.1273e-01   9.419374e-03   2.099351e+00
   5.281844e-03   2.287439e+00   2.550705e+00   7.311982e+00     3.1283e-01   9.452228e-03   2.103152e+00
   5.299719e-03   2.285680e+00   2.547767e+00   7.310827e+00     3.1264e-01   9.440572e-03   2.106991e+00
   5.317595e-03   2.283930e+00   2.544872e+00   7.310163e+00     3.1243e-01   9.426013e-03   2.110854e+00
   5.371222e-03   2.278739e+00   2.536322e+00   7.300337e+00     3.1214e-01   9.434486e-03   2.122604e+00
   5.406974e-03   2.275326e+00   2.530725e+00   7.291473e+00     3.1205e-01   9.456452e-03   2.130567e+00
   5.442725e-03   2.271951e+00   2.525136e+00   7.290055e+00     3.1165e-01   9.431263e-03   2.138640e+00
   5.460601e-03   2.270278e+00   2.522432e+00   7.281984e+00     3.1177e-01   9.466740e-03   2.142707e+00
   5.478477e-03   2.268614e+00   2.519663e+00   7.280807e+00     3.1159e-01   9.457803e-03   2.146809e+00
   5.496353e-03   2.266959e+00   2.516936e+00   7.280243e+00     3.1139e-01   9.445122e-03   2.150933e+00
   5.532104e-03   2.263678e+00   2.511567e+00   7.271459e+00     3.1131e-01   9.470200e-03   2.159248e+00
   5.549980e-03   2.262051e+00   2.508879e+00   7.270650e+00     3.1112e-01   9.459819e-03   2.163446e+00
   5.585731e-03   2.258824e+00   2.503618e+00   7.262296e+00     3.1103e-01   9.483597e-03   2.171899e+00
   5.603607e-03   2.257224e+00   2.500962e+00   7.261161e+00     3.1086e-01   9.476046e-03   2.176170e+00
   5.621483e-03   2.255633e+00   2.498335e+00   7.260371e+00     3.1068e-01   9.466458e-03   2.180460e+00
   5.639359e-03   2.254051e+00   2.495718e+00   7.260015e+00     3.1047e-01   9.454270e-03   2.184771e+00
   5.657234e-03   2.252478e+00   2.493197e+00   7.252039e+00     3.1060e-01   9.492010e-03   2.189098e+00
   5.675110e-03   2.250913e+00   2.490605e+00   7.250943e+00     3.1043e-01   9.485090e-03   2.193457e+00
   5.692986e-03   2.249357e+00   2.488044e+00   7.250352e+00     3.1024e-01   9.475084e-03   2.197835e+00
   5.710862e-03   2.247810e+00   2.485480e+00   7.250009e+00     3.1004e-01   9.463685e-03   2.202234e+00
   5.728737e-03   2.246272e+00   2.483021e+00   7.241873e+00     3.1018e-01   9.503453e-03   2.206648e+00
   5.746613e-03   2.244742e+00   2.480495e+00   7.240934e+00     3.1001e-01   9.496370e-03   2.211093e+00
   5.764489e-03   2.243221e+00   2.477991e+00   7.240346e+00     3.0982e-01   9.487189e-03   2.215556e+00
   5.782365e-03   2.241708e+00   2.475486e+00   7.240027e+00     3.0963e-01   9.476459e-03   2.220038e+00
   5.800240e-03   2.240204e+00   2.473089e+00   7.231981e+00     3.0976e-01   9.516596e-03   2.224535e+00
   5.818116e-03   2.238708e+00   2.470622e+00   7.231071e+00     3.0960e-01   9.510151e-03   2.229062e+00
   5.835992e-03   2.237220e+00   2.468175e+00   7.230425e+00     3.0942e-01   9.502166e-03   2.233606e+00
   5.853868e-03   2.235741e+00   2.465726e+00   7.230021e+00     3.0923e-01   9.492791e-03   2.238169e+00
   5.889619e-03   2.232807e+00   2.460982e+00   7.221331e+00     3.0920e-01   9.526471e-03   2.247350e+00
   5.907495e-03   2.231353e+00   2.458590e+00   7.220591e+00     3.0903e-01   9.519889e-03   2.251972e+00
   5.925371e-03   2.229906e+00   2.456202e+00   7.220161e+00     3.0884e-01   9.511455e-03   2.256612e+00
   5.943246e-03   2.228468e+00   2.453926e+00   7.212855e+00     3.0896e-01   9.548549e-03   2.261258e+00
   5.961122e-03   2.227038e+00   2.451564e+00   7.211639e+00     3.0881e-01   9.545710e-03   2.265942e+00
   5.978998e-03   2.225616e+00   2.449231e+00   7.210934e+00     3.0864e-01   9.539651e-03   2.270640e+00
   5.996874e-03   2.224201e+00   2.446902e+00   7.210349e+00     3.0847e-01   9.532991e-03   2.275354e+00
   6.032625e-03   2.221396e+00   2.442373e+00   7.202227e+00     3.0843e-01   9.566220e-03   2.284825e+00
   6.050501e-03   2.220005e+00   2.440088e+00   7.201344e+00     3.0828e-01   9.562082e-03   2.289595e+00
   6.068377e-03   2.218622e+00   2.437820e+00   7.200697e+00     3.0811e-01   9.556546e-03   2.294380e+00
   6.086253e-03   2.217247e+00   2.435553e+00   7.200227e+00     3.0794e-01   9.550015e-03   2.299181e+00
   6.122004e-03   2.214520e+00   2.431165e+00   7.192076e+00     3.0791e-01   9.585362e-03   2.308824e+00
   6.139880e-03   2.213167e+00   2.428947e+00   7.191228e+00     3.0776e-01   9.581874e-03   2.313679e+00
   6.175631e-03   2.210485e+00   2.424538e+00   7.190217e+00     3.0743e-01   9.570820e-03   2.323430e+00
   6.193507e-03   2.209156e+00   2.422350e+00   7.190014e+00     3.0725e-01   9.563535e-03   2.328328e+00
   6.211383e-03   2.207833e+00   2.420285e+00   7.182117e+00     3.0741e-01   9.607690e-03   2.333235e+00
   6.229259e-03   2.206519e+00   2.418132e+00   7.181298e+00     3.0726e-01   9.604840e-03   2.338169e+00
   6.247134e-03   2.205211e+00   2.415993e+00   7.180788e+00     3.0710e-01   9.600087e-03   2.343115e+00
   6.265010e-03   2.203911e+00   2.413849e+00   7.180279e+00     3.0694e-01   9.595489e-03   2.348077e+00
   6.282886e-03   2.202618e+00   2.411722e+00   7.180049e+00     3.0677e-01   9.589181e-03   2.353052e+00
   6.300762e-03   2.201332e+00   2.409723e+00   7.172343e+00     3.0692e-01   9.633048e-03   2.358033e+00
   6.318637e-03   2.200054e+00   2.407632e+00   7.171523e+00     3.0678e-01   9.631016e-03   2.363043e+00
   6.354389e-03   2.197518e+00   2.403479e+00   7.170504e+00     3.0647e-01   9.623233e-03   2.373100e+00
   6.372265e-03   2.196261e+00   2.401408e+00   7.170141e+00     3.0631e-01   9.618587e-03   2.378148e+00
   6.390140e-03   2.195011e+00   2.399369e+00   7.170003e+00     3.0614e-01   9.612579e-03   2.383210e+00
   6.425892e-03   2.192531e+00   2.395424e+00   7.161331e+00     3.0616e-01   9.657436e-03   2.393372e+00
   6.443768e-03   2.191302e+00   2.393413e+00   7.160807e+00     3.0601e-01   9.654468e-03   2.398477e+00
   6.461643e-03   2.190080e+00   2.391403e+00   7.160377e+00     3.0586e-01   9.651002e-03   2.403594e+00
   6.479519e-03   2.188864e+00   2.389409e+00   7.160108e+00     3.0570e-01   9.646606e-03   2.408724e+00
   6.497395e-03   2.187655e+00   2.387554e+00   7.153023e+00     3.0584e-01   9.688320e-03   2.413852e+00
   6.515271e-03   2.186453e+00   2.385592e+00   7.152064e+00     3.0571e-01   9.688894e-03   2.419015e+00
   6.533146e-03   2.185258e+00   2.383641e+00   7.151338e+00     3.0557e-01   9.688015e-03   2.424188e+00
   6.551022e-03   2.184070e+00   2.381697e+00   7.150838e+00     3.0543e-01   9.685741e-03   2.429370e+00
   6.586774e-03   2.181713e+00   2.377831e+00   7.150141e+00     3.0513e-01   9.679548e-03   2.439771e+00
   6.622525e-03   2.179382e+00   2.374154e+00   7.142290e+00     3.0514e-01   9.722405e-03   2.450210e+00
   6.640401e-03   2.178226e+00   2.372272e+00   7.141584e+00     3.0501e-01   9.722221e-03   2.455456e+00
   6.658277e-03   2.177077e+00   2.370396e+00   7.141072e+00     3.0487e-01   9.720841e-03   2.460711e+00
   6.694028e-03   2.174798e+00   2.366661e+00   7.140270e+00     3.0458e-01   9.716956e-03   2.471255e+00
   6.711904e-03   2.173668e+00   2.364825e+00   7.140085e+00     3.0443e-01   9.713736e-03   2.476543e+00
   6.729780e-03   2.172545e+00   2.363120e+00   7.132991e+00     3.0458e-01   9.757703e-03   2.481826e+00
   6.747655e-03   2.171427e+00   2.361303e+00   7.132162e+00     3.0446e-01   9.759164e-03   2.487143e+00
   6.765531e-03   2.170316e+00   2.359492e+00   7.131471e+00     3.0433e-01   9.759785e-03   2.492468e+00
   6.783407e-03   2.169211e+00   2.357687e+00   7.130957e+00     3.0420e-01   9.759322e-03   2.497801e+00
   6.801283e-03   2.168113e+00   2.355891e+00   7.130668e+00     3.0405e-01   9.757429e-03   2.503144e+00
   6.819158e-03   2.167020e+00   2.354105e+00   7.130282e+00     3.0392e-01   9.756326e-03   2.508497e+00
   6.837034e-03   2.165934e+00   2.352346e+00   7.130094e+00     3.0377e-01   9.753989e-03   2.513860e+00
   6.854910e-03   2.164854e+00   2.350607e+00   7.130001e+00     3.0363e-01   9.751122e-03   2.519233e+00
   6.872786e-03   2.163780e+00   2.348973e+00   7.122342e+00     3.0380e-01   9.800224e-03   2.524606e+00
   6.908537e-03   2.161650e+00   2.345502e+00   7.121162e+00     3.0355e-01   9.801924e-03   2.535409e+00
   6.926413e-03   2.160593e+00   2.343778e+00   7.120810e+00     3.0342e-01   9.801298e-03   2.540822e+00
   6.944289e-03   2.159543e+00   2.342065e+00   7.120472e+00     3.0329e-01   9.800698e-03   2.546244e+00
   6.962164e-03   2.158499e+00   2.340371e+00   7.120203e+00     3.0315e-01   9.799728e-03   2.551676e+00
   6.980040e-03   2.157460e+00   2.338698e+00   7.120053e+00     3.0301e-01   9.798053e-03   2.557116e+00
   6.997916e-03   2.156428e+00   2.337145e+00   7.112870e+00     3.0317e-01   9.844964e-03   2.562551e+00
   7.015792e-03   2.155401e+00   2.335479e+00   7.112170e+00     3.0306e-01   9.847332e-03   2.568016e+00
   7.033667e-03   2.154380e+00   2.333820e+00   7.111631e+00     3.0294e-01   9.848693e-03   2.573487e+00
   7.051543e-03   2.153364e+00   2.332163e+00   7.111106e+00     3.0282e-01   9.850055e-03   2.578965e+00
   7.069419e-03   2.152355e+00   2.330521e+00   7.110881e+00     3.0268e-01   9.849447e-03   2.584451e+00
   7.087295e-03   2.151351e+00   2.328888e+00   7.110545e+00     3.0256e-01   9.849716e-03   2.589945e+00
   7.105170e-03   2.150353e+00   2.327274e+00   7.110287e+00     3.0243e-01   9.849548e-03   2.595447e+00
   7.123046e-03   2.149360e+00   2.325677e+00   7.110108e+00     3.0230e-01   9.848932e-03   2.600957e+00
   7.140922e-03   2.148373e+00   2.324094e+00   7.110014e+00     3.0216e-01   9.847838e-03   2.606475e+00
   7.158798e-03   2.147391e+00   2.322617e+00   7.102607e+00     3.0234e-01   9.897593e-03   2.611989e+00
   7.176673e-03   2.146415e+00   2.321033e+00   7.101981e+00     3.0223e-01   9.900424e-03   2.617527e+00
   7.194549e-03   2.145445e+00   2.319456e+00   7.101545e+00     3.0211e-01   9.902020e-03   2.623072e+00
   7.212425e-03   2.144480e+00   2.317884e+00   7.101121e+00     3.0199e-01   9.903636e-03   2.628623e+00
   7.266052e-03   2.141617e+00   2.313254e+00   7.100291e+00     3.0162e-01   9.905978e-03   2.645318e+00
   7.301804e-03   2.139735e+00   2.310238e+00   7.100027e+00     3.0137e-01   9.906006e-03   2.656483e+00
   7.319679e-03   2.138802e+00   2.308844e+00   7.092816e+00     3.0154e-01   9.955636e-03   2.662061e+00
   7.337555e-03   2.137875e+00   2.307342e+00   7.092244e+00     3.0144e-01   9.958996e-03   2.667666e+00
   7.373307e-03   2.136035e+00   2.304357e+00   7.091374e+00     3.0122e-01   9.964056e-03   2.678891e+00
   7.391182e-03   2.135123e+00   2.302879e+00   7.091070e+00     3.0110e-01   9.965805e-03   2.684512e+00
   7.409058e-03   2.134216e+00   2.301416e+00   7.090855e+00     3.0098e-01   9.967011e-03   2.690139e+00
   7.444810e-03   2.132418e+00   2.298523e+00   7.090324e+00     3.0075e-01   9.970409e-03   2.701411e+00
   7.462685e-03   2.131526e+00   2.297095e+00   7.090172e+00     3.0063e-01   9.971437e-03   2.707056e+00
   7.480561e-03   2.130639e+00   2.295678e+00   7.090065e+00     3.0051e-01   9.972243e-03   2.712706e+00
   7.498437e-03   2.129758e+00   2.294272e+00   7.090012e+00     3.0039e-01   9.972750e-03   2.718363e+00
   7.516313e-03   2.128881e+00   2.292953e+00   7.082440e+00     3.0059e-01   1.002636e-02   2.724014e+00
   7.534188e-03   2.128010e+00   2.291547e+00   7.082167e+00     3.0047e-01   1.002861e-02   2.729684e+00
   7.552064e-03   2.127143e+00   2.290141e+00   7.081664e+00     3.0037e-01   1.003258e-02   2.735360e+00
   7.569940e-03   2.126281e+00   2.288750e+00   7.081418e+00     3.0026e-01   1.003481e-02   2.741041e+00
   7.587816e-03   2.125424e+00   2.287369e+00   7.081150e+00     3.0015e-01   1.003728e-02   2.746726e+00
   7.605691e-03   2.124572e+00   2.285998e+00   7.080877e+00     3.0004e-01   1.003986e-02   2.752417e+00
   7.623567e-03   2.123725e+00   2.284640e+00   7.080660e+00     2.9993e-01   1.004213e-02   2.758112e+00
   7.641443e-03   2.122883e+00   2.283290e+00   7.080418e+00     2.9982e-01   1.004465e-02   2.763812e+00
   7.659319e-03   2.122045e+00   2.281949e+00   7.080210e+00     2.9971e-01   1.004702e-02   2.769516e+00
   7.677194e-03   2.121212e+00   2.280622e+00   7.080160e+00     2.9960e-01   1.004835e-02   2.775226e+00
   7.695070e-03   2.120384e+00   2.279301e+00   7.080050e+00     2.9949e-01   1.005018e-02   2.780940e+00
   7.712946e-03   2.119560e+00   2.277988e+00   7.080003e+00     2.9937e-01   1.005163e-02   2.786658e+00
   7.748697e-03   2.117927e+00   2.275449e+00   7.072282e+00     2.9947e-01   1.010908e-02   2.798099e+00
   7.766573e-03   2.117118e+00   2.274143e+00   7.071901e+00     2.9937e-01   1.011318e-02   2.803834e+00
   7.784449e-03   2.116313e+00   2.272846e+00   7.071575e+00     2.9927e-01   1.011695e-02   2.809572e+00
   7.802325e-03   2.115512e+00   2.271561e+00   7.071316e+00     2.9917e-01   1.012033e-02   2.815314e+00
   7.838076e-03   2.113925e+00   2.269018e+00   7.070810e+00     2.9897e-01   1.012721e-02   2.826808e+00
   7.855952e-03   2.113138e+00   2.267765e+00   7.070702e+00     2.9886e-01   1.012972e-02   2.832560e+00
   7.873828e-03   2.112356e+00   2.266515e+00   7.070516e+00     2.9876e-01   1.013286e-02   2.838317e+00
   7.891703e-03   2.111578e+00   2.265272e+00   7.070278e+00     2.9866e-01   1.013645e-02   2.844076e+00
   7.909579e-03   2.110805e+00   2.264042e+00   7.070205e+00     2.9855e-01   1.013893e-02   2.849839e+00
   7.927455e-03   2.110036e+00   2.262818e+00   7.070114e+00     2.9844e-01   1.014160e-02   2.855606e+00
   7.945331e-03   2.109271e+00   2.261601e+00   7.070047e+00     2.9834e-01   1.014417e-02   2.861376e+00
   7.963206e-03   2.108511e+00   2.260389e+00   7.070007e+00     2.9823e-01   1.014662e-02   2.867149e+00
   7.981082e-03   2.107755e+00   2.259264e+00   7.062858e+00     2.9843e-01   1.020026e-02   2.872909e+00
   7.998958e-03   2.107003e+00   2.258053e+00   7.062336e+00     2.9834e-01   1.020636e-02   2.878694e+00
   8.016834e-03   2.106256e+00   2.256856e+00   7.062150e+00     2.9825e-01   1.021008e-02   2.884478e+00
   8.034709e-03   2.105513e+00   2.255664e+00   7.061806e+00     2.9816e-01   1.021503e-02   2.890265e+00
   8.052585e-03   2.104774e+00   2.254485e+00   7.061642e+00     2.9806e-01   1.021873e-02   2.896054e+00
   8.070461e-03   2.104040e+00   2.253310e+00   7.061359e+00     2.9797e-01   1.022336e-02   2.901847e+00
   8.088337e-03   2.103309e+00   2.252146e+00   7.061170e+00     2.9787e-01   1.022738e-02   2.907641e+00
   8.106212e-03   2.102583e+00   2.250990e+00   7.061026e+00     2.9777e-01   1.023113e-02   2.913438e+00
   8.141964e-03   2.101143e+00   2.248698e+00   7.060697e+00     2.9758e-01   1.023913e-02   2.925038e+00
   8.159840e-03   2.100429e+00   2.247562e+00   7.060538e+00     2.9749e-01   1.024318e-02   2.930841e+00
   8.177715e-03   2.099719e+00   2.246434e+00   7.060393e+00     2.9739e-01   1.024719e-02   2.936647e+00
   8.213467e-03   2.098312e+00   2.244198e+00   7.060189e+00     2.9720e-01   1.025479e-02   2.948264e+00
   8.231343e-03   2.097615e+00   2.243088e+00   7.060110e+00     2.9711e-01   1.025850e-02   2.954075e+00
   8.249218e-03   2.096921e+00   2.241985e+00   7.060045e+00     2.9701e-01   1.026218e-02   2.959888e+00
   8.267094e-03   2.096232e+00   2.240888e+00   7.060026e+00     2.9692e-01   1.026558e-02   2.965703e+00
   8.284970e-03   2.095546e+00   2.239797e+00   7.060006e+00     2.9682e-01   1.026905e-02   2.971520e+00
   8.302846e-03   2.094864e+00   2.238790e+00   7.052802e+00     2.9703e-01   1.032495e-02   2.977323e+00
   8.320721e-03   2.094187e+00   2.237710e+00   7.052569e+00     2.9694e-01   1.033013e-02   2.983145e+00
   8.338597e-03   2.093513e+00   2.236635e+00   7.052277e+00     2.9686e-01   1.033579e-02   2.988969e+00
   8.356473e-03   2.092843e+00   2.235568e+00   7.052057e+00     2.9677e-01   1.034099e-02   2.994793e+00
   8.374349e-03   2.092177e+00   2.234508e+00   7.051831e+00     2.9669e-01   1.034629e-02   3.000618e+00
   8.392224e-03   2.091515e+00   2.233457e+00   7.051679e+00     2.9660e-01   1.035110e-02   3.006444e+00
   8.410100e-03   2.090856e+00   2.232410e+00   7.051465e+00     2.9651e-01   1.035641e-02   3.012272e+00
   8.427976e-03   2.090202e+00   2.231371e+00   7.051300e+00     2.9643e-01   1.036143e-02   3.018100e+00
   8.445852e-03   2.089551e+00   2.230337e+00   7.051135e+00     2.9634e-01   1.036651e-02   3.023928e+00
   8.463727e-03   2.088904e+00   2.229315e+00   7.051084e+00     2.9625e-01   1.037079e-02   3.029758e+00
   8.481603e-03   2.088260e+00   2.228291e+00   7.050837e+00     2.9617e-01   1.037658e-02   3.035588e+00
   8.517355e-03   2.086985e+00   2.226274e+00   7.050718e+00     2.9600e-01   1.038555e-02   3.047250e+00
   8.553106e-03   2.085724e+00   2.224274e+00   7.050440e+00     2.9583e-01   1.039590e-02   3.058914e+00
   8.588858e-03   2.084478e+00   2.222299e+00   7.050283e+00     2.9566e-01   1.040556e-02   3.070579e+00
   8.606733e-03   2.083861e+00   2.221321e+00   7.050269e+00     2.9557e-01   1.041000e-02   3.076413e+00
   8.642485e-03   2.082636e+00   2.219380e+00   7.050176e+00     2.9540e-01   1.041950e-02   3.088079e+00
   8.660361e-03   2.082029e+00   2.218415e+00   7.050088e+00     2.9532e-01   1.042463e-02   3.093912e+00
   8.678236e-03   2.081426e+00   2.217458e+00   7.050063e+00     2.9524e-01   1.042935e-02   3.099745e+00
   8.696112e-03   2.080826e+00   2.216508e+00   7.050053e+00     2.9515e-01   1.043400e-02   3.105578e+00
   8.713988e-03   2.080230e+00   2.215563e+00   7.050017e+00     2.9507e-01   1.043889e-02   3.111411e+00
   8.731864e-03   2.079637e+00   2.214625e+00   7.050007e+00     2.9498e-01   1.044364e-02   3.117244e+00
   8.749739e-03   2.079047e+00   2.213694e+00   7.050001e+00     2.9490e-01   1.044840e-02   3.123076e+00
   8.767615e-03   2.078461e+00   2.212852e+00   7.042738e+00     2.9512e-01   1.050713e-02   3.128892e+00
   8.785491e-03   2.077879e+00   2.211931e+00   7.042567e+00     2.9505e-01   1.051325e-02   3.134725e+00
   8.803367e-03   2.077300e+00   2.211017e+00   7.042493e+00     2.9497e-01   1.051869e-02   3.140557e+00
   8.839118e-03   2.076152e+00   2.209202e+00   7.042186e+00     2.9482e-01   1.053091e-02   3.152219e+00
   8.856994e-03   2.075583e+00   2.208302e+00   7.042024e+00     2.9474e-01   1.053714e-02   3.158049e+00
   8.910621e-03   2.073896e+00   2.205639e+00   7.041677e+00     2.9452e-01   1.055509e-02   3.175531e+00
   8.928497e-03   2.073340e+00   2.204760e+00   7.041533e+00     2.9444e-01   1.056137e-02   3.181357e+00
   8.964248e-03   2.072238e+00   2.203023e+00   7.041347e+00     2.9430e-01   1.057330e-02   3.193004e+00
   8.982124e-03   2.071693e+00   2.202162e+00   7.041277e+00     2.9422e-01   1.057916e-02   3.198825e+00
