           rhoc              M             Mb              R              C             kl            lam
   9.787575e-05   8.085977e-02   8.088481e-02   1.976007e+01     4.0921e-03   1.946000e-02   1.130660e+10
   1.336273e-04   8.453629e-02   8.457929e-02   1.606193e+01     5.2631e-03   2.056206e-02   3.394284e+09
   1.515030e-04   9.454835e-02   9.465317e-02   1.372087e+01     6.8908e-03   2.550947e-02   1.094581e+09
   1.693788e-04   1.110669e-01   1.113065e-01   1.209049e+01     9.1863e-03   3.486406e-02   3.552897e+08
   1.872545e-04   1.330171e-01   1.334936e-01   1.107001e+01     1.2016e-02   4.812430e-02   1.280783e+08
   2.051303e-04   1.595626e-01   1.604094e-01   1.044029e+01     1.5283e-02   6.420570e-02   5.133225e+07
   2.230060e-04   1.901631e-01   1.915471e-01   1.006081e+01     1.8901e-02   8.128531e-02   2.246231e+07
   2.408818e-04   2.244529e-01   2.265755e-01   9.840034e+00     2.2810e-02   9.782778e-02   1.056154e+07
   2.587575e-04   2.621524e-01   2.652514e-01   9.702773e+00     2.7018e-02   1.138804e-01   5.273120e+06
   2.766333e-04   3.030211e-01   3.073688e-01   9.640908e+00     3.1431e-02   1.275039e-01   2.771134e+06
   3.123848e-04   3.933683e-01   4.011745e-01   9.622489e+00     4.0880e-02   1.489719e-01   8.698677e+05
   3.302605e-04   4.424017e-01   4.524812e-01   9.650293e+00     4.5843e-02   1.562821e-01   5.145605e+05
   3.481363e-04   4.937073e-01   5.064676e-01   9.682881e+00     5.0988e-02   1.623130e-01   3.140055e+05
   3.660120e-04   5.470553e-01   5.629250e-01   9.730786e+00     5.6219e-02   1.660121e-01   1.970751e+05
   3.838878e-04   6.022136e-01   6.216494e-01   9.780547e+00     6.1573e-02   1.684289e-01   1.268785e+05
   4.017635e-04   6.589497e-01   6.824271e-01   9.831203e+00     6.7026e-02   1.696491e-01   8.360499e+04
   4.196393e-04   7.170322e-01   7.450425e-01   9.882301e+00     7.2557e-02   1.697508e-01   5.627529e+04
   4.375150e-04   7.762323e-01   8.092753e-01   9.940074e+00     7.8091e-02   1.682699e-01   3.862820e+04
   4.553908e-04   8.363263e-01   8.749118e-01   9.990144e+00     8.3715e-02   1.665136e-01   2.699842e+04
   4.732665e-04   8.970964e-01   9.417380e-01   1.004003e+01     8.9352e-02   1.639277e-01   1.918849e+04
   4.911423e-04   9.583325e-01   1.009547e+00   1.008156e+01     9.5058e-02   1.612607e-01   1.385147e+04
   5.090180e-04   1.019833e+00   1.078117e+00   1.013003e+01     1.0067e-01   1.573712e-01   1.014476e+04
   5.268938e-04   1.081408e+00   1.147264e+00   1.017007e+01     1.0633e-01   1.535607e-01   7.531165e+03
   5.447695e-04   1.142875e+00   1.216789e+00   1.020191e+01     1.1203e-01   1.498501e-01   5.662144e+03
   5.626453e-04   1.204065e+00   1.286494e+00   1.024019e+01     1.1758e-01   1.452312e-01   4.307833e+03
   5.805210e-04   1.264821e+00   1.356220e+00   1.027025e+01     1.2315e-01   1.408367e-01   3.314242e+03
   5.983968e-04   1.324998e+00   1.425784e+00   1.030001e+01     1.2864e-01   1.361610e-01   2.576762e+03
   6.162725e-04   1.384461e+00   1.495039e+00   1.032058e+01     1.3415e-01   1.318387e-01   2.023340e+03
   6.341483e-04   1.443090e+00   1.563831e+00   1.034088e+01     1.3955e-01   1.273209e-01   1.603726e+03
   6.520240e-04   1.500775e+00   1.632013e+00   1.036030e+01     1.4486e-01   1.227001e-01   1.282444e+03
   6.698998e-04   1.557418e+00   1.699479e+00   1.037177e+01     1.5016e-01   1.184247e-01   1.034163e+03
   6.877756e-04   1.612933e+00   1.766086e+00   1.038254e+01     1.5535e-01   1.140906e-01   8.406124e+02
   7.056513e-04   1.667245e+00   1.831740e+00   1.039212e+01     1.6043e-01   1.097619e-01   6.884686e+02
   7.235271e-04   1.720288e+00   1.896326e+00   1.040071e+01     1.6540e-01   1.054568e-01   5.679263e+02
   7.414028e-04   1.772008e+00   1.959779e+00   1.040199e+01     1.7035e-01   1.015087e-01   4.717000e+02
   7.592786e-04   1.822358e+00   2.021995e+00   1.041000e+01     1.7506e-01   9.724675e-02   3.943379e+02
   7.771543e-04   1.871303e+00   2.082945e+00   1.040211e+01     1.7990e-01   9.374936e-02   3.317134e+02
   7.950301e-04   1.918812e+00   2.142521e+00   1.040081e+01     1.8449e-01   8.998044e-02   2.806925e+02
   8.129058e-04   1.964866e+00   2.200692e+00   1.040000e+01     1.8893e-01   8.624662e-02   2.388656e+02
   8.307816e-04   2.009448e+00   2.257415e+00   1.039019e+01     1.9340e-01   8.294288e-02   2.043721e+02
   8.486573e-04   2.052552e+00   2.312649e+00   1.038032e+01     1.9774e-01   7.969719e-02   1.757653e+02
   8.665331e-04   2.094176e+00   2.366364e+00   1.037013e+01     2.0194e-01   7.652954e-02   1.519121e+02
   8.844088e-04   2.134322e+00   2.418559e+00   1.035247e+01     2.0617e-01   7.370149e-02   1.319183e+02
   9.022846e-04   2.172999e+00   2.469159e+00   1.034073e+01     2.1014e-01   7.073362e-02   1.150779e+02
   9.201603e-04   2.210219e+00   2.518221e+00   1.032247e+01     2.1412e-01   6.806338e-02   1.008241e+02
   9.380361e-04   2.245998e+00   2.565657e+00   1.031017e+01     2.1784e-01   6.527738e-02   8.870608e+01
   9.559118e-04   2.280354e+00   2.611543e+00   1.029047e+01     2.2160e-01   6.280680e-02   7.835718e+01
   9.737876e-04   2.313311e+00   2.655850e+00   1.027061e+01     2.2524e-01   6.041657e-02   6.948244e+01
   9.916633e-04   2.344892e+00   2.698580e+00   1.025046e+01     2.2876e-01   5.811188e-02   6.184104e+01
   1.009539e-03   2.375125e+00   2.739751e+00   1.023018e+01     2.3217e-01   5.588948e-02   5.523595e+01
   1.027415e-03   2.404039e+00   2.779376e+00   1.021000e+01     2.3546e-01   5.374280e-02   4.950519e+01
   1.045291e-03   2.431662e+00   2.817485e+00   1.018117e+01     2.3884e-01   5.189476e-02   4.451487e+01
   1.063166e-03   2.458027e+00   2.854048e+00   1.016017e+01     2.4193e-01   4.991816e-02   4.015489e+01
   1.081042e-03   2.483166e+00   2.889163e+00   1.013150e+01     2.4509e-01   4.819936e-02   3.633210e+01
   1.098918e-03   2.507111e+00   2.922777e+00   1.011011e+01     2.4798e-01   4.637715e-02   3.297041e+01
   1.116794e-03   2.529897e+00   2.954976e+00   1.008093e+01     2.5096e-01   4.480067e-02   3.000421e+01
   1.134669e-03   2.551558e+00   2.985756e+00   1.005220e+01     2.5383e-01   4.327505e-02   2.737945e+01
   1.152545e-03   2.572126e+00   3.015112e+00   1.003012e+01     2.5644e-01   4.167168e-02   2.505062e+01
   1.170421e-03   2.591637e+00   3.043140e+00   1.000053e+01     2.5915e-01   4.028632e-02   2.297785e+01
   1.188297e-03   2.610125e+00   3.069854e+00   9.971105e+00     2.6177e-01   3.895344e-02   2.112831e+01
   1.206172e-03   2.627622e+00   3.095286e+00   9.941756e+00     2.6430e-01   3.767375e-02   1.947371e+01
   1.224048e-03   2.644163e+00   3.119424e+00   9.912282e+00     2.6676e-01   3.644938e-02   1.798980e+01
   1.241924e-03   2.659780e+00   3.142300e+00   9.890005e+00     2.6894e-01   3.514871e-02   1.665605e+01
   1.259800e-03   2.674506e+00   3.164023e+00   9.860049e+00     2.7125e-01   3.403715e-02   1.545394e+01
   1.277675e-03   2.688373e+00   3.184566e+00   9.830114e+00     2.7348e-01   3.297234e-02   1.436824e+01
   1.295551e-03   2.701412e+00   3.203988e+00   9.800166e+00     2.7565e-01   3.195319e-02   1.338555e+01
   1.313427e-03   2.713654e+00   3.222303e+00   9.770203e+00     2.7775e-01   3.097804e-02   1.249420e+01
   1.331303e-03   2.725128e+00   3.239546e+00   9.740236e+00     2.7978e-01   3.004500e-02   1.168405e+01
   1.349178e-03   2.735865e+00   3.255776e+00   9.710302e+00     2.8175e-01   2.915187e-02   1.094626e+01
   1.367054e-03   2.745892e+00   3.270965e+00   9.680318e+00     2.8366e-01   2.829829e-02   1.027307e+01
   1.384930e-03   2.755237e+00   3.285202e+00   9.650311e+00     2.8551e-01   2.748225e-02   9.657684e+00
   1.402806e-03   2.763927e+00   3.298509e+00   9.620359e+00     2.8730e-01   2.670108e-02   9.094134e+00
   1.420681e-03   2.771988e+00   3.310875e+00   9.590356e+00     2.8904e-01   2.595479e-02   8.577152e+00
   1.438557e-03   2.779446e+00   3.322378e+00   9.560390e+00     2.9073e-01   2.524071e-02   8.102095e+00
   1.456433e-03   2.786325e+00   3.333049e+00   9.530442e+00     2.9236e-01   2.455774e-02   7.664849e+00
   1.474309e-03   2.792649e+00   3.342863e+00   9.500484e+00     2.9395e-01   2.390488e-02   7.261767e+00
   1.492184e-03   2.798440e+00   3.351898e+00   9.470610e+00     2.9549e-01   2.327967e-02   6.889614e+00
   1.510060e-03   2.803723e+00   3.360184e+00   9.440726e+00     2.9698e-01   2.268206e-02   6.545502e+00
   1.527936e-03   2.808516e+00   3.367723e+00   9.410900e+00     2.9843e-01   2.211004e-02   6.226862e+00
   1.545812e-03   2.812842e+00   3.374540e+00   9.381143e+00     2.9984e-01   2.156237e-02   5.931396e+00
   1.563687e-03   2.816721e+00   3.380688e+00   9.351403e+00     3.0121e-01   2.103857e-02   5.657045e+00
   1.581563e-03   2.820171e+00   3.386196e+00   9.321849e+00     3.0253e-01   2.053577e-02   5.401976e+00
   1.599439e-03   2.823212e+00   3.391032e+00   9.292368e+00     3.0382e-01   2.005430e-02   5.164529e+00
   1.617315e-03   2.825861e+00   3.395211e+00   9.270020e+00     3.0484e-01   1.951938e-02   4.943381e+00
   1.635190e-03   2.828136e+00   3.398863e+00   9.240141e+00     3.0607e-01   1.908493e-02   4.736867e+00
   1.653066e-03   2.830052e+00   3.401940e+00   9.210402e+00     3.0727e-01   1.866812e-02   4.543916e+00
   1.670942e-03   2.831627e+00   3.404504e+00   9.180909e+00     3.0843e-01   1.826717e-02   4.363432e+00
   1.688818e-03   2.832875e+00   3.406547e+00   9.151654e+00     3.0955e-01   1.788147e-02   4.194430e+00
   1.706693e-03   2.833811e+00   3.408006e+00   9.130001e+00     3.1038e-01   1.744061e-02   4.036174e+00
   1.724569e-03   2.834450e+00   3.409068e+00   9.100178e+00     3.1147e-01   1.709482e-02   3.887574e+00
   1.742445e-03   2.834805e+00   3.409645e+00   9.070752e+00     3.1252e-01   1.676053e-02   3.747977e+00
   1.760321e-03   2.834889e+00   3.409817e+00   9.041738e+00     3.1353e-01   1.643714e-02   3.616715e+00
   1.778196e-03   2.834715e+00   3.409475e+00   9.020047e+00     3.1427e-01   1.606344e-02   3.493368e+00
   1.796072e-03   2.834295e+00   3.408813e+00   8.990585e+00     3.1525e-01   1.577302e-02   3.377056e+00
   1.813948e-03   2.833640e+00   3.407765e+00   8.961780e+00     3.1619e-01   1.548966e-02   3.267373e+00
   1.831824e-03   2.832762e+00   3.406274e+00   8.940101e+00     3.1686e-01   1.515911e-02   3.164056e+00
   1.849699e-03   2.831671e+00   3.404485e+00   8.910954e+00     3.1777e-01   1.490409e-02   3.066347e+00
   1.867575e-03   2.830378e+00   3.402332e+00   8.890003e+00     3.1838e-01   1.459361e-02   2.974123e+00
   1.885451e-03   2.828892e+00   3.399860e+00   8.860599e+00     3.1927e-01   1.436401e-02   2.886808e+00
   1.903327e-03   2.827223e+00   3.397149e+00   8.832393e+00     3.2010e-01   1.413502e-02   2.804121e+00
   1.921202e-03   2.825380e+00   3.394011e+00   8.810539e+00     3.2068e-01   1.386704e-02   2.725965e+00
   1.939078e-03   2.823372e+00   3.390717e+00   8.782468e+00     3.2148e-01   1.365766e-02   2.651718e+00
   1.956954e-03   2.821206e+00   3.387057e+00   8.760692e+00     3.2203e-01   1.341028e-02   2.581455e+00
   1.974830e-03   2.818892e+00   3.383131e+00   8.740018e+00     3.2253e-01   1.316479e-02   2.514735e+00
   1.992705e-03   2.816436e+00   3.379049e+00   8.711223e+00     3.2331e-01   1.298928e-02   2.451264e+00
   2.010581e-03   2.813846e+00   3.374674e+00   8.690232e+00     3.2379e-01   1.276521e-02   2.391069e+00
   2.028457e-03   2.811129e+00   3.370134e+00   8.662302e+00     3.2452e-01   1.259997e-02   2.333678e+00
   2.046333e-03   2.808292e+00   3.365308e+00   8.640962e+00     3.2500e-01   1.239591e-02   2.279222e+00
   2.064208e-03   2.805340e+00   3.360297e+00   8.620223e+00     3.2544e-01   1.219606e-02   2.227373e+00
   2.082084e-03   2.802282e+00   3.355121e+00   8.600000e+00     3.2585e-01   1.200071e-02   2.177956e+00
   2.099960e-03   2.799121e+00   3.349809e+00   8.571430e+00     3.2656e-01   1.187054e-02   2.130775e+00
   2.117836e-03   2.795864e+00   3.344249e+00   8.550664e+00     3.2698e-01   1.169412e-02   2.085906e+00
   2.135711e-03   2.792517e+00   3.338537e+00   8.530216e+00     3.2737e-01   1.152280e-02   2.043091e+00
   2.153587e-03   2.789084e+00   3.332683e+00   8.510021e+00     3.2774e-01   1.135681e-02   2.002212e+00
   2.171463e-03   2.785571e+00   3.326770e+00   8.482246e+00     3.2840e-01   1.124720e-02   1.963070e+00
   2.189339e-03   2.781983e+00   3.320632e+00   8.461646e+00     3.2878e-01   1.109687e-02   1.925801e+00
   2.207214e-03   2.778323e+00   3.314365e+00   8.441121e+00     3.2914e-01   1.095237e-02   1.890182e+00
   2.225090e-03   2.774597e+00   3.307982e+00   8.420819e+00     3.2949e-01   1.081254e-02   1.856131e+00
   2.242966e-03   2.770808e+00   3.301485e+00   8.400588e+00     3.2984e-01   1.067813e-02   1.823561e+00
   2.260842e-03   2.766961e+00   3.294886e+00   8.380478e+00     3.3017e-01   1.054864e-02   1.792397e+00
   2.278717e-03   2.763059e+00   3.288187e+00   8.360423e+00     3.3049e-01   1.042430e-02   1.762568e+00
   2.296593e-03   2.759107e+00   3.281395e+00   8.340412e+00     3.3081e-01   1.030498e-02   1.734007e+00
   2.314469e-03   2.755107e+00   3.274519e+00   8.320459e+00     3.3112e-01   1.019042e-02   1.706653e+00
   2.332345e-03   2.751063e+00   3.267563e+00   8.300551e+00     3.3143e-01   1.008053e-02   1.680446e+00
   2.350220e-03   2.746978e+00   3.260535e+00   8.280709e+00     3.3173e-01   9.975023e-03   1.655329e+00
   2.368096e-03   2.742856e+00   3.253442e+00   8.260942e+00     3.3203e-01   9.873669e-03   1.631249e+00
   2.385972e-03   2.738699e+00   3.246292e+00   8.241337e+00     3.3231e-01   9.775833e-03   1.608160e+00
   2.403848e-03   2.734510e+00   3.239088e+00   8.221782e+00     3.3259e-01   9.682014e-03   1.586011e+00
   2.421723e-03   2.730293e+00   3.231813e+00   8.202529e+00     3.3286e-01   9.590715e-03   1.564778e+00
   2.439599e-03   2.726048e+00   3.224381e+00   8.190047e+00     3.3285e-01   9.464955e-03   1.544513e+00
   2.457475e-03   2.721780e+00   3.217014e+00   8.170297e+00     3.3313e-01   9.384839e-03   1.524964e+00
   2.475351e-03   2.717490e+00   3.209624e+00   8.150776e+00     3.3340e-01   9.307113e-03   1.506187e+00
   2.493226e-03   2.713181e+00   3.202176e+00   8.131592e+00     3.3366e-01   9.231116e-03   1.488152e+00
   2.511102e-03   2.708854e+00   3.194611e+00   8.120005e+00     3.3360e-01   9.116674e-03   1.470952e+00
   2.528978e-03   2.704513e+00   3.187109e+00   8.100236e+00     3.3388e-01   9.051438e-03   1.454353e+00
   2.546854e-03   2.700158e+00   3.179578e+00   8.080937e+00     3.3414e-01   8.986771e-03   1.438386e+00
   2.564729e-03   2.695792e+00   3.172021e+00   8.062156e+00     3.3438e-01   8.922459e-03   1.423042e+00
   2.582605e-03   2.691416e+00   3.164383e+00   8.050170e+00     3.3433e-01   8.824888e-03   1.408441e+00
   2.600481e-03   2.687033e+00   3.156782e+00   8.030944e+00     3.3458e-01   8.769540e-03   1.394291e+00
   2.618357e-03   2.682644e+00   3.149187e+00   8.012444e+00     3.3481e-01   8.713187e-03   1.380687e+00
   2.636232e-03   2.678251e+00   3.141505e+00   8.000360e+00     3.3477e-01   8.625984e-03   1.367757e+00
   2.654108e-03   2.673854e+00   3.133883e+00   7.981587e+00     3.3500e-01   8.577012e-03   1.355196e+00
   2.671984e-03   2.669457e+00   3.126207e+00   7.970115e+00     3.3493e-01   8.492648e-03   1.343261e+00
   2.689860e-03   2.665059e+00   3.118565e+00   7.951137e+00     3.3518e-01   8.450418e-03   1.331678e+00
   2.707735e-03   2.660662e+00   3.110899e+00   7.940039e+00     3.3509e-01   8.369846e-03   1.320659e+00
   2.725611e-03   2.656268e+00   3.103256e+00   7.920987e+00     3.3535e-01   8.333326e-03   1.309978e+00
   2.743487e-03   2.651878e+00   3.095596e+00   7.910024e+00     3.3526e-01   8.257549e-03   1.299815e+00
   2.761363e-03   2.647492e+00   3.087971e+00   7.891060e+00     3.3551e-01   8.225546e-03   1.289962e+00
   2.779238e-03   2.643112e+00   3.080319e+00   7.880084e+00     3.3542e-01   8.155107e-03   1.280603e+00
   2.797114e-03   2.638740e+00   3.072732e+00   7.861380e+00     3.3566e-01   8.126411e-03   1.271507e+00
   2.814990e-03   2.634375e+00   3.065088e+00   7.850246e+00     3.3558e-01   8.061807e-03   1.262901e+00
   2.832866e-03   2.630020e+00   3.057559e+00   7.832144e+00     3.3580e-01   8.034479e-03   1.254512e+00
   2.850741e-03   2.625674e+00   3.049930e+00   7.820681e+00     3.3573e-01   7.976237e-03   1.246596e+00
   2.868617e-03   2.621339e+00   3.042355e+00   7.810038e+00     3.3564e-01   7.916030e-03   1.238986e+00
   2.886493e-03   2.617015e+00   3.034868e+00   7.791609e+00     3.3588e-01   7.896825e-03   1.231589e+00
   2.904369e-03   2.612704e+00   3.027305e+00   7.780499e+00     3.3580e-01   7.843441e-03   1.224621e+00
   2.922244e-03   2.608406e+00   3.019797e+00   7.770036e+00     3.3570e-01   7.788820e-03   1.217923e+00
   2.940120e-03   2.604121e+00   3.012388e+00   7.751718e+00     3.3594e-01   7.774982e-03   1.211413e+00
   2.957996e-03   2.599851e+00   3.004897e+00   7.740712e+00     3.3587e-01   7.727240e-03   1.205300e+00
   2.975872e-03   2.595596e+00   2.997453e+00   7.730159e+00     3.3578e-01   7.679158e-03   1.199441e+00
   2.993747e-03   2.591357e+00   2.990154e+00   7.712499e+00     3.3599e-01   7.667528e-03   1.193723e+00
   3.011623e-03   2.587134e+00   2.982750e+00   7.701421e+00     3.3593e-01   7.625798e-03   1.188377e+00
   3.029499e-03   2.582927e+00   2.975378e+00   7.690651e+00     3.3585e-01   7.584452e-03   1.183280e+00
   3.047375e-03   2.578739e+00   2.968050e+00   7.680214e+00     3.3576e-01   7.543228e-03   1.178409e+00
   3.065251e-03   2.574567e+00   2.960769e+00   7.670029e+00     3.3567e-01   7.502470e-03   1.173753e+00
   3.083126e-03   2.570414e+00   2.953615e+00   7.652168e+00     3.3591e-01   7.500353e-03   1.169223e+00
   3.101002e-03   2.566280e+00   2.946386e+00   7.641450e+00     3.3584e-01   7.465617e-03   1.165019e+00
   3.118878e-03   2.562165e+00   2.939184e+00   7.630878e+00     3.3576e-01   7.431834e-03   1.161026e+00
   3.136754e-03   2.558069e+00   2.932023e+00   7.620507e+00     3.3568e-01   7.398680e-03   1.157233e+00
   3.154629e-03   2.553993e+00   2.924904e+00   7.610252e+00     3.3560e-01   7.366516e-03   1.153632e+00
   3.172505e-03   2.549938e+00   2.917828e+00   7.600117e+00     3.3551e-01   7.335296e-03   1.150217e+00
   3.190381e-03   2.545903e+00   2.910791e+00   7.590032e+00     3.3543e-01   7.305329e-03   1.146984e+00
   3.208257e-03   2.541888e+00   2.903796e+00   7.580002e+00     3.3534e-01   7.276575e-03   1.143931e+00
   3.226132e-03   2.537895e+00   2.896922e+00   7.562397e+00     3.3559e-01   7.285073e-03   1.140963e+00
   3.244008e-03   2.533924e+00   2.889999e+00   7.552117e+00     3.3552e-01   7.260345e-03   1.138262e+00
   3.261884e-03   2.529973e+00   2.883116e+00   7.541931e+00     3.3545e-01   7.236575e-03   1.135729e+00
   3.279760e-03   2.526045e+00   2.876272e+00   7.531767e+00     3.3539e-01   7.214045e-03   1.133356e+00
   3.297635e-03   2.522139e+00   2.869470e+00   7.521732e+00     3.3531e-01   7.192254e-03   1.131144e+00
   3.315511e-03   2.518255e+00   2.862707e+00   7.511670e+00     3.3525e-01   7.171870e-03   1.129080e+00
   3.333387e-03   2.514394e+00   2.855986e+00   7.501678e+00     3.3518e-01   7.152432e-03   1.127166e+00
   3.351263e-03   2.510555e+00   2.849308e+00   7.491779e+00     3.3511e-01   7.133814e-03   1.125399e+00
   3.369138e-03   2.506740e+00   2.842671e+00   7.481933e+00     3.3504e-01   7.116176e-03   1.123773e+00
   3.387014e-03   2.502947e+00   2.836078e+00   7.472184e+00     3.3497e-01   7.099307e-03   1.122288e+00
   3.404890e-03   2.499177e+00   2.829526e+00   7.462449e+00     3.3490e-01   7.083542e-03   1.120936e+00
   3.422766e-03   2.495430e+00   2.822935e+00   7.460003e+00     3.3451e-01   7.035099e-03   1.119816e+00
   3.440641e-03   2.491707e+00   2.816467e+00   7.450036e+00     3.3446e-01   7.022795e-03   1.118730e+00
   3.458517e-03   2.488008e+00   2.810045e+00   7.440118e+00     3.3440e-01   7.011372e-03   1.117769e+00
   3.476393e-03   2.484332e+00   2.803670e+00   7.430268e+00     3.3435e-01   7.000708e-03   1.116928e+00
   3.494269e-03   2.480679e+00   2.797343e+00   7.420487e+00     3.3430e-01   6.990767e-03   1.116202e+00
   3.512144e-03   2.477050e+00   2.791065e+00   7.410818e+00     3.3425e-01   6.981332e-03   1.115588e+00
   3.530020e-03   2.473445e+00   2.784814e+00   7.401255e+00     3.3419e-01   6.972417e-03   1.115084e+00
   3.547896e-03   2.469864e+00   2.778608e+00   7.391841e+00     3.3413e-01   6.963822e-03   1.114691e+00
   3.565772e-03   2.466307e+00   2.772449e+00   7.382651e+00     3.3407e-01   6.955270e-03   1.114420e+00
   3.583647e-03   2.462773e+00   2.766251e+00   7.380084e+00     3.3371e-01   6.917268e-03   1.114366e+00
   3.601523e-03   2.459264e+00   2.760188e+00   7.370368e+00     3.3367e-01   6.913146e-03   1.114307e+00
   3.619399e-03   2.455778e+00   2.754178e+00   7.360823e+00     3.3363e-01   6.909109e-03   1.114338e+00
   3.637275e-03   2.452317e+00   2.748189e+00   7.351545e+00     3.3358e-01   6.904728e-03   1.114464e+00
   3.655150e-03   2.448879e+00   2.742249e+00   7.342492e+00     3.3352e-01   6.900268e-03   1.114693e+00
   3.673026e-03   2.445465e+00   2.736273e+00   7.340111e+00     3.3316e-01   6.866180e-03   1.115141e+00
   3.690902e-03   2.442076e+00   2.730436e+00   7.330516e+00     3.3314e-01   6.866094e-03   1.115567e+00
   3.708778e-03   2.438710e+00   2.724636e+00   7.321238e+00     3.3310e-01   6.865315e-03   1.116069e+00
   3.726653e-03   2.435368e+00   2.718872e+00   7.312345e+00     3.3305e-01   6.863643e-03   1.116667e+00
   3.744529e-03   2.432050e+00   2.713072e+00   7.310107e+00     3.3270e-01   6.832393e-03   1.117474e+00
   3.762405e-03   2.428756e+00   2.707414e+00   7.300593e+00     3.3268e-01   6.835346e-03   1.118253e+00
   3.780281e-03   2.425486e+00   2.701786e+00   7.291557e+00     3.3264e-01   6.836800e-03   1.119100e+00
   3.798156e-03   2.422240e+00   2.696120e+00   7.290012e+00     3.3227e-01   6.804734e-03   1.120147e+00
   3.816032e-03   2.419018e+00   2.690581e+00   7.280361e+00     3.3227e-01   6.810832e-03   1.121187e+00
   3.833908e-03   2.415819e+00   2.685094e+00   7.271203e+00     3.3224e-01   6.815259e-03   1.122278e+00
   3.851784e-03   2.412644e+00   2.679636e+00   7.262619e+00     3.3220e-01   6.817835e-03   1.123454e+00
   3.869659e-03   2.409493e+00   2.674148e+00   7.260299e+00     3.3187e-01   6.792580e-03   1.124833e+00
   3.887535e-03   2.406365e+00   2.668795e+00   7.251188e+00     3.3186e-01   6.799077e-03   1.126153e+00
   3.905411e-03   2.403261e+00   2.663390e+00   7.250001e+00     3.3148e-01   6.769882e-03   1.127654e+00
   3.923287e-03   2.400180e+00   2.658109e+00   7.240395e+00     3.3150e-01   6.780331e-03   1.129151e+00
   3.941162e-03   2.397122e+00   2.652882e+00   7.231474e+00     3.3148e-01   6.788111e-03   1.130683e+00
   3.959038e-03   2.394088e+00   2.647603e+00   7.230042e+00     3.3113e-01   6.762256e-03   1.132410e+00
   3.976914e-03   2.391077e+00   2.642463e+00   7.220673e+00     3.3114e-01   6.773656e-03   1.134102e+00
   3.994790e-03   2.388089e+00   2.637352e+00   7.212116e+00     3.3112e-01   6.781814e-03   1.135835e+00
   4.012665e-03   2.385125e+00   2.632203e+00   7.210241e+00     3.3080e-01   6.760136e-03   1.137778e+00
   4.030541e-03   2.382183e+00   2.627195e+00   7.201341e+00     3.3080e-01   6.771272e-03   1.139646e+00
   4.048417e-03   2.379264e+00   2.622125e+00   7.200046e+00     3.3045e-01   6.748078e-03   1.141699e+00
   4.066293e-03   2.376368e+00   2.617198e+00   7.190820e+00     3.3047e-01   6.762147e-03   1.143711e+00
   4.084168e-03   2.373495e+00   2.612295e+00   7.182560e+00     3.3045e-01   6.772243e-03   1.145766e+00
   4.102044e-03   2.370645e+00   2.607359e+00   7.180467e+00     3.3015e-01   6.754726e-03   1.148015e+00
   4.119920e-03   2.367817e+00   2.602552e+00   7.172026e+00     3.3015e-01   6.766885e-03   1.150181e+00
   4.137796e-03   2.365011e+00   2.597691e+00   7.170281e+00     3.2984e-01   6.748951e-03   1.152551e+00
   4.155671e-03   2.362228e+00   2.592973e+00   7.161685e+00     3.2984e-01   6.763062e-03   1.154833e+00
   4.173547e-03   2.359467e+00   2.588190e+00   7.160198e+00     3.2953e-01   6.745063e-03   1.157312e+00
   4.191423e-03   2.356728e+00   2.583555e+00   7.151468e+00     3.2954e-01   6.761002e-03   1.159707e+00
   4.209299e-03   2.354011e+00   2.578851e+00   7.150155e+00     3.2923e-01   6.743294e-03   1.162292e+00
   4.227174e-03   2.351317e+00   2.574298e+00   7.141392e+00     3.2925e-01   6.760558e-03   1.164797e+00
   4.245050e-03   2.348644e+00   2.569672e+00   7.140137e+00     3.2894e-01   6.743659e-03   1.167486e+00
   4.262926e-03   2.345992e+00   2.565200e+00   7.131450e+00     3.2896e-01   6.761698e-03   1.170094e+00
   4.280802e-03   2.343363e+00   2.560652e+00   7.130178e+00     3.2865e-01   6.745940e-03   1.172885e+00
   4.298677e-03   2.340755e+00   2.556258e+00   7.121599e+00     3.2868e-01   6.764554e-03   1.175590e+00
   4.316553e-03   2.338168e+00   2.551788e+00   7.120252e+00     3.2838e-01   6.750195e-03   1.178483e+00
   4.334429e-03   2.335603e+00   2.547470e+00   7.111851e+00     3.2841e-01   6.769009e-03   1.181278e+00
   4.352305e-03   2.333058e+00   2.543080e+00   7.110377e+00     3.2812e-01   6.756270e-03   1.184270e+00
   4.370180e-03   2.330535e+00   2.538836e+00   7.102282e+00     3.2814e-01   6.774679e-03   1.187158e+00
   4.388056e-03   2.328033e+00   2.534528e+00   7.100638e+00     3.2786e-01   6.763707e-03   1.190240e+00
   4.405932e-03   2.325552e+00   2.530275e+00   7.100008e+00     3.2754e-01   6.748210e-03   1.193332e+00
   4.423808e-03   2.323091e+00   2.526130e+00   7.091015e+00     3.2761e-01   6.772531e-03   1.196384e+00
   4.441683e-03   2.320651e+00   2.521937e+00   7.090101e+00     3.2731e-01   6.759406e-03   1.199582e+00
   4.459559e-03   2.318232e+00   2.517885e+00   7.081569e+00     3.2736e-01   6.782412e-03   1.202697e+00
   4.477435e-03   2.315832e+00   2.513753e+00   7.080343e+00     3.2708e-01   6.771756e-03   1.205995e+00
   4.495311e-03   2.313454e+00   2.509775e+00   7.072415e+00     3.2711e-01   6.792814e-03   1.209186e+00
   4.513186e-03   2.311095e+00   2.505725e+00   7.070832e+00     3.2685e-01   6.784712e-03   1.212562e+00
   4.531062e-03   2.308756e+00   2.501723e+00   7.070074e+00     3.2655e-01   6.773005e-03   1.215960e+00
   4.548938e-03   2.306437e+00   2.497848e+00   7.061591e+00     3.2662e-01   6.798139e-03   1.219280e+00
   4.566814e-03   2.304138e+00   2.493900e+00   7.060423e+00     3.2635e-01   6.789341e-03   1.222776e+00
   4.584689e-03   2.301859e+00   2.490025e+00   7.060001e+00     3.2604e-01   6.777154e-03   1.226270e+00
   4.602565e-03   2.299599e+00   2.486233e+00   7.051120e+00     3.2613e-01   6.805650e-03   1.229725e+00
   4.620441e-03   2.297359e+00   2.482401e+00   7.050214e+00     3.2586e-01   6.796748e-03   1.233323e+00
   4.638317e-03   2.295138e+00   2.478713e+00   7.042249e+00     3.2591e-01   6.821571e-03   1.236819e+00
   4.656192e-03   2.292936e+00   2.474937e+00   7.040857e+00     3.2566e-01   6.815823e-03   1.240495e+00
   4.674068e-03   2.290753e+00   2.471217e+00   7.040132e+00     3.2539e-01   6.807170e-03   1.244193e+00
   4.691944e-03   2.288590e+00   2.467624e+00   7.032024e+00     3.2545e-01   6.833951e-03   1.247793e+00
   4.709820e-03   2.286445e+00   2.463953e+00   7.030762e+00     3.2521e-01   6.828720e-03   1.251574e+00
   4.727695e-03   2.284318e+00   2.460338e+00   7.030118e+00     3.2493e-01   6.820773e-03   1.255371e+00
   4.745571e-03   2.282211e+00   2.456842e+00   7.022007e+00     3.2501e-01   6.848778e-03   1.259068e+00
   4.763447e-03   2.280122e+00   2.453274e+00   7.020824e+00     3.2477e-01   6.844257e-03   1.262948e+00
   4.781323e-03   2.278051e+00   2.449757e+00   7.020152e+00     3.2450e-01   6.837521e-03   1.266843e+00
   4.799198e-03   2.275998e+00   2.446361e+00   7.012297e+00     3.2457e-01   6.865478e-03   1.270637e+00
   4.817074e-03   2.273964e+00   2.442891e+00   7.011027e+00     3.2434e-01   6.862383e-03   1.274600e+00
   4.834950e-03   2.271947e+00   2.439467e+00   7.010274e+00     3.2409e-01   6.857090e-03   1.278593e+00
   4.870701e-03   2.267968e+00   2.432801e+00   7.001442e+00     3.2393e-01   6.882628e-03   1.286518e+00
   4.888577e-03   2.266005e+00   2.429466e+00   7.000523e+00     3.2369e-01   6.879154e-03   1.290602e+00
   4.906453e-03   2.264059e+00   2.426183e+00   7.000072e+00     3.2343e-01   6.873595e-03   1.294692e+00
   4.924329e-03   2.262131e+00   2.422995e+00   6.992071e+00     3.2353e-01   6.904874e-03   1.298688e+00
   4.942204e-03   2.260220e+00   2.419749e+00   6.990973e+00     3.2331e-01   6.903215e-03   1.302851e+00
   4.960080e-03   2.258326e+00   2.416547e+00   6.990319e+00     3.2306e-01   6.899663e-03   1.307038e+00
   4.977956e-03   2.256449e+00   2.413394e+00   6.990014e+00     3.2281e-01   6.894555e-03   1.311225e+00
   4.995832e-03   2.254590e+00   2.410312e+00   6.981766e+00     3.2293e-01   6.928483e-03   1.315333e+00
   5.013707e-03   2.252747e+00   2.407191e+00   6.980811e+00     3.2271e-01   6.927332e-03   1.319600e+00
   5.031583e-03   2.250920e+00   2.404113e+00   6.980251e+00     3.2247e-01   6.924472e-03   1.323883e+00
   5.049459e-03   2.249111e+00   2.401081e+00   6.980013e+00     3.2222e-01   6.920181e-03   1.328168e+00
   5.067335e-03   2.247318e+00   2.398111e+00   6.971786e+00     3.2234e-01   6.955350e-03   1.332372e+00
   5.085210e-03   2.245541e+00   2.395110e+00   6.970921e+00     3.2213e-01   6.954891e-03   1.336734e+00
   5.103086e-03   2.243780e+00   2.392146e+00   6.970309e+00     3.2191e-01   6.953402e-03   1.341111e+00
   5.120962e-03   2.242036e+00   2.389226e+00   6.970036e+00     3.2167e-01   6.950396e-03   1.345491e+00
   5.138838e-03   2.240307e+00   2.386376e+00   6.962118e+00     3.2179e-01   6.985290e-03   1.349777e+00
   5.156713e-03   2.238595e+00   2.383487e+00   6.961175e+00     3.2158e-01   6.986265e-03   1.354220e+00
   5.174589e-03   2.236898e+00   2.380634e+00   6.960560e+00     3.2137e-01   6.985881e-03   1.358688e+00
   5.192465e-03   2.235217e+00   2.377819e+00   6.960162e+00     3.2114e-01   6.984584e-03   1.363162e+00
   5.210341e-03   2.233552e+00   2.375044e+00   6.960003e+00     3.2091e-01   6.982257e-03   1.367640e+00
   5.228216e-03   2.231902e+00   2.372314e+00   6.951815e+00     3.2105e-01   7.020067e-03   1.372038e+00
   5.246092e-03   2.230267e+00   2.369565e+00   6.951012e+00     3.2085e-01   7.021618e-03   1.376581e+00
   5.263968e-03   2.228647e+00   2.366851e+00   6.950471e+00     3.2065e-01   7.022082e-03   1.381144e+00
   5.281844e-03   2.227043e+00   2.364172e+00   6.950135e+00     3.2043e-01   7.021680e-03   1.385712e+00
   5.299719e-03   2.225454e+00   2.361530e+00   6.950005e+00     3.2021e-01   7.020404e-03   1.390284e+00
   5.317595e-03   2.223879e+00   2.358930e+00   6.941915e+00     3.2036e-01   7.059164e-03   1.394770e+00
   5.335471e-03   2.222320e+00   2.356314e+00   6.941187e+00     3.2016e-01   7.061516e-03   1.399403e+00
   5.353347e-03   2.220775e+00   2.353730e+00   6.940635e+00     3.1997e-01   7.063194e-03   1.404052e+00
   5.371222e-03   2.219244e+00   2.351177e+00   6.940260e+00     3.1976e-01   7.064150e-03   1.408710e+00
   5.389098e-03   2.217729e+00   2.348659e+00   6.940052e+00     3.1956e-01   7.064410e-03   1.413372e+00
   5.406974e-03   2.216227e+00   2.346195e+00   6.932433e+00     3.1969e-01   7.102116e-03   1.417926e+00
   5.424850e-03   2.214740e+00   2.343707e+00   6.931684e+00     3.1951e-01   7.105642e-03   1.422631e+00
   5.442725e-03   2.213267e+00   2.341245e+00   6.931063e+00     3.1933e-01   7.108755e-03   1.427358e+00
   5.460601e-03   2.211808e+00   2.338812e+00   6.930591e+00     3.1914e-01   7.111309e-03   1.432098e+00
   5.478477e-03   2.210363e+00   2.336409e+00   6.930275e+00     3.1894e-01   7.113225e-03   1.436845e+00
   5.496353e-03   2.208931e+00   2.334037e+00   6.930074e+00     3.1875e-01   7.114699e-03   1.441596e+00
   5.514228e-03   2.207514e+00   2.331671e+00   6.930001e+00     3.1854e-01   7.115671e-03   1.446352e+00
   5.532104e-03   2.206110e+00   2.329375e+00   6.921949e+00     3.1871e-01   7.157422e-03   1.451014e+00
   5.549980e-03   2.204720e+00   2.327058e+00   6.921366e+00     3.1854e-01   7.161542e-03   1.455820e+00
   5.567856e-03   2.203343e+00   2.324767e+00   6.920902e+00     3.1836e-01   7.165243e-03   1.460640e+00
   5.585731e-03   2.201979e+00   2.322502e+00   6.920512e+00     3.1818e-01   7.168724e-03   1.465467e+00
   5.603607e-03   2.200629e+00   2.320264e+00   6.920236e+00     3.1800e-01   7.171769e-03   1.470300e+00
   5.621483e-03   2.199291e+00   2.318046e+00   6.920085e+00     3.1781e-01   7.174311e-03   1.475137e+00
   5.639359e-03   2.197967e+00   2.315842e+00   6.920006e+00     3.1763e-01   7.176623e-03   1.479978e+00
   5.657234e-03   2.196656e+00   2.313712e+00   6.912191e+00     3.1779e-01   7.218810e-03   1.484714e+00
   5.675110e-03   2.195357e+00   2.311555e+00   6.911672e+00     3.1763e-01   7.223871e-03   1.489594e+00
   5.692986e-03   2.194072e+00   2.309421e+00   6.911213e+00     3.1747e-01   7.228796e-03   1.494487e+00
   5.710862e-03   2.192799e+00   2.307311e+00   6.910822e+00     3.1730e-01   7.233531e-03   1.499388e+00
   5.728737e-03   2.191538e+00   2.305225e+00   6.910506e+00     3.1713e-01   7.238029e-03   1.504295e+00
   5.746613e-03   2.190290e+00   2.303164e+00   6.910277e+00     3.1696e-01   7.242199e-03   1.509205e+00
   5.764489e-03   2.189054e+00   2.301113e+00   6.910131e+00     3.1679e-01   7.246089e-03   1.514123e+00
   5.782365e-03   2.187831e+00   2.299083e+00   6.910026e+00     3.1662e-01   7.249886e-03   1.519042e+00
   5.800240e-03   2.186619e+00   2.297078e+00   6.910000e+00     3.1644e-01   7.253406e-03   1.523965e+00
   5.818116e-03   2.185420e+00   2.295144e+00   6.902104e+00     3.1663e-01   7.297997e-03   1.528781e+00
   5.835992e-03   2.184233e+00   2.293181e+00   6.901700e+00     3.1648e-01   7.303924e-03   1.533737e+00
   5.853868e-03   2.183057e+00   2.291237e+00   6.901298e+00     3.1633e-01   7.309987e-03   1.538698e+00
   5.871743e-03   2.181894e+00   2.289315e+00   6.900977e+00     3.1617e-01   7.315777e-03   1.543668e+00
   5.889619e-03   2.180742e+00   2.287415e+00   6.900694e+00     3.1602e-01   7.321495e-03   1.548643e+00
   5.907495e-03   2.179601e+00   2.285537e+00   6.900490e+00     3.1586e-01   7.326936e-03   1.553622e+00
   5.925371e-03   2.178473e+00   2.283670e+00   6.900300e+00     3.1571e-01   7.332423e-03   1.558603e+00
   5.943246e-03   2.177355e+00   2.281821e+00   6.900183e+00     3.1555e-01   7.337643e-03   1.563587e+00
   5.961122e-03   2.176249e+00   2.279994e+00   6.900091e+00     3.1539e-01   7.342846e-03   1.568572e+00
   5.978998e-03   2.175154e+00   2.278188e+00   6.900029e+00     3.1524e-01   7.348012e-03   1.573559e+00
   5.996874e-03   2.174070e+00   2.276459e+00   6.892686e+00     3.1542e-01   7.391642e-03   1.578425e+00
   6.014749e-03   2.172998e+00   2.274691e+00   6.892302e+00     3.1528e-01   7.398838e-03   1.583425e+00
   6.032625e-03   2.171936e+00   2.272944e+00   6.891996e+00     3.1514e-01   7.405779e-03   1.588435e+00
   6.050501e-03   2.170885e+00   2.271215e+00   6.891692e+00     3.1500e-01   7.412835e-03   1.593448e+00
   6.068377e-03   2.169845e+00   2.269504e+00   6.891414e+00     3.1486e-01   7.419880e-03   1.598466e+00
   6.086253e-03   2.168816e+00   2.267812e+00   6.891167e+00     3.1472e-01   7.426880e-03   1.603487e+00
   6.104128e-03   2.167797e+00   2.266139e+00   6.890942e+00     3.1459e-01   7.433881e-03   1.608510e+00
   6.122004e-03   2.166789e+00   2.264482e+00   6.890733e+00     3.1445e-01   7.440902e-03   1.613534e+00
   6.139880e-03   2.165792e+00   2.262837e+00   6.890578e+00     3.1431e-01   7.447756e-03   1.618560e+00
   6.157756e-03   2.164805e+00   2.261212e+00   6.890472e+00     3.1417e-01   7.454449e-03   1.623588e+00
   6.175631e-03   2.163828e+00   2.259604e+00   6.890345e+00     3.1404e-01   7.461363e-03   1.628615e+00
   6.193507e-03   2.162861e+00   2.258014e+00   6.890231e+00     3.1390e-01   7.468305e-03   1.633641e+00
   6.211383e-03   2.161904e+00   2.256443e+00   6.890152e+00     3.1377e-01   7.475159e-03   1.638667e+00
   6.229259e-03   2.160958e+00   2.254890e+00   6.890106e+00     3.1363e-01   7.481939e-03   1.643694e+00
   6.247134e-03   2.160021e+00   2.253354e+00   6.890063e+00     3.1350e-01   7.488795e-03   1.648719e+00
   6.265010e-03   2.159095e+00   2.251836e+00   6.890024e+00     3.1337e-01   7.495734e-03   1.653744e+00
   6.282886e-03   2.158178e+00   2.250335e+00   6.890009e+00     3.1323e-01   7.502639e-03   1.658768e+00
   6.300762e-03   2.157271e+00   2.248852e+00   6.890001e+00     3.1310e-01   7.509606e-03   1.663792e+00
   6.318637e-03   2.156373e+00   2.247443e+00   6.882450e+00     3.1331e-01   7.557377e-03   1.668690e+00
   6.336513e-03   2.155485e+00   2.245990e+00   6.882259e+00     3.1319e-01   7.565600e-03   1.673717e+00
   6.354389e-03   2.154607e+00   2.244555e+00   6.882115e+00     3.1307e-01   7.573678e-03   1.678746e+00
   6.372265e-03   2.153738e+00   2.243134e+00   6.881937e+00     3.1296e-01   7.582017e-03   1.683771e+00
   6.390140e-03   2.152878e+00   2.241730e+00   6.881807e+00     3.1284e-01   7.590206e-03   1.688797e+00
   6.408016e-03   2.152028e+00   2.240340e+00   6.881643e+00     3.1272e-01   7.598650e-03   1.693818e+00
   6.425892e-03   2.151187e+00   2.238964e+00   6.881511e+00     3.1260e-01   7.607020e-03   1.698838e+00
   6.443768e-03   2.150355e+00   2.237601e+00   6.881378e+00     3.1249e-01   7.615482e-03   1.703856e+00
   6.461643e-03   2.149532e+00   2.236255e+00   6.881307e+00     3.1237e-01   7.623697e-03   1.708874e+00
   6.479519e-03   2.148717e+00   2.234923e+00   6.881188e+00     3.1226e-01   7.632248e-03   1.713886e+00
   6.497395e-03   2.147912e+00   2.233607e+00   6.881141e+00     3.1214e-01   7.640502e-03   1.718898e+00
   6.515271e-03   2.147116e+00   2.232305e+00   6.881009e+00     3.1204e-01   7.649282e-03   1.723902e+00
   6.533146e-03   2.146328e+00   2.231019e+00   6.880972e+00     3.1192e-01   7.657631e-03   1.728906e+00
   6.551022e-03   2.145549e+00   2.229747e+00   6.880894e+00     3.1181e-01   7.666280e-03   1.733904e+00
   6.568898e-03   2.144779e+00   2.228490e+00   6.880848e+00     3.1170e-01   7.674833e-03   1.738899e+00
   6.586774e-03   2.144017e+00   2.227248e+00   6.880787e+00     3.1159e-01   7.683538e-03   1.743889e+00
   6.604649e-03   2.143264e+00   2.226020e+00   6.880761e+00     3.1149e-01   7.692123e-03   1.748876e+00
   6.622525e-03   2.142519e+00   2.224806e+00   6.880727e+00     3.1138e-01   7.700824e-03   1.753857e+00
   6.640401e-03   2.141783e+00   2.223606e+00   6.880679e+00     3.1127e-01   7.709675e-03   1.758832e+00
   6.658277e-03   2.141054e+00   2.222420e+00   6.880643e+00     3.1117e-01   7.718527e-03   1.763803e+00
   6.676152e-03   2.140334e+00   2.221247e+00   6.880604e+00     3.1107e-01   7.727463e-03   1.768768e+00
   6.694028e-03   2.139622e+00   2.220089e+00   6.880608e+00     3.1096e-01   7.736236e-03   1.773728e+00
   6.711904e-03   2.138918e+00   2.218944e+00   6.880580e+00     3.1086e-01   7.745243e-03   1.778682e+00
   6.729780e-03   2.138222e+00   2.217813e+00   6.880574e+00     3.1076e-01   7.754196e-03   1.783630e+00
   6.747655e-03   2.137534e+00   2.216695e+00   6.880561e+00     3.1066e-01   7.763249e-03   1.788572e+00
   6.765531e-03   2.136854e+00   2.215589e+00   6.880528e+00     3.1057e-01   7.772472e-03   1.793506e+00
   6.783407e-03   2.136181e+00   2.214498e+00   6.880550e+00     3.1047e-01   7.781456e-03   1.798436e+00
   6.801283e-03   2.135516e+00   2.213418e+00   6.880548e+00     3.1037e-01   7.790630e-03   1.803358e+00
   6.819158e-03   2.134859e+00   2.212352e+00   6.880552e+00     3.1027e-01   7.799831e-03   1.808273e+00
   6.837034e-03   2.134210e+00   2.211298e+00   6.880557e+00     3.1018e-01   7.809081e-03   1.813181e+00
   6.854910e-03   2.133568e+00   2.210257e+00   6.880550e+00     3.1009e-01   7.818457e-03   1.818081e+00
   6.872786e-03   2.132933e+00   2.209229e+00   6.880590e+00     3.0999e-01   7.827625e-03   1.822975e+00
   6.890661e-03   2.132306e+00   2.208212e+00   6.880574e+00     3.0990e-01   7.837157e-03   1.827859e+00
   6.908537e-03   2.131686e+00   2.207208e+00   6.880594e+00     3.0981e-01   7.846541e-03   1.832737e+00
   6.926413e-03   2.131074e+00   2.206215e+00   6.880604e+00     3.0972e-01   7.856034e-03   1.837606e+00
   6.944289e-03   2.130469e+00   2.205235e+00   6.880636e+00     3.0963e-01   7.865454e-03   1.842467e+00
   6.962164e-03   2.129871e+00   2.204267e+00   6.880668e+00     3.0954e-01   7.874925e-03   1.847320e+00
   6.980040e-03   2.129279e+00   2.203310e+00   6.880674e+00     3.0946e-01   7.884584e-03   1.852163e+00
   6.997916e-03   2.128695e+00   2.202366e+00   6.880727e+00     3.0937e-01   7.894032e-03   1.856999e+00
   7.015792e-03   2.128118e+00   2.201432e+00   6.880728e+00     3.0929e-01   7.903813e-03   1.861823e+00
   7.033667e-03   2.127548e+00   2.200512e+00   6.880813e+00     3.0920e-01   7.913172e-03   1.866642e+00
   7.051543e-03   2.126985e+00   2.199600e+00   6.880788e+00     3.0912e-01   7.923187e-03   1.871446e+00
   7.069419e-03   2.126428e+00   2.198702e+00   6.880889e+00     3.0903e-01   7.932540e-03   1.876247e+00
   7.087295e-03   2.125879e+00   2.197814e+00   6.880944e+00     3.0895e-01   7.942192e-03   1.881035e+00
   7.105170e-03   2.125336e+00   2.196938e+00   6.881013e+00     3.0887e-01   7.951805e-03   1.885814e+00
   7.123046e-03   2.124799e+00   2.196071e+00   6.881052e+00     3.0879e-01   7.961625e-03   1.890581e+00
   7.140922e-03   2.124269e+00   2.195216e+00   6.881120e+00     3.0871e-01   7.971325e-03   1.895340e+00
   7.158798e-03   2.123746e+00   2.194372e+00   6.881164e+00     3.0863e-01   7.981188e-03   1.900086e+00
   7.176673e-03   2.123229e+00   2.193539e+00   6.881280e+00     3.0855e-01   7.990691e-03   1.904826e+00
   7.194549e-03   2.122718e+00   2.192716e+00   6.881329e+00     3.0848e-01   8.000600e-03   1.909551e+00
   7.212425e-03   2.122214e+00   2.191904e+00   6.881475e+00     3.0840e-01   8.010008e-03   1.914271e+00
   7.230301e-03   2.121716e+00   2.191102e+00   6.881534e+00     3.0832e-01   8.019927e-03   1.918974e+00
   7.248176e-03   2.121224e+00   2.190310e+00   6.881640e+00     3.0824e-01   8.029621e-03   1.923669e+00
   7.266052e-03   2.120739e+00   2.189529e+00   6.881752e+00     3.0817e-01   8.039310e-03   1.928353e+00
   7.283928e-03   2.120259e+00   2.188758e+00   6.881876e+00     3.0809e-01   8.048964e-03   1.933027e+00
   7.301804e-03   2.119786e+00   2.187996e+00   6.881976e+00     3.0802e-01   8.058777e-03   1.937687e+00
   7.319679e-03   2.119319e+00   2.187245e+00   6.882165e+00     3.0794e-01   8.068136e-03   1.942343e+00
   7.337555e-03   2.118857e+00   2.186503e+00   6.882275e+00     3.0787e-01   8.077956e-03   1.946980e+00
   7.355431e-03   2.118402e+00   2.185771e+00   6.882424e+00     3.0780e-01   8.087583e-03   1.951610e+00
   7.373307e-03   2.117952e+00   2.185049e+00   6.882572e+00     3.0773e-01   8.097246e-03   1.956227e+00
   7.391182e-03   2.117509e+00   2.184297e+00   6.890001e+00     3.0733e-01   8.064757e-03   1.960968e+00
   7.409058e-03   2.117070e+00   2.183594e+00   6.890011e+00     3.0727e-01   8.075244e-03   1.965565e+00
   7.426934e-03   2.116638e+00   2.182899e+00   6.890021e+00     3.0720e-01   8.085757e-03   1.970149e+00
   7.444810e-03   2.116211e+00   2.182215e+00   6.890036e+00     3.0714e-01   8.096268e-03   1.974721e+00
   7.462685e-03   2.115790e+00   2.181537e+00   6.890070e+00     3.0708e-01   8.106683e-03   1.979279e+00
   7.480561e-03   2.115375e+00   2.180867e+00   6.890103e+00     3.0702e-01   8.117136e-03   1.983825e+00
   7.498437e-03   2.114965e+00   2.180206e+00   6.890131e+00     3.0696e-01   8.127633e-03   1.988358e+00
   7.516313e-03   2.114560e+00   2.179556e+00   6.890193e+00     3.0689e-01   8.137956e-03   1.992877e+00
   7.534188e-03   2.114161e+00   2.178913e+00   6.890239e+00     3.0683e-01   8.148385e-03   1.997383e+00
   7.552064e-03   2.113767e+00   2.178280e+00   6.890314e+00     3.0677e-01   8.158665e-03   2.001875e+00
   7.569940e-03   2.113379e+00   2.177656e+00   6.890384e+00     3.0671e-01   8.168986e-03   2.006353e+00
   7.587816e-03   2.112996e+00   2.177041e+00   6.890473e+00     3.0665e-01   8.179218e-03   2.010817e+00
   7.605691e-03   2.112618e+00   2.176434e+00   6.890555e+00     3.0660e-01   8.189499e-03   2.015267e+00
   7.623567e-03   2.112245e+00   2.175837e+00   6.890677e+00     3.0654e-01   8.199569e-03   2.019704e+00
   7.641443e-03   2.111877e+00   2.175247e+00   6.890770e+00     3.0648e-01   8.209814e-03   2.024125e+00
   7.659319e-03   2.111515e+00   2.174667e+00   6.890905e+00     3.0642e-01   8.219829e-03   2.028533e+00
   7.677194e-03   2.111157e+00   2.174094e+00   6.891024e+00     3.0636e-01   8.229944e-03   2.032926e+00
   7.695070e-03   2.110805e+00   2.173530e+00   6.891193e+00     3.0630e-01   8.239788e-03   2.037307e+00
   7.712946e-03   2.110457e+00   2.172975e+00   6.891349e+00     3.0625e-01   8.249710e-03   2.041673e+00
   7.730822e-03   2.110114e+00   2.172427e+00   6.891525e+00     3.0619e-01   8.259534e-03   2.046026e+00
   7.748697e-03   2.109776e+00   2.171888e+00   6.891715e+00     3.0613e-01   8.269287e-03   2.050365e+00
   7.766573e-03   2.109443e+00   2.171356e+00   6.891903e+00     3.0608e-01   8.279058e-03   2.054689e+00
   7.784449e-03   2.109115e+00   2.170831e+00   6.892056e+00     3.0602e-01   8.289040e-03   2.058996e+00
   7.802325e-03   2.108792e+00   2.170315e+00   6.892282e+00     3.0596e-01   8.298618e-03   2.063295e+00
   7.820200e-03   2.108473e+00   2.169808e+00   6.892591e+00     3.0590e-01   8.307743e-03   2.067590e+00
   7.838076e-03   2.108159e+00   2.169261e+00   6.900003e+00     3.0553e-01   8.274654e-03   2.071995e+00
   7.855952e-03   2.107849e+00   2.168766e+00   6.900016e+00     3.0548e-01   8.285506e-03   2.076257e+00
   7.873828e-03   2.107544e+00   2.168280e+00   6.900047e+00     3.0544e-01   8.296259e-03   2.080503e+00
   7.891703e-03   2.107243e+00   2.167801e+00   6.900086e+00     3.0539e-01   8.306971e-03   2.084733e+00
   7.909579e-03   2.106947e+00   2.167330e+00   6.900137e+00     3.0535e-01   8.317614e-03   2.088948e+00
   7.927455e-03   2.106656e+00   2.166867e+00   6.900180e+00     3.0530e-01   8.328299e-03   2.093146e+00
   7.945331e-03   2.106368e+00   2.166411e+00   6.900270e+00     3.0526e-01   8.338715e-03   2.097328e+00
   7.963206e-03   2.106086e+00   2.165961e+00   6.900374e+00     3.0521e-01   8.349041e-03   2.101495e+00
   7.981082e-03   2.105807e+00   2.165516e+00   6.900489e+00     3.0517e-01   8.359301e-03   2.105645e+00
   7.998958e-03   2.105533e+00   2.165077e+00   6.900615e+00     3.0512e-01   8.369492e-03   2.109779e+00
   8.016834e-03   2.105263e+00   2.164646e+00   6.900766e+00     3.0508e-01   8.379537e-03   2.113897e+00
   8.034709e-03   2.104997e+00   2.164222e+00   6.900919e+00     3.0503e-01   8.389570e-03   2.117999e+00
   8.052585e-03   2.104735e+00   2.163804e+00   6.901047e+00     3.0499e-01   8.399742e-03   2.122082e+00
   8.070461e-03   2.104478e+00   2.163394e+00   6.901249e+00     3.0494e-01   8.409476e-03   2.126153e+00
   8.088337e-03   2.104224e+00   2.162992e+00   6.901471e+00     3.0490e-01   8.419095e-03   2.130209e+00
   8.106212e-03   2.103975e+00   2.162595e+00   6.901679e+00     3.0485e-01   8.428786e-03   2.134249e+00
   8.124088e-03   2.103729e+00   2.162206e+00   6.901930e+00     3.0480e-01   8.438235e-03   2.138276e+00
   8.141964e-03   2.103488e+00   2.161821e+00   6.902125e+00     3.0476e-01   8.448001e-03   2.142282e+00
   8.159840e-03   2.103250e+00   2.161444e+00   6.902377e+00     3.0471e-01   8.457435e-03   2.146278e+00
   8.177715e-03   2.103017e+00   2.161074e+00   6.902676e+00     3.0467e-01   8.466607e-03   2.150264e+00
   8.195591e-03   2.102787e+00   2.160659e+00   6.910016e+00     3.0431e-01   8.433241e-03   2.154379e+00
   8.213467e-03   2.102561e+00   2.160300e+00   6.910038e+00     3.0428e-01   8.444053e-03   2.158335e+00
   8.231343e-03   2.102339e+00   2.159947e+00   6.910090e+00     3.0424e-01   8.454682e-03   2.162274e+00
   8.249218e-03   2.102121e+00   2.159601e+00   6.910143e+00     3.0421e-01   8.465293e-03   2.166196e+00
   8.267094e-03   2.101906e+00   2.159262e+00   6.910206e+00     3.0417e-01   8.475837e-03   2.170101e+00
   8.284970e-03   2.101695e+00   2.158930e+00   6.910335e+00     3.0414e-01   8.485971e-03   2.173988e+00
   8.302846e-03   2.101488e+00   2.158604e+00   6.910457e+00     3.0410e-01   8.496134e-03   2.177858e+00
   8.320721e-03   2.101284e+00   2.158285e+00   6.910584e+00     3.0407e-01   8.506252e-03   2.181710e+00
   8.338597e-03   2.101084e+00   2.157971e+00   6.910737e+00     3.0403e-01   8.516206e-03   2.185545e+00
   8.356473e-03   2.100887e+00   2.157659e+00   6.910908e+00     3.0400e-01   8.526036e-03   2.189363e+00
   8.374349e-03   2.100694e+00   2.157353e+00   6.911104e+00     3.0396e-01   8.535703e-03   2.193164e+00
   8.392224e-03   2.100505e+00   2.157050e+00   6.911244e+00     3.0393e-01   8.545693e-03   2.196944e+00
   8.410100e-03   2.100318e+00   2.156757e+00   6.911531e+00     3.0389e-01   8.554802e-03   2.200717e+00
   8.427976e-03   2.100136e+00   2.156466e+00   6.911709e+00     3.0385e-01   8.564539e-03   2.204465e+00
   8.445852e-03   2.099956e+00   2.156184e+00   6.912031e+00     3.0381e-01   8.573424e-03   2.208209e+00
   8.463727e-03   2.099780e+00   2.155906e+00   6.912331e+00     3.0377e-01   8.582433e-03   2.211935e+00
   8.499479e-03   2.099438e+00   2.155311e+00   6.920011e+00     3.0339e-01   8.557071e-03   2.219484e+00
   8.517355e-03   2.099272e+00   2.155048e+00   6.920040e+00     3.0336e-01   8.567698e-03   2.223168e+00
   8.535230e-03   2.099109e+00   2.154790e+00   6.920085e+00     3.0334e-01   8.578217e-03   2.226833e+00
   8.553106e-03   2.098950e+00   2.154538e+00   6.920160e+00     3.0331e-01   8.588537e-03   2.230481e+00
   8.570982e-03   2.098793e+00   2.154292e+00   6.920250e+00     3.0328e-01   8.598744e-03   2.234110e+00
   8.588858e-03   2.098640e+00   2.154051e+00   6.920354e+00     3.0326e-01   8.608851e-03   2.237721e+00
   8.606733e-03   2.098489e+00   2.153816e+00   6.920445e+00     3.0323e-01   8.619013e-03   2.241313e+00
   8.624609e-03   2.098342e+00   2.153588e+00   6.920640e+00     3.0320e-01   8.628521e-03   2.244890e+00
   8.642485e-03   2.098198e+00   2.153364e+00   6.920791e+00     3.0317e-01   8.638283e-03   2.248446e+00
   8.660361e-03   2.098057e+00   2.153145e+00   6.920977e+00     3.0314e-01   8.647809e-03   2.251986e+00
   8.678236e-03   2.097919e+00   2.152932e+00   6.921197e+00     3.0312e-01   8.657113e-03   2.255509e+00
   8.696112e-03   2.097783e+00   2.152720e+00   6.921437e+00     3.0308e-01   8.666273e-03   2.259016e+00
   8.713988e-03   2.097651e+00   2.152510e+00   6.921629e+00     3.0306e-01   8.675706e-03   2.262502e+00
   8.731864e-03   2.097522e+00   2.152307e+00   6.921938e+00     3.0303e-01   8.684429e-03   2.265981e+00
   8.749739e-03   2.097395e+00   2.152109e+00   6.922258e+00     3.0299e-01   8.693071e-03   2.269445e+00
   8.767615e-03   2.097271e+00   2.151913e+00   6.922509e+00     3.0296e-01   8.702107e-03   2.272886e+00
   8.785491e-03   2.097151e+00   2.151667e+00   6.930003e+00     3.0262e-01   8.666295e-03   2.276467e+00
   8.803367e-03   2.097032e+00   2.151479e+00   6.930033e+00     3.0260e-01   8.676691e-03   2.279888e+00
   8.821242e-03   2.096917e+00   2.151297e+00   6.930082e+00     3.0258e-01   8.686941e-03   2.283290e+00
   8.839118e-03   2.096805e+00   2.151120e+00   6.930156e+00     3.0256e-01   8.697019e-03   2.286675e+00
   8.856994e-03   2.096695e+00   2.150948e+00   6.930232e+00     3.0254e-01   8.707058e-03   2.290041e+00
   8.874870e-03   2.096587e+00   2.150781e+00   6.930350e+00     3.0252e-01   8.716815e-03   2.293388e+00
   8.892745e-03   2.096483e+00   2.150619e+00   6.930492e+00     3.0250e-01   8.726401e-03   2.296717e+00
   8.910621e-03   2.096381e+00   2.150462e+00   6.930647e+00     3.0248e-01   8.735875e-03   2.300028e+00
   8.928497e-03   2.096282e+00   2.150310e+00   6.930829e+00     3.0246e-01   8.745167e-03   2.303321e+00
   8.946373e-03   2.096185e+00   2.150162e+00   6.931019e+00     3.0244e-01   8.754379e-03   2.306596e+00
   8.964248e-03   2.096091e+00   2.150019e+00   6.931234e+00     3.0241e-01   8.763416e-03   2.309854e+00
   8.982124e-03   2.095999e+00   2.149879e+00   6.931461e+00     3.0239e-01   8.772359e-03   2.313095e+00
   9.000000e-03   2.095910e+00   2.149745e+00   6.931752e+00     3.0236e-01   8.780891e-03   2.316324e+00
