           rhoc              M             Mb              R              C             kl            lam
   9.787575e-05   8.085977e-02   8.088481e-02   1.976007e+01     4.0921e-03   1.946000e-02   1.130660e+10
   1.336273e-04   8.139675e-02   8.142416e-02   1.787059e+01     4.5548e-03   1.929626e-02   6.562065e+09
   1.693788e-04   8.178074e-02   8.181002e-02   1.655146e+01     4.9410e-03   1.917217e-02   4.340164e+09
   1.872545e-04   8.193613e-02   8.196622e-02   1.602124e+01     5.1142e-03   1.912610e-02   3.644504e+09
   2.230060e-04   8.219592e-02   8.222742e-02   1.514183e+01     5.4284e-03   1.901636e-02   2.689532e+09
   2.408818e-04   8.230597e-02   8.233810e-02   1.477071e+01     5.5722e-03   1.895630e-02   2.352407e+09
   2.587575e-04   8.240551e-02   8.243822e-02   1.443117e+01     5.7102e-03   1.891988e-02   2.077559e+09
   2.766333e-04   8.249605e-02   8.252929e-02   1.412244e+01     5.8415e-03   1.887745e-02   1.850270e+09
   3.123848e-04   8.265476e-02   8.268893e-02   1.357416e+01     6.0891e-03   1.882083e-02   1.498899e+09
   3.302605e-04   8.315896e-02   8.319647e-02   1.283047e+01     6.4814e-03   1.880896e-02   1.096328e+09
   3.481363e-04   8.529188e-02   8.534416e-02   1.181505e+01     7.2189e-03   1.964628e-02   6.680792e+08
   3.660120e-04   8.982639e-02   8.991460e-02   1.079116e+01     8.3241e-03   2.161221e-02   3.605195e+08
   3.838878e-04   9.709658e-02   9.725192e-02   9.870913e+00     9.8366e-03   2.524611e-02   1.827554e+08
   4.017635e-04   1.071558e-01   1.074217e-01   9.122607e+00     1.1746e-02   3.074797e-02   9.167295e+07
   4.196393e-04   1.199367e-01   1.203708e-01   8.551507e+00     1.4025e-02   3.815528e-02   4.687238e+07
   4.553908e-04   1.533362e-01   1.543473e-01   7.830004e+00     1.9583e-02   5.801956e-02   1.342981e+07
   4.732665e-04   1.738486e-01   1.753098e-01   7.612880e+00     2.2836e-02   7.004269e-02   7.519002e+06
   4.911423e-04   1.968696e-01   1.989187e-01   7.471392e+00     2.6350e-02   8.235499e-02   4.322279e+06
   5.090180e-04   2.223905e-01   2.251921e-01   7.380715e+00     3.0131e-02   9.479696e-02   2.544568e+06
   5.268938e-04   2.504059e-01   2.541538e-01   7.330444e+00     3.4160e-02   1.068099e-01   1.530907e+06
   5.447695e-04   2.809078e-01   2.858264e-01   7.310195e+00     3.8427e-02   1.180970e-01   9.396664e+05
   5.626453e-04   3.138808e-01   3.202284e-01   7.310439e+00     4.2936e-02   1.286097e-01   5.875923e+05
   5.805210e-04   3.492992e-01   3.573702e-01   7.330469e+00     4.7650e-02   1.377721e-01   3.738871e+05
   5.983968e-04   3.871249e-01   3.972458e-01   7.361464e+00     5.2588e-02   1.458976e-01   2.418368e+05
   6.162725e-04   4.273054e-01   4.398413e-01   7.410037e+00     5.7666e-02   1.519545e-01   1.588666e+05
   6.341483e-04   4.697736e-01   4.851308e-01   7.460280e+00     6.2970e-02   1.572830e-01   1.059065e+05
   6.520240e-04   5.144475e-01   5.330663e-01   7.512538e+00     6.8479e-02   1.617119e-01   7.159441e+04
   6.698998e-04   5.612298e-01   5.835816e-01   7.580009e+00     7.4041e-02   1.637060e-01   4.904769e+04
   6.877756e-04   6.100092e-01   6.366121e-01   7.640685e+00     7.9837e-02   1.655729e-01   3.403121e+04
   7.056513e-04   6.606608e-01   6.920578e-01   7.710032e+00     8.5688e-02   1.656225e-01   2.390100e+04
   7.235271e-04   7.130473e-01   7.498227e-01   7.771675e+00     9.1750e-02   1.656228e-01   1.698284e+04
   7.414028e-04   7.670201e-01   8.097681e-01   7.840589e+00     9.7827e-02   1.639970e-01   1.220266e+04
   7.592786e-04   8.224215e-01   8.717744e-01   7.910047e+00     1.0397e-01   1.615183e-01   8.862447e+03
   7.771543e-04   8.790854e-01   9.357000e-01   7.971096e+00     1.1028e-01   1.591414e-01   6.503193e+03
   7.950301e-04   9.368398e-01   1.001376e+00   8.040009e+00     1.1652e-01   1.552888e-01   4.819530e+03
   8.129058e-04   9.935762e-01   1.066423e+00   8.100016e+00     1.2266e-01   1.516183e-01   3.639855e+03
   8.307816e-04   1.027853e+00   1.105982e+00   8.130854e+00     1.2641e-01   1.495942e-01   3.089226e+03
   8.486573e-04   1.061002e+00   1.144419e+00   8.161617e+00     1.3000e-01   1.472636e-01   2.644264e+03
   8.665331e-04   1.093080e+00   1.181792e+00   8.191435e+00     1.3344e-01   1.447270e-01   2.280332e+03
   8.844088e-04   1.124141e+00   1.218140e+00   8.220525e+00     1.3675e-01   1.419952e-01   1.979595e+03
   9.022846e-04   1.154231e+00   1.253534e+00   8.242231e+00     1.4004e-01   1.396633e-01   1.728824e+03
   9.201603e-04   1.183394e+00   1.287959e+00   8.270073e+00     1.4309e-01   1.366084e-01   1.518048e+03
   9.380361e-04   1.211669e+00   1.321502e+00   8.290118e+00     1.4616e-01   1.340242e-01   1.339600e+03
   9.559118e-04   1.239091e+00   1.354156e+00   8.310005e+00     1.4911e-01   1.312952e-01   1.187537e+03
   9.737876e-04   1.265694e+00   1.385987e+00   8.321156e+00     1.5211e-01   1.291125e-01   1.057186e+03
   9.916633e-04   1.291508e+00   1.416984e+00   8.340034e+00     1.5486e-01   1.262107e-01   9.448398e+02
   1.009539e-03   1.316561e+00   1.447202e+00   8.350398e+00     1.5766e-01   1.238542e-01   8.475202e+02
   1.027415e-03   1.340880e+00   1.476653e+00   8.360722e+00     1.6038e-01   1.214082e-01   7.628258e+02
   1.045291e-03   1.364490e+00   1.505357e+00   8.370637e+00     1.6301e-01   1.189171e-01   6.887997e+02
   1.063166e-03   1.387415e+00   1.533323e+00   8.380275e+00     1.6556e-01   1.163864e-01   6.238366e+02
   1.081042e-03   1.409675e+00   1.560610e+00   8.382655e+00     1.6817e-01   1.143040e-01   5.666079e+02
   1.098918e-03   1.431293e+00   1.587174e+00   8.390894e+00     1.7058e-01   1.117789e-01   5.160200e+02
   1.116794e-03   1.452289e+00   1.613072e+00   8.400004e+00     1.7289e-01   1.091733e-01   4.711485e+02
   1.134669e-03   1.472681e+00   1.638334e+00   8.400346e+00     1.7531e-01   1.071145e-01   4.312214e+02
   1.152545e-03   1.492487e+00   1.662968e+00   8.400986e+00     1.7766e-01   1.050113e-01   3.955885e+02
   1.170421e-03   1.511724e+00   1.686974e+00   8.401485e+00     1.7994e-01   1.029000e-01   3.636982e+02
   1.188297e-03   1.530411e+00   1.710366e+00   8.401621e+00     1.8216e-01   1.008011e-01   3.350808e+02
   1.206172e-03   1.548561e+00   1.733157e+00   8.401460e+00     1.8432e-01   9.871604e-02   3.093348e+02
   1.224048e-03   1.566191e+00   1.755367e+00   8.400995e+00     1.8643e-01   9.665010e-02   2.861157e+02
   1.241924e-03   1.583314e+00   1.777017e+00   8.400433e+00     1.8848e-01   9.459580e-02   2.651265e+02
   1.259800e-03   1.599946e+00   1.798122e+00   8.400037e+00     1.9047e-01   9.254290e-02   2.461107e+02
   1.277675e-03   1.616101e+00   1.818701e+00   8.391570e+00     1.9259e-01   9.094080e-02   2.288452e+02
   1.295551e-03   1.631790e+00   1.838717e+00   8.390341e+00     1.9448e-01   8.895658e-02   2.131395e+02
   1.313427e-03   1.647026e+00   1.858261e+00   8.381995e+00     1.9650e-01   8.736166e-02   1.988217e+02
   1.331303e-03   1.661823e+00   1.877265e+00   8.380288e+00     1.9830e-01   8.543669e-02   1.857478e+02
   1.349178e-03   1.676192e+00   1.895804e+00   8.371424e+00     2.0023e-01   8.389309e-02   1.737851e+02
   1.367054e-03   1.690145e+00   1.913820e+00   8.370027e+00     2.0193e-01   8.199577e-02   1.628228e+02
   1.384930e-03   1.703691e+00   1.931401e+00   8.360442e+00     2.0378e-01   8.052018e-02   1.527584e+02
   1.402806e-03   1.716844e+00   1.948531e+00   8.351242e+00     2.0558e-01   7.904122e-02   1.435040e+02
   1.420681e-03   1.729612e+00   1.965187e+00   8.342003e+00     2.0734e-01   7.758115e-02   1.349813e+02
   1.438557e-03   1.742006e+00   1.981376e+00   8.340006e+00     2.0887e-01   7.581019e-02   1.271219e+02
   1.456433e-03   1.754036e+00   1.997163e+00   8.330088e+00     2.1057e-01   7.442442e-02   1.198616e+02
   1.474309e-03   1.765711e+00   2.012546e+00   8.320219e+00     2.1222e-01   7.305588e-02   1.131462e+02
   1.492184e-03   1.777041e+00   2.027487e+00   8.310326e+00     2.1384e-01   7.170873e-02   1.069262e+02
   1.510060e-03   1.788034e+00   2.042043e+00   8.300390e+00     2.1542e-01   7.038441e-02   1.011577e+02
   1.527936e-03   1.798700e+00   2.056194e+00   8.290386e+00     2.1696e-01   6.908454e-02   9.580091e+01
   1.545812e-03   1.809047e+00   2.069966e+00   8.280349e+00     2.1847e-01   6.780793e-02   9.082041e+01
   1.563687e-03   1.819083e+00   2.083348e+00   8.270258e+00     2.1995e-01   6.655578e-02   8.618417e+01
   1.581563e-03   1.828816e+00   2.096382e+00   8.260148e+00     2.2140e-01   6.532686e-02   8.186336e+01
   1.599439e-03   1.838254e+00   2.109022e+00   8.250036e+00     2.2282e-01   6.412065e-02   7.783195e+01
   1.617315e-03   1.847405e+00   2.121367e+00   8.232656e+00     2.2440e-01   6.321494e-02   7.406574e+01
   1.635190e-03   1.854540e+00   2.130952e+00   8.230015e+00     2.2534e-01   6.207131e-02   7.122320e+01
   1.653066e-03   1.861228e+00   2.139978e+00   8.220092e+00     2.2642e-01   6.126100e-02   6.862437e+01
   1.670942e-03   1.867665e+00   2.148710e+00   8.210191e+00     2.2748e-01   6.046965e-02   6.617853e+01
   1.688818e-03   1.873858e+00   2.157087e+00   8.200331e+00     2.2851e-01   5.969540e-02   6.387389e+01
   1.706693e-03   1.879811e+00   2.165181e+00   8.190477e+00     2.2951e-01   5.893859e-02   6.169974e+01
   1.724569e-03   1.885532e+00   2.172976e+00   8.180603e+00     2.3049e-01   5.819935e-02   5.964630e+01
   1.742445e-03   1.891028e+00   2.180454e+00   8.170739e+00     2.3144e-01   5.747595e-02   5.770473e+01
   1.760321e-03   1.896306e+00   2.187667e+00   8.160867e+00     2.3237e-01   5.676838e-02   5.586694e+01
   1.778196e-03   1.901372e+00   2.194612e+00   8.150981e+00     2.3327e-01   5.607629e-02   5.412557e+01
   1.796072e-03   1.906233e+00   2.201254e+00   8.141013e+00     2.3415e-01   5.540152e-02   5.247389e+01
   1.813948e-03   1.910895e+00   2.207654e+00   8.131225e+00     2.3501e-01   5.473473e-02   5.090580e+01
   1.831824e-03   1.915366e+00   2.213810e+00   8.121183e+00     2.3585e-01   5.409013e-02   4.941559e+01
   1.849699e-03   1.919652e+00   2.219713e+00   8.111212e+00     2.3667e-01   5.345638e-02   4.799817e+01
   1.867575e-03   1.923758e+00   2.225359e+00   8.101159e+00     2.3747e-01   5.283816e-02   4.664878e+01
   1.885451e-03   1.927690e+00   2.230785e+00   8.091103e+00     2.3825e-01   5.223256e-02   4.536306e+01
   1.903327e-03   1.931455e+00   2.236000e+00   8.081130e+00     2.3901e-01   5.163651e-02   4.413703e+01
   1.921202e-03   1.935057e+00   2.241001e+00   8.070978e+00     2.3975e-01   5.105801e-02   4.296694e+01
   1.939078e-03   1.938503e+00   2.245761e+00   8.060915e+00     2.4048e-01   5.048832e-02   4.184942e+01
   1.956954e-03   1.941796e+00   2.250326e+00   8.050880e+00     2.4119e-01   4.992911e-02   4.078131e+01
   1.974830e-03   1.944943e+00   2.254697e+00   8.040720e+00     2.4189e-01   4.938479e-02   3.975967e+01
   1.992705e-03   1.947947e+00   2.258885e+00   8.030639e+00     2.4256e-01   4.884888e-02   3.878181e+01
   2.010581e-03   1.950814e+00   2.262893e+00   8.020524e+00     2.4323e-01   4.832457e-02   3.784521e+01
   2.028457e-03   1.953548e+00   2.266708e+00   8.010461e+00     2.4387e-01   4.780904e-02   3.694755e+01
   2.046333e-03   1.956154e+00   2.270336e+00   8.000382e+00     2.4451e-01   4.730413e-02   3.608666e+01
   2.064208e-03   1.958634e+00   2.273799e+00   7.990274e+00     2.4513e-01   4.680996e-02   3.526050e+01
   2.082084e-03   1.960995e+00   2.277103e+00   7.980195e+00     2.4573e-01   4.632463e-02   3.446722e+01
   2.099960e-03   1.963238e+00   2.280252e+00   7.970129e+00     2.4632e-01   4.584842e-02   3.370505e+01
   2.117836e-03   1.965369e+00   2.283248e+00   7.960059e+00     2.4690e-01   4.538163e-02   3.297236e+01
   2.135711e-03   1.967390e+00   2.286099e+00   7.950033e+00     2.4747e-01   4.492273e-02   3.226762e+01
   2.153587e-03   1.969306e+00   2.288805e+00   7.940007e+00     2.4802e-01   4.447271e-02   3.158939e+01
   2.171463e-03   1.971118e+00   2.291398e+00   7.922575e+00     2.4880e-01   4.423704e-02   3.093591e+01
   2.189339e-03   1.972832e+00   2.293824e+00   7.912271e+00     2.4934e-01   4.381033e-02   3.030682e+01
   2.207214e-03   1.974449e+00   2.296094e+00   7.902055e+00     2.4987e-01   4.338954e-02   2.970051e+01
   2.225090e-03   1.975974e+00   2.298234e+00   7.891691e+00     2.5039e-01   4.298090e-02   2.911581e+01
   2.242966e-03   1.977408e+00   2.300256e+00   7.881507e+00     2.5089e-01   4.257543e-02   2.855176e+01
   2.260842e-03   1.978754e+00   2.302157e+00   7.871269e+00     2.5139e-01   4.217920e-02   2.800732e+01
   2.278717e-03   1.980016e+00   2.303943e+00   7.861095e+00     2.5188e-01   4.178898e-02   2.748161e+01
   2.296593e-03   1.981196e+00   2.305617e+00   7.850926e+00     2.5235e-01   4.140617e-02   2.697375e+01
   2.314469e-03   1.982296e+00   2.307183e+00   7.840740e+00     2.5282e-01   4.103120e-02   2.648291e+01
   2.332345e-03   1.983319e+00   2.308642e+00   7.830573e+00     2.5328e-01   4.066295e-02   2.600835e+01
   2.350220e-03   1.984267e+00   2.309999e+00   7.820439e+00     2.5373e-01   4.030097e-02   2.554932e+01
   2.368096e-03   1.985143e+00   2.311240e+00   7.810348e+00     2.5417e-01   3.994484e-02   2.510515e+01
   2.385972e-03   1.985948e+00   2.312379e+00   7.800278e+00     2.5460e-01   3.959502e-02   2.467519e+01
   2.403848e-03   1.986685e+00   2.313422e+00   7.790176e+00     2.5502e-01   3.925273e-02   2.425882e+01
   2.421723e-03   1.987356e+00   2.314376e+00   7.780136e+00     2.5544e-01   3.891545e-02   2.385548e+01
   2.439599e-03   1.987963e+00   2.315241e+00   7.770081e+00     2.5585e-01   3.858502e-02   2.346461e+01
   2.457475e-03   1.988508e+00   2.316018e+00   7.760040e+00     2.5625e-01   3.826056e-02   2.308569e+01
   2.475351e-03   1.988993e+00   2.316712e+00   7.750026e+00     2.5664e-01   3.794163e-02   2.271824e+01
   2.493226e-03   1.989419e+00   2.317325e+00   7.740011e+00     2.5703e-01   3.762883e-02   2.236178e+01
   2.511102e-03   1.989788e+00   2.317859e+00   7.730001e+00     2.5741e-01   3.732188e-02   2.201587e+01
   2.528978e-03   1.990102e+00   2.318356e+00   7.712527e+00     2.5804e-01   3.719964e-02   2.167973e+01
   2.546854e-03   1.990363e+00   2.318733e+00   7.702388e+00     2.5841e-01   3.690622e-02   2.135371e+01
   2.564729e-03   1.990572e+00   2.319037e+00   7.692254e+00     2.5878e-01   3.661827e-02   2.103705e+01
   2.582605e-03   1.990731e+00   2.319269e+00   7.682088e+00     2.5914e-01   3.633657e-02   2.072937e+01
   2.600481e-03   1.990841e+00   2.319437e+00   7.672059e+00     2.5949e-01   3.605708e-02   2.043037e+01
   2.618357e-03   1.990904e+00   2.319527e+00   7.661991e+00     2.5984e-01   3.578383e-02   2.013968e+01
   2.636232e-03   1.990920e+00   2.319539e+00   7.651862e+00     2.6019e-01   3.551715e-02   1.985698e+01
   2.654108e-03   1.990892e+00   2.319489e+00   7.641725e+00     2.6053e-01   3.525575e-02   1.958200e+01
   2.671984e-03   1.990821e+00   2.319382e+00   7.631726e+00     2.6086e-01   3.499623e-02   1.931446e+01
   2.689860e-03   1.990708e+00   2.319214e+00   7.621717e+00     2.6119e-01   3.474184e-02   1.905409e+01
   2.707735e-03   1.990554e+00   2.318991e+00   7.611695e+00     2.6151e-01   3.449259e-02   1.880061e+01
   2.725611e-03   1.990360e+00   2.318712e+00   7.601728e+00     2.6183e-01   3.424686e-02   1.855379e+01
   2.743487e-03   1.990128e+00   2.318379e+00   7.591681e+00     2.6215e-01   3.400755e-02   1.831338e+01
   2.761363e-03   1.989859e+00   2.317995e+00   7.581696e+00     2.6246e-01   3.377142e-02   1.807918e+01
   2.779238e-03   1.989553e+00   2.317561e+00   7.571744e+00     2.6276e-01   3.353905e-02   1.785096e+01
   2.797114e-03   1.989212e+00   2.317079e+00   7.561794e+00     2.6306e-01   3.331107e-02   1.762851e+01
   2.814990e-03   1.988838e+00   2.316527e+00   7.551931e+00     2.6335e-01   3.308551e-02   1.741166e+01
   2.832866e-03   1.988430e+00   2.315927e+00   7.541992e+00     2.6365e-01   3.286585e-02   1.720018e+01
   2.850741e-03   1.987990e+00   2.315281e+00   7.532026e+00     2.6394e-01   3.265095e-02   1.699390e+01
   2.868617e-03   1.987518e+00   2.314594e+00   7.522208e+00     2.6422e-01   3.243697e-02   1.679269e+01
   2.886493e-03   1.987016e+00   2.313864e+00   7.512311e+00     2.6450e-01   3.222870e-02   1.659633e+01
   2.904369e-03   1.986485e+00   2.313093e+00   7.502476e+00     2.6478e-01   3.202310e-02   1.640470e+01
   2.922244e-03   1.985926e+00   2.312285e+00   7.492695e+00     2.6505e-01   3.182025e-02   1.621764e+01
   2.940120e-03   1.985338e+00   2.311391e+00   7.490011e+00     2.6506e-01   3.147240e-02   1.603534e+01
   2.957996e-03   1.984724e+00   2.310484e+00   7.480029e+00     2.6534e-01   3.128209e-02   1.585698e+01
   2.975872e-03   1.984083e+00   2.309541e+00   7.470059e+00     2.6560e-01   3.109519e-02   1.568276e+01
   2.993747e-03   1.983418e+00   2.308566e+00   7.460113e+00     2.6587e-01   3.091139e-02   1.551256e+01
   3.011623e-03   1.982727e+00   2.307559e+00   7.450188e+00     2.6613e-01   3.073065e-02   1.534624e+01
   3.029499e-03   1.982013e+00   2.306519e+00   7.440286e+00     2.6639e-01   3.055290e-02   1.518369e+01
   3.047375e-03   1.981275e+00   2.305452e+00   7.430400e+00     2.6664e-01   3.037823e-02   1.502479e+01
   3.065251e-03   1.980515e+00   2.304354e+00   7.420537e+00     2.6690e-01   3.020645e-02   1.486943e+01
   3.083126e-03   1.979733e+00   2.303215e+00   7.410699e+00     2.6715e-01   3.003743e-02   1.471751e+01
   3.101002e-03   1.978930e+00   2.302031e+00   7.400958e+00     2.6739e-01   2.986969e-02   1.456893e+01
   3.118878e-03   1.978106e+00   2.300824e+00   7.391265e+00     2.6763e-01   2.970421e-02   1.442358e+01
   3.136754e-03   1.977262e+00   2.299588e+00   7.381555e+00     2.6787e-01   2.954220e-02   1.428137e+01
   3.154629e-03   1.976399e+00   2.298330e+00   7.371949e+00     2.6810e-01   2.938125e-02   1.414223e+01
   3.172505e-03   1.975516e+00   2.297044e+00   7.362385e+00     2.6833e-01   2.922252e-02   1.400606e+01
   3.190381e-03   1.974616e+00   2.295692e+00   7.360007e+00     2.6829e-01   2.892588e-02   1.387309e+01
   3.208257e-03   1.973698e+00   2.294328e+00   7.350053e+00     2.6853e-01   2.878142e-02   1.374263e+01
   3.226132e-03   1.972763e+00   2.292949e+00   7.340172e+00     2.6876e-01   2.863838e-02   1.361489e+01
   3.244008e-03   1.971811e+00   2.291550e+00   7.330329e+00     2.6899e-01   2.849737e-02   1.348978e+01
   3.261884e-03   1.970843e+00   2.290137e+00   7.320556e+00     2.6922e-01   2.835775e-02   1.336723e+01
   3.279760e-03   1.969859e+00   2.288706e+00   7.310904e+00     2.6944e-01   2.821853e-02   1.324717e+01
   3.297635e-03   1.968860e+00   2.287259e+00   7.301240e+00     2.6966e-01   2.808221e-02   1.312954e+01
   3.315511e-03   1.967846e+00   2.285770e+00   7.291812e+00     2.6987e-01   2.794407e-02   1.301429e+01
   3.333387e-03   1.966818e+00   2.284254e+00   7.282348e+00     2.7008e-01   2.780926e-02   1.290134e+01
   3.351263e-03   1.965776e+00   2.282656e+00   7.280019e+00     2.7002e-01   2.754242e-02   1.279098e+01
   3.369138e-03   1.964720e+00   2.281114e+00   7.270104e+00     2.7025e-01   2.742183e-02   1.268250e+01
   3.387014e-03   1.963652e+00   2.279562e+00   7.260330e+00     2.7046e-01   2.730101e-02   1.257613e+01
   3.404890e-03   1.962570e+00   2.277959e+00   7.250653e+00     2.7068e-01   2.718078e-02   1.247182e+01
   3.422766e-03   1.961477e+00   2.276345e+00   7.241102e+00     2.7088e-01   2.706055e-02   1.236951e+01
   3.440641e-03   1.960372e+00   2.274720e+00   7.231604e+00     2.7108e-01   2.694171e-02   1.226916e+01
   3.458517e-03   1.959255e+00   2.273085e+00   7.222356e+00     2.7128e-01   2.682063e-02   1.217075e+01
   3.476393e-03   1.958127e+00   2.271390e+00   7.220022e+00     2.7121e-01   2.657501e-02   1.207453e+01
   3.494269e-03   1.956989e+00   2.269693e+00   7.210180e+00     2.7142e-01   2.646997e-02   1.197984e+01
   3.512144e-03   1.955839e+00   2.267995e+00   7.200496e+00     2.7163e-01   2.636418e-02   1.188691e+01
   3.530020e-03   1.954680e+00   2.266291e+00   7.190921e+00     2.7183e-01   2.625852e-02   1.179568e+01
   3.547896e-03   1.953511e+00   2.264585e+00   7.181521e+00     2.7202e-01   2.615182e-02   1.170613e+01
   3.565772e-03   1.952333e+00   2.262869e+00   7.172349e+00     2.7220e-01   2.604319e-02   1.161824e+01
   3.583647e-03   1.951145e+00   2.261035e+00   7.170046e+00     2.7212e-01   2.581343e-02   1.153230e+01
   3.601523e-03   1.949949e+00   2.259268e+00   7.160261e+00     2.7233e-01   2.572047e-02   1.144763e+01
   3.619399e-03   1.948744e+00   2.257504e+00   7.150649e+00     2.7253e-01   2.562636e-02   1.136446e+01
   3.637275e-03   1.947531e+00   2.255739e+00   7.141268e+00     2.7272e-01   2.553007e-02   1.128276e+01
   3.655150e-03   1.946310e+00   2.253932e+00   7.132052e+00     2.7290e-01   2.543281e-02   1.120252e+01
   3.673026e-03   1.945081e+00   2.252044e+00   7.130018e+00     2.7280e-01   2.521095e-02   1.112404e+01
   3.690902e-03   1.943845e+00   2.250227e+00   7.120211e+00     2.7300e-01   2.512851e-02   1.104668e+01
   3.708778e-03   1.942601e+00   2.248411e+00   7.110658e+00     2.7320e-01   2.504336e-02   1.097065e+01
   3.726653e-03   1.941351e+00   2.246551e+00   7.101268e+00     2.7338e-01   2.495715e-02   1.089590e+01
   3.744529e-03   1.940094e+00   2.244694e+00   7.092240e+00     2.7355e-01   2.486648e-02   1.082248e+01
   3.762405e-03   1.938830e+00   2.242781e+00   7.090045e+00     2.7346e-01   2.465924e-02   1.075065e+01
   3.780281e-03   1.937560e+00   2.240908e+00   7.080330e+00     2.7365e-01   2.458453e-02   1.067978e+01
   3.798156e-03   1.936284e+00   2.239011e+00   7.070873e+00     2.7384e-01   2.450699e-02   1.061007e+01
   3.816032e-03   1.935003e+00   2.237119e+00   7.061694e+00     2.7401e-01   2.442634e-02   1.054153e+01
   3.833908e-03   1.933716e+00   2.235188e+00   7.060005e+00     2.7390e-01   2.421929e-02   1.047448e+01
   3.851784e-03   1.932423e+00   2.233258e+00   7.050199e+00     2.7409e-01   2.415324e-02   1.040831e+01
   3.869659e-03   1.931125e+00   2.231331e+00   7.040716e+00     2.7428e-01   2.408322e-02   1.034320e+01
   3.887535e-03   1.929823e+00   2.229413e+00   7.031537e+00     2.7445e-01   2.400955e-02   1.027915e+01
   3.905411e-03   1.928515e+00   2.227500e+00   7.022668e+00     2.7461e-01   2.393231e-02   1.021618e+01
   3.923287e-03   1.927204e+00   2.225482e+00   7.020175e+00     2.7452e-01   2.374934e-02   1.015459e+01
   3.941162e-03   1.925887e+00   2.223533e+00   7.010681e+00     2.7471e-01   2.368612e-02   1.009368e+01
   3.959038e-03   1.924567e+00   2.221598e+00   7.001566e+00     2.7488e-01   2.361798e-02   1.003373e+01
   3.976914e-03   1.923242e+00   2.219582e+00   7.000003e+00     2.7475e-01   2.342534e-02   9.975068e+00
   3.994790e-03   1.921914e+00   2.217601e+00   6.990206e+00     2.7494e-01   2.337207e-02   9.917133e+00
   4.012665e-03   1.920582e+00   2.215642e+00   6.980844e+00     2.7512e-01   2.331288e-02   9.860074e+00
   4.030541e-03   1.919246e+00   2.213695e+00   6.971827e+00     2.7529e-01   2.324935e-02   9.803898e+00
   4.048417e-03   1.917907e+00   2.211623e+00   6.970028e+00     2.7516e-01   2.306826e-02   9.748952e+00
   4.066293e-03   1.916565e+00   2.209640e+00   6.960390e+00     2.7535e-01   2.301826e-02   9.694620e+00
   4.084168e-03   1.915220e+00   2.207678e+00   6.951186e+00     2.7552e-01   2.296235e-02   9.641088e+00
   4.102044e-03   1.913872e+00   2.205669e+00   6.942324e+00     2.7568e-01   2.290219e-02   9.588383e+00
   4.119920e-03   1.912521e+00   2.203599e+00   6.940150e+00     2.7557e-01   2.273446e-02   9.536876e+00
   4.137796e-03   1.911168e+00   2.201621e+00   6.930750e+00     2.7575e-01   2.268613e-02   9.485844e+00
   4.155671e-03   1.909812e+00   2.199597e+00   6.921764e+00     2.7591e-01   2.263228e-02   9.435559e+00
   4.173547e-03   1.908454e+00   2.197524e+00   6.920042e+00     2.7579e-01   2.246234e-02   9.386394e+00
   4.191423e-03   1.907093e+00   2.195527e+00   6.910468e+00     2.7597e-01   2.242099e-02   9.337719e+00
   4.209299e-03   1.905731e+00   2.193494e+00   6.901413e+00     2.7614e-01   2.237237e-02   9.289729e+00
   4.227174e-03   1.904366e+00   2.191418e+00   6.900005e+00     2.7599e-01   2.220233e-02   9.242762e+00
   4.245050e-03   1.903000e+00   2.189405e+00   6.890316e+00     2.7618e-01   2.216680e-02   9.196304e+00
   4.262926e-03   1.901632e+00   2.187361e+00   6.881174e+00     2.7635e-01   2.212355e-02   9.150477e+00
   4.280802e-03   1.900262e+00   2.185337e+00   6.872519e+00     2.7650e-01   2.207371e-02   9.105336e+00
   4.298677e-03   1.898891e+00   2.183255e+00   6.870232e+00     2.7639e-01   2.192409e-02   9.061221e+00
   4.316553e-03   1.897519e+00   2.181207e+00   6.861016e+00     2.7657e-01   2.188580e-02   9.017432e+00
   4.334429e-03   1.896145e+00   2.179180e+00   6.852429e+00     2.7671e-01   2.183867e-02   8.974290e+00
   4.352305e-03   1.894770e+00   2.177086e+00   6.850208e+00     2.7660e-01   2.169249e-02   8.932120e+00
   4.370180e-03   1.893394e+00   2.175035e+00   6.840997e+00     2.7677e-01   2.165774e-02   8.890254e+00
   4.388056e-03   1.892017e+00   2.173010e+00   6.832320e+00     2.7692e-01   2.161564e-02   8.848973e+00
   4.405932e-03   1.890639e+00   2.170899e+00   6.830229e+00     2.7680e-01   2.147179e-02   8.808673e+00
   4.423808e-03   1.889260e+00   2.168853e+00   6.821067e+00     2.7697e-01   2.143975e-02   8.768619e+00
   4.441683e-03   1.887881e+00   2.166830e+00   6.812531e+00     2.7712e-01   2.139898e-02   8.729138e+00
   4.459559e-03   1.886501e+00   2.164702e+00   6.810285e+00     2.7701e-01   2.126172e-02   8.690573e+00
   4.477435e-03   1.885120e+00   2.162665e+00   6.801241e+00     2.7717e-01   2.123117e-02   8.652230e+00
   4.495311e-03   1.883739e+00   2.160570e+00   6.800005e+00     2.7702e-01   2.108093e-02   8.614707e+00
   4.513186e-03   1.882358e+00   2.158503e+00   6.790387e+00     2.7721e-01   2.106164e-02   8.577532e+00
   4.531062e-03   1.880977e+00   2.156475e+00   6.781512e+00     2.7737e-01   2.103170e-02   8.540805e+00
   4.548938e-03   1.879595e+00   2.154356e+00   6.780033e+00     2.7723e-01   2.088928e-02   8.504910e+00
   4.566814e-03   1.878213e+00   2.152304e+00   6.770627e+00     2.7741e-01   2.086977e-02   8.469283e+00
   4.584689e-03   1.876831e+00   2.150289e+00   6.761930e+00     2.7756e-01   2.084023e-02   8.434090e+00
   4.602565e-03   1.875450e+00   2.148145e+00   6.760139e+00     2.7743e-01   2.070646e-02   8.399742e+00
   4.620441e-03   1.874068e+00   2.146114e+00   6.750931e+00     2.7760e-01   2.068688e-02   8.365569e+00
   4.638317e-03   1.872686e+00   2.144074e+00   6.742477e+00     2.7774e-01   2.065667e-02   8.331844e+00
   4.656192e-03   1.871305e+00   2.141947e+00   6.740349e+00     2.7763e-01   2.053175e-02   8.298956e+00
   4.674068e-03   1.869924e+00   2.139924e+00   6.731436e+00     2.7779e-01   2.051054e-02   8.266166e+00
   4.691944e-03   1.868544e+00   2.137792e+00   6.730053e+00     2.7764e-01   2.037672e-02   8.234151e+00
   4.709820e-03   1.867164e+00   2.135767e+00   6.720709e+00     2.7782e-01   2.036408e-02   8.202323e+00
   4.727695e-03   1.865784e+00   2.133714e+00   6.712194e+00     2.7797e-01   2.033970e-02   8.170872e+00
   4.745571e-03   1.864405e+00   2.131605e+00   6.710265e+00     2.7784e-01   2.021765e-02   8.140215e+00
   4.763447e-03   1.863027e+00   2.129566e+00   6.701295e+00     2.7801e-01   2.020202e-02   8.109635e+00
   4.781323e-03   1.861650e+00   2.127456e+00   6.700039e+00     2.7786e-01   2.007213e-02   8.079775e+00
   4.799198e-03   1.860273e+00   2.125430e+00   6.690683e+00     2.7804e-01   2.006422e-02   8.050082e+00
   4.817074e-03   1.858897e+00   2.123378e+00   6.682264e+00     2.7818e-01   2.004303e-02   8.020734e+00
   4.834950e-03   1.857522e+00   2.121293e+00   6.680287e+00     2.7806e-01   1.992725e-02   7.992129e+00
   4.852826e-03   1.856147e+00   2.119238e+00   6.671418e+00     2.7822e-01   1.991455e-02   7.963571e+00
   4.870701e-03   1.854774e+00   2.117152e+00   6.670062e+00     2.7807e-01   1.979170e-02   7.935719e+00
   4.888577e-03   1.853402e+00   2.115109e+00   6.660886e+00     2.7825e-01   1.978538e-02   7.907975e+00
   4.906453e-03   1.852030e+00   2.113075e+00   6.652599e+00     2.7839e-01   1.976661e-02   7.880560e+00
   4.924329e-03   1.850660e+00   2.110989e+00   6.650441e+00     2.7828e-01   1.965874e-02   7.853856e+00
   4.942204e-03   1.849291e+00   2.108951e+00   6.641844e+00     2.7843e-01   1.964621e-02   7.827156e+00
   4.960080e-03   1.847924e+00   2.106883e+00   6.640192e+00     2.7829e-01   1.953296e-02   7.801171e+00
   4.977956e-03   1.846557e+00   2.104835e+00   6.631290e+00     2.7846e-01   1.952660e-02   7.775203e+00
   4.995832e-03   1.845192e+00   2.102782e+00   6.630049e+00     2.7831e-01   1.940930e-02   7.749872e+00
   5.013707e-03   1.843828e+00   2.100727e+00   6.620871e+00     2.7849e-01   1.940865e-02   7.724630e+00
   5.031583e-03   1.842465e+00   2.098676e+00   6.620000e+00     2.7832e-01   1.928788e-02   7.699925e+00
   5.049459e-03   1.841104e+00   2.096631e+00   6.610541e+00     2.7851e-01   1.929294e-02   7.675386e+00
   5.067335e-03   1.839745e+00   2.094622e+00   6.602121e+00     2.7866e-01   1.928341e-02   7.651073e+00
   5.085210e-03   1.838386e+00   2.092546e+00   6.600291e+00     2.7853e-01   1.917953e-02   7.627432e+00
   5.103086e-03   1.837030e+00   2.090533e+00   6.591579e+00     2.7869e-01   1.917576e-02   7.603751e+00
   5.120962e-03   1.835674e+00   2.088472e+00   6.590168e+00     2.7855e-01   1.906770e-02   7.580729e+00
   5.138838e-03   1.834321e+00   2.086454e+00   6.581243e+00     2.7872e-01   1.906854e-02   7.557690e+00
   5.156713e-03   1.832969e+00   2.084407e+00   6.580061e+00     2.7856e-01   1.895896e-02   7.535242e+00
   5.174589e-03   1.831619e+00   2.082389e+00   6.570969e+00     2.7874e-01   1.896370e-02   7.512829e+00
   5.192465e-03   1.830270e+00   2.080354e+00   6.570017e+00     2.7858e-01   1.885258e-02   7.490938e+00
   5.210341e-03   1.828923e+00   2.078333e+00   6.560741e+00     2.7877e-01   1.886142e-02   7.469131e+00
   5.228216e-03   1.827578e+00   2.076365e+00   6.552598e+00     2.7891e-01   1.885454e-02   7.447535e+00
   5.246092e-03   1.826235e+00   2.074289e+00   6.550583e+00     2.7879e-01   1.876129e-02   7.426566e+00
   5.263968e-03   1.824893e+00   2.072326e+00   6.542361e+00     2.7893e-01   1.875694e-02   7.405528e+00
   5.281844e-03   1.823553e+00   2.070255e+00   6.540442e+00     2.7881e-01   1.866399e-02   7.385099e+00
   5.299719e-03   1.822216e+00   2.068299e+00   6.532094e+00     2.7896e-01   1.866280e-02   7.364594e+00
   5.317595e-03   1.820880e+00   2.066233e+00   6.530334e+00     2.7883e-01   1.856926e-02   7.344700e+00
   5.335471e-03   1.819546e+00   2.064283e+00   6.521891e+00     2.7899e-01   1.857074e-02   7.324721e+00
   5.353347e-03   1.818213e+00   2.062224e+00   6.520281e+00     2.7886e-01   1.847671e-02   7.305342e+00
   5.371222e-03   1.816883e+00   2.060280e+00   6.511738e+00     2.7902e-01   1.848091e-02   7.285874e+00
   5.389098e-03   1.815555e+00   2.058227e+00   6.510239e+00     2.7888e-01   1.838690e-02   7.266995e+00
   5.406974e-03   1.814229e+00   2.056290e+00   6.501638e+00     2.7904e-01   1.839321e-02   7.248026e+00
   5.424850e-03   1.812905e+00   2.054243e+00   6.500216e+00     2.7890e-01   1.829968e-02   7.229631e+00
   5.442725e-03   1.811583e+00   2.052312e+00   6.491589e+00     2.7907e-01   1.830760e-02   7.211148e+00
   5.460601e-03   1.810263e+00   2.050269e+00   6.490199e+00     2.7892e-01   1.821515e-02   7.193224e+00
   5.478477e-03   1.808945e+00   2.048350e+00   6.481588e+00     2.7909e-01   1.822407e-02   7.175214e+00
   5.496353e-03   1.807629e+00   2.046310e+00   6.480201e+00     2.7895e-01   1.813309e-02   7.157748e+00
   5.514228e-03   1.806315e+00   2.044399e+00   6.471595e+00     2.7911e-01   1.814313e-02   7.140193e+00
   5.532104e-03   1.805004e+00   2.042365e+00   6.470195e+00     2.7897e-01   1.805381e-02   7.123179e+00
   5.549980e-03   1.803694e+00   2.040454e+00   6.461632e+00     2.7914e-01   1.806442e-02   7.106063e+00
   5.567856e-03   1.802387e+00   2.038434e+00   6.460243e+00     2.7900e-01   1.797640e-02   7.089492e+00
   5.585731e-03   1.801082e+00   2.036523e+00   6.451730e+00     2.7916e-01   1.798746e-02   7.072805e+00
   5.603607e-03   1.799780e+00   2.034517e+00   6.450263e+00     2.7902e-01   1.790194e-02   7.056662e+00
   5.621483e-03   1.798479e+00   2.032605e+00   6.441802e+00     2.7919e-01   1.791339e-02   7.040384e+00
   5.639359e-03   1.797181e+00   2.030614e+00   6.440337e+00     2.7905e-01   1.782924e-02   7.024668e+00
   5.657234e-03   1.795885e+00   2.028703e+00   6.431993e+00     2.7921e-01   1.784018e-02   7.008798e+00
   5.675110e-03   1.794591e+00   2.026727e+00   6.430411e+00     2.7908e-01   1.775902e-02   6.993485e+00
   5.692986e-03   1.793300e+00   2.024817e+00   6.422261e+00     2.7923e-01   1.776839e-02   6.978021e+00
   5.710862e-03   1.792011e+00   2.022858e+00   6.420515e+00     2.7911e-01   1.769078e-02   6.963094e+00
   5.728737e-03   1.790724e+00   2.020942e+00   6.412486e+00     2.7926e-01   1.769957e-02   6.948014e+00
   5.746613e-03   1.789439e+00   2.018998e+00   6.410668e+00     2.7913e-01   1.762425e-02   6.933472e+00
   5.764489e-03   1.788157e+00   2.017024e+00   6.410005e+00     2.7896e-01   1.753369e-02   6.919034e+00
   5.782365e-03   1.786878e+00   2.015142e+00   6.400893e+00     2.7916e-01   1.755905e-02   6.904603e+00
   5.800240e-03   1.785600e+00   2.013184e+00   6.400029e+00     2.7900e-01   1.747258e-02   6.890555e+00
   5.818116e-03   1.784325e+00   2.011301e+00   6.391139e+00     2.7919e-01   1.749586e-02   6.876463e+00
   5.835992e-03   1.783053e+00   2.009361e+00   6.390107e+00     2.7903e-01   1.741297e-02   6.862799e+00
   5.853868e-03   1.781782e+00   2.007478e+00   6.381415e+00     2.7921e-01   1.743447e-02   6.849033e+00
   5.871743e-03   1.780515e+00   2.005556e+00   6.380206e+00     2.7907e-01   1.735528e-02   6.835745e+00
   5.889619e-03   1.779249e+00   2.003671e+00   6.371714e+00     2.7924e-01   1.737498e-02   6.822294e+00
   5.907495e-03   1.777986e+00   2.001764e+00   6.370370e+00     2.7910e-01   1.729886e-02   6.809374e+00
   5.925371e-03   1.776726e+00   1.999883e+00   6.362299e+00     2.7926e-01   1.731385e-02   6.796271e+00
   5.943246e-03   1.775468e+00   1.997970e+00   6.360570e+00     2.7914e-01   1.724407e-02   6.783666e+00
   5.961122e-03   1.774212e+00   1.996059e+00   6.360004e+00     2.7896e-01   1.715910e-02   6.771146e+00
   5.978998e-03   1.772959e+00   1.994198e+00   6.350929e+00     2.7917e-01   1.718923e-02   6.758611e+00
   5.996874e-03   1.771709e+00   1.992307e+00   6.350062e+00     2.7901e-01   1.710953e-02   6.746447e+00
   6.014749e-03   1.770461e+00   1.990443e+00   6.341340e+00     2.7919e-01   1.713574e-02   6.734190e+00
   6.032625e-03   1.769215e+00   1.988567e+00   6.340203e+00     2.7905e-01   1.706087e-02   6.722373e+00
   6.050501e-03   1.767972e+00   1.986708e+00   6.331792e+00     2.7922e-01   1.708371e-02   6.710385e+00
   6.068377e-03   1.766731e+00   1.984824e+00   6.330440e+00     2.7909e-01   1.701288e-02   6.698904e+00
   6.086253e-03   1.765493e+00   1.982993e+00   6.322486e+00     2.7924e-01   1.703051e-02   6.687221e+00
   6.104128e-03   1.764257e+00   1.981105e+00   6.320757e+00     2.7912e-01   1.696576e-02   6.676023e+00
   6.122004e-03   1.763024e+00   1.979250e+00   6.320031e+00     2.7896e-01   1.688812e-02   6.664916e+00
   6.139880e-03   1.761794e+00   1.977406e+00   6.311227e+00     2.7915e-01   1.691852e-02   6.653722e+00
   6.157756e-03   1.760566e+00   1.975552e+00   6.310181e+00     2.7900e-01   1.684629e-02   6.642947e+00
   6.175631e-03   1.759340e+00   1.973729e+00   6.301870e+00     2.7918e-01   1.687090e-02   6.632002e+00
   6.193507e-03   1.758117e+00   1.971867e+00   6.300466e+00     2.7905e-01   1.680450e-02   6.621530e+00
   6.211383e-03   1.756897e+00   1.970068e+00   6.292607e+00     2.7920e-01   1.682392e-02   6.610853e+00
   6.229259e-03   1.755679e+00   1.968202e+00   6.290858e+00     2.7908e-01   1.676309e-02   6.600647e+00
   6.247134e-03   1.754464e+00   1.966376e+00   6.290068e+00     2.7893e-01   1.669006e-02   6.590541e+00
   6.265010e-03   1.753251e+00   1.964565e+00   6.281476e+00     2.7911e-01   1.672050e-02   6.580301e+00
   6.282886e-03   1.752041e+00   1.962725e+00   6.280301e+00     2.7897e-01   1.665362e-02   6.570502e+00
   6.300762e-03   1.750833e+00   1.960948e+00   6.272274e+00     2.7914e-01   1.667735e-02   6.560497e+00
   6.318637e-03   1.749628e+00   1.959100e+00   6.270687e+00     2.7902e-01   1.661688e-02   6.550963e+00
   6.336513e-03   1.748426e+00   1.957296e+00   6.270037e+00     2.7885e-01   1.654451e-02   6.541497e+00
   6.354389e-03   1.747226e+00   1.955504e+00   6.261317e+00     2.7905e-01   1.657865e-02   6.531922e+00
   6.372265e-03   1.746029e+00   1.953684e+00   6.260263e+00     2.7891e-01   1.651264e-02   6.522758e+00
   6.390140e-03   1.744834e+00   1.951927e+00   6.252144e+00     2.7908e-01   1.653955e-02   6.513387e+00
   6.408016e-03   1.743642e+00   1.950100e+00   6.250682e+00     2.7895e-01   1.647986e-02   6.504487e+00
   6.425892e-03   1.742452e+00   1.948311e+00   6.250028e+00     2.7879e-01   1.640996e-02   6.495636e+00
   6.443768e-03   1.741265e+00   1.946543e+00   6.241310e+00     2.7899e-01   1.644596e-02   6.486677e+00
   6.461643e-03   1.740081e+00   1.944740e+00   6.240257e+00     2.7885e-01   1.638230e-02   6.478121e+00
   6.479519e-03   1.738899e+00   1.943010e+00   6.232241e+00     2.7902e-01   1.640977e-02   6.469354e+00
   6.497395e-03   1.737720e+00   1.941199e+00   6.230756e+00     2.7889e-01   1.635268e-02   6.461044e+00
   6.515271e-03   1.736543e+00   1.939424e+00   6.230056e+00     2.7874e-01   1.628571e-02   6.452790e+00
   6.533146e-03   1.735369e+00   1.937687e+00   6.221511e+00     2.7893e-01   1.632126e-02   6.444404e+00
   6.551022e-03   1.734197e+00   1.935896e+00   6.220366e+00     2.7879e-01   1.626107e-02   6.436428e+00
   6.568898e-03   1.733029e+00   1.934198e+00   6.212535e+00     2.7896e-01   1.628797e-02   6.428231e+00
   6.586774e-03   1.731862e+00   1.932402e+00   6.210931e+00     2.7884e-01   1.623459e-02   6.420472e+00
   6.604649e-03   1.730699e+00   1.930634e+00   6.210119e+00     2.7869e-01   1.617136e-02   6.412798e+00
   6.622525e-03   1.729537e+00   1.928936e+00   6.201835e+00     2.7888e-01   1.620522e-02   6.404939e+00
   6.640401e-03   1.728379e+00   1.927158e+00   6.200568e+00     2.7875e-01   1.614880e-02   6.397520e+00
   6.658277e-03   1.727223e+00   1.925415e+00   6.200016e+00     2.7858e-01   1.608343e-02   6.390127e+00
   6.676152e-03   1.726070e+00   1.923710e+00   6.191259e+00     2.7879e-01   1.612453e-02   6.382621e+00
   6.694028e-03   1.724919e+00   1.921952e+00   6.190300e+00     2.7865e-01   1.606538e-02   6.375506e+00
   6.711904e-03   1.723771e+00   1.920289e+00   6.182412e+00     2.7882e-01   1.609581e-02   6.368157e+00
   6.729780e-03   1.722625e+00   1.918524e+00   6.180903e+00     2.7870e-01   1.604456e-02   6.361246e+00
   6.747655e-03   1.721482e+00   1.916786e+00   6.180131e+00     2.7855e-01   1.598419e-02   6.354405e+00
   6.765531e-03   1.720342e+00   1.915125e+00   6.171918e+00     2.7874e-01   1.601984e-02   6.347372e+00
   6.783407e-03   1.719204e+00   1.913375e+00   6.170598e+00     2.7861e-01   1.596739e-02   6.340765e+00
   6.801283e-03   1.718069e+00   1.911658e+00   6.170041e+00     2.7845e-01   1.590542e-02   6.334194e+00
   6.819158e-03   1.716936e+00   1.910000e+00   6.161518e+00     2.7865e-01   1.594609e-02   6.327478e+00
   6.837034e-03   1.715806e+00   1.908266e+00   6.160422e+00     2.7852e-01   1.589194e-02   6.321158e+00
   6.854910e-03   1.714679e+00   1.906569e+00   6.160006e+00     2.7836e-01   1.582933e-02   6.314849e+00
   6.872786e-03   1.713554e+00   1.904912e+00   6.151221e+00     2.7857e-01   1.587434e-02   6.308448e+00
   6.890661e-03   1.712431e+00   1.903192e+00   6.150260e+00     2.7843e-01   1.581960e-02   6.302396e+00
   6.908537e-03   1.711312e+00   1.901585e+00   6.142405e+00     2.7861e-01   1.585319e-02   6.296103e+00
   6.926413e-03   1.710195e+00   1.899861e+00   6.140993e+00     2.7849e-01   1.580497e-02   6.290251e+00
   6.944289e-03   1.709080e+00   1.898158e+00   6.140177e+00     2.7834e-01   1.574949e-02   6.284459e+00
   6.962164e-03   1.707968e+00   1.896558e+00   6.132185e+00     2.7853e-01   1.578578e-02   6.278451e+00
   6.980040e-03   1.706858e+00   1.894846e+00   6.130824e+00     2.7841e-01   1.573803e-02   6.272863e+00
   6.997916e-03   1.705752e+00   1.893158e+00   6.130105e+00     2.7826e-01   1.568241e-02   6.267324e+00
   7.015792e-03   1.704647e+00   1.891568e+00   6.121887e+00     2.7845e-01   1.572247e-02   6.261573e+00
   7.033667e-03   1.703545e+00   1.889870e+00   6.120707e+00     2.7832e-01   1.567353e-02   6.256260e+00
   7.051543e-03   1.702446e+00   1.888197e+00   6.120073e+00     2.7817e-01   1.561789e-02   6.250970e+00
   7.069419e-03   1.701350e+00   1.886616e+00   6.111848e+00     2.7837e-01   1.565897e-02   6.245498e+00
   7.087295e-03   1.700255e+00   1.884929e+00   6.110607e+00     2.7825e-01   1.561184e-02   6.240422e+00
   7.105170e-03   1.699164e+00   1.883270e+00   6.110065e+00     2.7809e-01   1.555611e-02   6.235377e+00
   7.123046e-03   1.698075e+00   1.881700e+00   6.101761e+00     2.7829e-01   1.559906e-02   6.230157e+00
   7.140922e-03   1.696988e+00   1.880026e+00   6.100600e+00     2.7817e-01   1.555196e-02   6.225329e+00
   7.158798e-03   1.695904e+00   1.878378e+00   6.100044e+00     2.7802e-01   1.549744e-02   6.220523e+00
   7.176673e-03   1.694823e+00   1.876821e+00   6.091739e+00     2.7822e-01   1.554126e-02   6.215549e+00
   7.194549e-03   1.693744e+00   1.875157e+00   6.090577e+00     2.7809e-01   1.549518e-02   6.210958e+00
   7.212425e-03   1.692668e+00   1.873522e+00   6.090052e+00     2.7794e-01   1.544130e-02   6.206390e+00
   7.230301e-03   1.691594e+00   1.871976e+00   6.081726e+00     2.7814e-01   1.548619e-02   6.201646e+00
   7.248176e-03   1.690523e+00   1.870327e+00   6.080598e+00     2.7802e-01   1.544070e-02   6.197292e+00
   7.266052e-03   1.689454e+00   1.868700e+00   6.080057e+00     2.7787e-01   1.538803e-02   6.192957e+00
   7.283928e-03   1.688388e+00   1.867165e+00   6.071812e+00     2.7807e-01   1.543269e-02   6.188439e+00
   7.301804e-03   1.687324e+00   1.865533e+00   6.070672e+00     2.7795e-01   1.538832e-02   6.184311e+00
   7.319679e-03   1.686263e+00   1.863914e+00   6.070075e+00     2.7780e-01   1.533735e-02   6.180206e+00
   7.337555e-03   1.685204e+00   1.862386e+00   6.061854e+00     2.7800e-01   1.538245e-02   6.175890e+00
   7.355431e-03   1.684148e+00   1.860775e+00   6.060729e+00     2.7788e-01   1.533887e-02   6.171993e+00
   7.373307e-03   1.683094e+00   1.859164e+00   6.060121e+00     2.7773e-01   1.528901e-02   6.168118e+00
   7.391182e-03   1.682043e+00   1.857648e+00   6.052143e+00     2.7793e-01   1.533186e-02   6.164026e+00
   7.409058e-03   1.680994e+00   1.856055e+00   6.050903e+00     2.7781e-01   1.529062e-02   6.160328e+00
   7.426934e-03   1.679948e+00   1.854452e+00   6.050195e+00     2.7767e-01   1.524297e-02   6.156675e+00
   7.444810e-03   1.678904e+00   1.852941e+00   6.042428e+00     2.7785e-01   1.528394e-02   6.152793e+00
   7.462685e-03   1.677863e+00   1.851370e+00   6.041099e+00     2.7774e-01   1.524470e-02   6.149293e+00
   7.480561e-03   1.676824e+00   1.849774e+00   6.040279e+00     2.7761e-01   1.519938e-02   6.145857e+00
   7.498437e-03   1.675788e+00   1.848207e+00   6.040002e+00     2.7745e-01   1.514747e-02   6.142421e+00
   7.516313e-03   1.674754e+00   1.846713e+00   6.031310e+00     2.7768e-01   1.520113e-02   6.138869e+00
   7.534188e-03   1.673722e+00   1.845134e+00   6.030432e+00     2.7755e-01   1.515746e-02   6.135649e+00
   7.552064e-03   1.672693e+00   1.843570e+00   6.030026e+00     2.7739e-01   1.510808e-02   6.132429e+00
   7.569940e-03   1.671667e+00   1.842084e+00   6.021593e+00     2.7761e-01   1.515917e-02   6.129044e+00
   7.587816e-03   1.670643e+00   1.840530e+00   6.020634e+00     2.7749e-01   1.511741e-02   6.126033e+00
   7.605691e-03   1.669621e+00   1.838970e+00   6.020067e+00     2.7734e-01   1.507094e-02   6.123028e+00
   7.623567e-03   1.668602e+00   1.837495e+00   6.012002e+00     2.7755e-01   1.511811e-02   6.119813e+00
   7.641443e-03   1.667585e+00   1.835963e+00   6.010863e+00     2.7743e-01   1.507942e-02   6.116989e+00
   7.659319e-03   1.666571e+00   1.834408e+00   6.010191e+00     2.7729e-01   1.503517e-02   6.114199e+00
   7.677194e-03   1.665559e+00   1.832940e+00   6.002521e+00     2.7748e-01   1.507811e-02   6.111166e+00
   7.695070e-03   1.664549e+00   1.831420e+00   6.001239e+00     2.7737e-01   1.504200e-02   6.108513e+00
   7.712946e-03   1.663542e+00   1.829884e+00   6.000382e+00     2.7724e-01   1.500091e-02   6.105925e+00
   7.730822e-03   1.662538e+00   1.828358e+00   6.000019e+00     2.7709e-01   1.495385e-02   6.103338e+00
   7.748697e-03   1.661535e+00   1.826907e+00   5.991681e+00     2.7731e-01   1.500609e-02   6.100586e+00
   7.766573e-03   1.660536e+00   1.825398e+00   5.990678e+00     2.7719e-01   1.496764e-02   6.098190e+00
   7.784449e-03   1.659538e+00   1.823872e+00   5.990117e+00     2.7705e-01   1.492390e-02   6.095811e+00
   7.802325e-03   1.658543e+00   1.822431e+00   5.982276e+00     2.7724e-01   1.497059e-02   6.093211e+00
   7.820200e-03   1.657551e+00   1.820936e+00   5.981027e+00     2.7713e-01   1.493597e-02   6.090977e+00
   7.838076e-03   1.656560e+00   1.819428e+00   5.980301e+00     2.7700e-01   1.489513e-02   6.088803e+00
   7.855952e-03   1.655572e+00   1.817928e+00   5.980005e+00     2.7685e-01   1.484912e-02   6.086624e+00
   7.873828e-03   1.654587e+00   1.816502e+00   5.971585e+00     2.7708e-01   1.490394e-02   6.084291e+00
   7.891703e-03   1.653604e+00   1.815024e+00   5.970637e+00     2.7696e-01   1.486665e-02   6.082301e+00
   7.909579e-03   1.652623e+00   1.813523e+00   5.970121e+00     2.7682e-01   1.482420e-02   6.080323e+00
   7.927455e-03   1.651645e+00   1.812103e+00   5.962272e+00     2.7702e-01   1.487253e-02   6.078123e+00
   7.945331e-03   1.650668e+00   1.810634e+00   5.961089e+00     2.7691e-01   1.483888e-02   6.076290e+00
   7.963206e-03   1.649695e+00   1.809158e+00   5.960325e+00     2.7678e-01   1.480030e-02   6.074509e+00
   7.981082e-03   1.648723e+00   1.807681e+00   5.960017e+00     2.7663e-01   1.475627e-02   6.072726e+00
   7.998958e-03   1.647754e+00   1.806277e+00   5.951721e+00     2.7685e-01   1.481101e-02   6.070772e+00
   8.016834e-03   1.646788e+00   1.804827e+00   5.950722e+00     2.7674e-01   1.477610e-02   6.069165e+00
   8.034709e-03   1.645823e+00   1.803357e+00   5.950166e+00     2.7660e-01   1.473593e-02   6.067581e+00
   8.052585e-03   1.644861e+00   1.801955e+00   5.942492e+00     2.7680e-01   1.478355e-02   6.065746e+00
   8.070461e-03   1.643902e+00   1.800509e+00   5.941297e+00     2.7669e-01   1.475176e-02   6.064287e+00
   8.088337e-03   1.642944e+00   1.799073e+00   5.940477e+00     2.7657e-01   1.471561e-02   6.062889e+00
   8.106212e-03   1.641989e+00   1.797616e+00   5.940068e+00     2.7643e-01   1.467457e-02   6.061494e+00
   8.124088e-03   1.641036e+00   1.796232e+00   5.932112e+00     2.7664e-01   1.472652e-02   6.059886e+00
   8.141964e-03   1.640086e+00   1.794802e+00   5.931005e+00     2.7653e-01   1.469460e-02   6.058638e+00
   8.159840e-03   1.639138e+00   1.793373e+00   5.930321e+00     2.7640e-01   1.465771e-02   6.057435e+00
   8.177715e-03   1.638192e+00   1.791935e+00   5.930017e+00     2.7625e-01   1.461630e-02   6.056227e+00
   8.195591e-03   1.637248e+00   1.790566e+00   5.921799e+00     2.7648e-01   1.467230e-02   6.054840e+00
   8.213467e-03   1.636307e+00   1.789152e+00   5.920796e+00     2.7637e-01   1.464005e-02   6.053796e+00
   8.231343e-03   1.635368e+00   1.787732e+00   5.920216e+00     2.7623e-01   1.460278e-02   6.052781e+00
   8.249218e-03   1.634431e+00   1.786364e+00   5.912709e+00     2.7643e-01   1.465057e-02   6.051493e+00
   8.267094e-03   1.633496e+00   1.784955e+00   5.911497e+00     2.7633e-01   1.462150e-02   6.050578e+00
   8.284970e-03   1.632564e+00   1.783559e+00   5.910697e+00     2.7621e-01   1.458767e-02   6.049741e+00
   8.302846e-03   1.631634e+00   1.782149e+00   5.910165e+00     2.7607e-01   1.455071e-02   6.048906e+00
   8.320721e-03   1.630706e+00   1.780799e+00   5.902575e+00     2.7627e-01   1.460031e-02   6.047826e+00
   8.338597e-03   1.629781e+00   1.779404e+00   5.901397e+00     2.7617e-01   1.457171e-02   6.047100e+00
   8.356473e-03   1.628858e+00   1.778022e+00   5.900604e+00     2.7605e-01   1.453867e-02   6.046443e+00
   8.374349e-03   1.627937e+00   1.776624e+00   5.900135e+00     2.7592e-01   1.450181e-02   6.045792e+00
   8.392224e-03   1.627018e+00   1.775287e+00   5.892410e+00     2.7612e-01   1.455381e-02   6.044891e+00
   8.410100e-03   1.626101e+00   1.773908e+00   5.891351e+00     2.7602e-01   1.452465e-02   6.044367e+00
   8.427976e-03   1.625187e+00   1.772540e+00   5.890569e+00     2.7590e-01   1.449232e-02   6.043888e+00
   8.445852e-03   1.624275e+00   1.771156e+00   5.890113e+00     2.7576e-01   1.445616e-02   6.043416e+00
   8.463727e-03   1.623365e+00   1.769833e+00   5.882404e+00     2.7597e-01   1.450872e-02   6.042705e+00
   8.481603e-03   1.622457e+00   1.768467e+00   5.881335e+00     2.7587e-01   1.448051e-02   6.042354e+00
   8.499479e-03   1.621551e+00   1.767111e+00   5.880520e+00     2.7575e-01   1.444943e-02   6.042051e+00
   8.517355e-03   1.620648e+00   1.765743e+00   5.880116e+00     2.7561e-01   1.441348e-02   6.041759e+00
   8.535230e-03   1.619747e+00   1.764433e+00   5.872405e+00     2.7582e-01   1.446677e-02   6.041219e+00
   8.553106e-03   1.618848e+00   1.763079e+00   5.871322e+00     2.7572e-01   1.443956e-02   6.041041e+00
   8.570982e-03   1.617951e+00   1.761738e+00   5.870565e+00     2.7560e-01   1.440860e-02   6.040919e+00
   8.588858e-03   1.617056e+00   1.760386e+00   5.870132e+00     2.7547e-01   1.437383e-02   6.040802e+00
   8.606733e-03   1.616164e+00   1.759088e+00   5.862575e+00     2.7567e-01   1.442597e-02   6.040443e+00
   8.624609e-03   1.615274e+00   1.757748e+00   5.861441e+00     2.7558e-01   1.440016e-02   6.040422e+00
   8.642485e-03   1.614385e+00   1.756418e+00   5.860630e+00     2.7546e-01   1.437065e-02   6.040468e+00
   8.660361e-03   1.613499e+00   1.755086e+00   5.860178e+00     2.7533e-01   1.433693e-02   6.040526e+00
   8.678236e-03   1.612616e+00   1.753747e+00   5.860001e+00     2.7519e-01   1.429999e-02   6.040579e+00
   8.696112e-03   1.611734e+00   1.752468e+00   5.851565e+00     2.7544e-01   1.436375e-02   6.040465e+00
   8.713988e-03   1.610854e+00   1.751151e+00   5.850789e+00     2.7532e-01   1.433463e-02   6.040683e+00
   8.731864e-03   1.609977e+00   1.749839e+00   5.850252e+00     2.7520e-01   1.430273e-02   6.040911e+00
   8.749739e-03   1.609101e+00   1.748511e+00   5.850011e+00     2.7506e-01   1.426736e-02   6.041136e+00
   8.767615e-03   1.608228e+00   1.747245e+00   5.841853e+00     2.7529e-01   1.432840e-02   6.041171e+00
   8.785491e-03   1.607357e+00   1.745937e+00   5.840932e+00     2.7519e-01   1.430177e-02   6.041539e+00
   8.803367e-03   1.606488e+00   1.744645e+00   5.840365e+00     2.7507e-01   1.427102e-02   6.041939e+00
   8.821242e-03   1.605621e+00   1.743329e+00   5.840043e+00     2.7493e-01   1.423742e-02   6.042334e+00
   8.839118e-03   1.604756e+00   1.742074e+00   5.832173e+00     2.7516e-01   1.429558e-02   6.042508e+00
   8.856994e-03   1.603894e+00   1.740779e+00   5.831259e+00     2.7505e-01   1.426962e-02   6.043033e+00
   8.874870e-03   1.603033e+00   1.739494e+00   5.830533e+00     2.7494e-01   1.424155e-02   6.043590e+00
   8.892745e-03   1.602174e+00   1.738202e+00   5.830116e+00     2.7481e-01   1.420985e-02   6.044154e+00
   8.910621e-03   1.601318e+00   1.736953e+00   5.822530e+00     2.7502e-01   1.426520e-02   6.044459e+00
   8.928497e-03   1.600464e+00   1.735669e+00   5.821519e+00     2.7492e-01   1.424111e-02   6.045126e+00
   8.946373e-03   1.599611e+00   1.734395e+00   5.820749e+00     2.7481e-01   1.421432e-02   6.045846e+00
   8.964248e-03   1.598761e+00   1.733130e+00   5.820256e+00     2.7469e-01   1.418431e-02   6.046579e+00
   8.982124e-03   1.597913e+00   1.731844e+00   5.820015e+00     2.7455e-01   1.415135e-02   6.047308e+00
   9.000000e-03   1.597066e+00   1.730616e+00   5.811979e+00     2.7479e-01   1.421300e-02   6.047833e+00
