           rhoc              M             Mb              R              C             kl            lam
   3.123848e-04   1.443552e-01   1.457403e-01   1.428174e+01     1.0108e-02   6.271680e-03   3.963104e+07
   3.660120e-04   1.854669e-01   1.878209e-01   1.157438e+01     1.6024e-02   1.822060e-02   1.149816e+07
   4.017635e-04   2.175503e-01   2.208357e-01   1.059701e+01     2.0529e-02   2.930999e-02   5.358485e+06
   4.375150e-04   2.537039e-01   2.582222e-01   9.957857e+00     2.5478e-02   4.176051e-02   2.593392e+06
   4.553908e-04   2.731387e-01   2.784000e-01   9.727435e+00     2.8079e-02   4.803492e-02   1.834599e+06
   4.732665e-04   2.933932e-01   2.994889e-01   9.540840e+00     3.0751e-02   5.415445e-02   1.312883e+06
   4.911423e-04   3.144247e-01   3.214491e-01   9.370378e+00     3.3555e-02   6.062589e-02   9.500992e+05
   5.090180e-04   3.361928e-01   3.442458e-01   9.237411e+00     3.6395e-02   6.656837e-02   6.950021e+05
   5.268938e-04   3.586576e-01   3.678481e-01   9.131920e+00     3.9275e-02   7.200631e-02   5.136762e+05
   5.447695e-04   3.817746e-01   3.922102e-01   9.036764e+00     4.2247e-02   7.740300e-02   3.834387e+05
   5.626453e-04   4.054948e-01   4.172912e-01   8.960747e+00     4.5252e-02   8.225466e-02   2.889775e+05
   5.805210e-04   4.297679e-01   4.430406e-01   8.887960e+00     4.8354e-02   8.715296e-02   2.198020e+05
   5.983968e-04   4.545429e-01   4.694158e-01   8.826720e+00     5.1496e-02   9.162880e-02   1.686798e+05
   6.162725e-04   4.797690e-01   4.963650e-01   8.784377e+00     5.4616e-02   9.517113e-02   1.305593e+05
   6.341483e-04   5.053987e-01   5.238402e-01   8.751741e+00     5.7748e-02   9.815178e-02   1.018846e+05
   6.520240e-04   5.313862e-01   5.517988e-01   8.720548e+00     6.0935e-02   1.009799e-01   8.013306e+04
   6.698998e-04   5.576865e-01   5.802012e-01   8.691961e+00     6.4161e-02   1.035675e-01   6.349951e+04
   6.877756e-04   5.842558e-01   6.090000e-01   8.663115e+00     6.7442e-02   1.060672e-01   5.068097e+04
   7.056513e-04   6.110514e-01   6.381522e-01   8.642680e+00     7.0702e-02   1.079297e-01   4.072894e+04
   7.235271e-04   6.380317e-01   6.676138e-01   8.630381e+00     7.3929e-02   1.091367e-01   3.294718e+04
   7.414028e-04   6.651567e-01   6.973542e-01   8.611993e+00     7.7236e-02   1.105763e-01   2.682063e+04
   7.592786e-04   6.923878e-01   7.273257e-01   8.594194e+00     8.0565e-02   1.118290e-01   2.196553e+04
   7.771543e-04   7.196875e-01   7.574877e-01   8.582405e+00     8.3856e-02   1.125375e-01   1.809387e+04
   7.950301e-04   7.470200e-01   7.878005e-01   8.580011e+00     8.7065e-02   1.124727e-01   1.498767e+04
   8.129058e-04   7.743508e-01   8.182450e-01   8.563236e+00     9.0427e-02   1.131991e-01   1.248110e+04
   8.307816e-04   8.016471e-01   8.487592e-01   8.560374e+00     9.3646e-02   1.128606e-01   1.044717e+04
   8.486573e-04   8.288781e-01   8.793292e-01   8.550370e+00     9.6941e-02   1.128500e-01   8.787825e+03
   8.665331e-04   8.560150e-01   9.099248e-01   8.543837e+00     1.0019e-01   1.124735e-01   7.427057e+03
   8.844088e-04   8.830303e-01   9.404991e-01   8.533739e+00     1.0348e-01   1.122018e-01   6.305613e+03
   9.022846e-04   9.098981e-01   9.710292e-01   8.532833e+00     1.0663e-01   1.112054e-01   5.376963e+03
   9.201603e-04   9.365942e-01   1.001481e+00   8.530406e+00     1.0979e-01   1.101981e-01   4.604410e+03
   9.380361e-04   9.630957e-01   1.031849e+00   8.522146e+00     1.1301e-01   1.094619e-01   3.958852e+03
   9.559118e-04   9.893812e-01   1.062088e+00   8.512888e+00     1.1622e-01   1.086887e-01   3.417113e+03
   9.737876e-04   1.015431e+00   1.092172e+00   8.511143e+00     1.1931e-01   1.073464e-01   2.960624e+03
   1.009539e-03   1.066754e+00   1.151813e+00   8.500566e+00     1.2549e-01   1.048739e-01   2.246436e+03
   1.045291e-03   1.116937e+00   1.210612e+00   8.490575e+00     1.3155e-01   1.020960e-01   1.727669e+03
   1.063166e-03   1.141566e+00   1.239659e+00   8.483113e+00     1.3457e-01   1.007703e-01   1.522342e+03
   1.081042e-03   1.165872e+00   1.268414e+00   8.480095e+00     1.3748e-01   9.913428e-02   1.345496e+03
   1.098918e-03   1.189843e+00   1.296913e+00   8.471140e+00     1.4046e-01   9.780356e-02   1.192679e+03
   1.116794e-03   1.213472e+00   1.325118e+00   8.462675e+00     1.4339e-01   9.640412e-02   1.060217e+03
   1.134669e-03   1.236748e+00   1.352992e+00   8.460247e+00     1.4618e-01   9.463206e-02   9.450529e+02
   1.152545e-03   1.259666e+00   1.380571e+00   8.451333e+00     1.4905e-01   9.319842e-02   8.446303e+02
   1.188297e-03   1.304402e+00   1.434704e+00   8.440186e+00     1.5455e-01   8.990374e-02   6.798127e+02
   1.206172e-03   1.326211e+00   1.461259e+00   8.430435e+00     1.5731e-01   8.845756e-02   6.121119e+02
   1.224048e-03   1.347642e+00   1.487463e+00   8.421266e+00     1.6003e-01   8.696765e-02   5.524353e+02
   1.259800e-03   1.389358e+00   1.538765e+00   8.402480e+00     1.6535e-01   8.398672e-02   4.529867e+02
   1.277675e-03   1.409641e+00   1.563848e+00   8.391930e+00     1.6798e-01   8.254759e-02   4.115100e+02
   1.295551e-03   1.429537e+00   1.588554e+00   8.382136e+00     1.7055e-01   8.107018e-02   3.745984e+02
   1.313427e-03   1.449048e+00   1.612871e+00   8.371851e+00     1.7309e-01   7.961844e-02   3.416772e+02
   1.331303e-03   1.468173e+00   1.636800e+00   8.361565e+00     1.7559e-01   7.817079e-02   3.122514e+02
   1.349178e-03   1.486914e+00   1.660338e+00   8.351558e+00     1.7804e-01   7.671656e-02   2.858948e+02
   1.367054e-03   1.505271e+00   1.683482e+00   8.341549e+00     1.8045e-01   7.527125e-02   2.622394e+02
   1.384930e-03   1.523246e+00   1.706233e+00   8.331877e+00     1.8282e-01   7.382168e-02   2.409662e+02
   1.402806e-03   1.540842e+00   1.728577e+00   8.321168e+00     1.8517e-01   7.243022e-02   2.217990e+02
   1.420681e-03   1.558060e+00   1.750540e+00   8.312078e+00     1.8745e-01   7.098235e-02   2.044965e+02
   1.438557e-03   1.574904e+00   1.772080e+00   8.300728e+00     1.8973e-01   6.964616e-02   1.888497e+02
   1.456433e-03   1.591376e+00   1.793238e+00   8.280863e+00     1.9218e-01   6.867640e-02   1.746746e+02
   1.474309e-03   1.607480e+00   1.813985e+00   8.280048e+00     1.9414e-01   6.693656e-02   1.618111e+02
   1.492184e-03   1.623219e+00   1.834365e+00   8.261437e+00     1.9648e-01   6.593748e-02   1.501181e+02
   1.510060e-03   1.638598e+00   1.854326e+00   8.251002e+00     1.9859e-01   6.462591e-02   1.394720e+02
   1.527936e-03   1.653619e+00   1.873883e+00   8.240037e+00     2.0068e-01   6.335435e-02   1.297638e+02
   1.545812e-03   1.668288e+00   1.893068e+00   8.230415e+00     2.0270e-01   6.205160e-02   1.208970e+02
   1.563687e-03   1.682608e+00   1.911872e+00   8.211449e+00     2.0491e-01   6.111737e-02   1.127865e+02
   1.581563e-03   1.696585e+00   1.930267e+00   8.200951e+00     2.0688e-01   5.988419e-02   1.053571e+02
   1.599439e-03   1.710222e+00   1.948280e+00   8.190707e+00     2.0880e-01   5.866348e-02   9.854184e+01
   1.635190e-03   1.736499e+00   1.983165e+00   8.160472e+00     2.1279e-01   5.662585e-02   8.652221e+01
   1.653066e-03   1.749147e+00   2.000050e+00   8.150751e+00     2.1460e-01   5.544803e-02   8.121773e+01
   1.670942e-03   1.761476e+00   2.016545e+00   8.140019e+00     2.1640e-01   5.432737e-02   7.632560e+01
   1.688818e-03   1.773491e+00   2.032700e+00   8.120912e+00     2.1839e-01   5.350385e-02   7.180804e+01
   1.706693e-03   1.785196e+00   2.048495e+00   8.102370e+00     2.2033e-01   5.267530e-02   6.763121e+01
   1.724569e-03   1.796596e+00   2.063894e+00   8.091273e+00     2.2204e-01   5.162277e-02   6.376502e+01
   1.760321e-03   1.818503e+00   2.093635e+00   8.070208e+00     2.2534e-01   4.954803e-02   5.685761e+01
   1.778196e-03   1.829021e+00   2.108001e+00   8.050826e+00     2.2718e-01   4.881128e-02   5.376978e+01
   1.796072e-03   1.839254e+00   2.122004e+00   8.040428e+00     2.2875e-01   4.781999e-02   5.089858e+01
   1.813948e-03   1.849209e+00   2.135683e+00   8.020854e+00     2.3055e-01   4.711925e-02   4.822593e+01
   1.831824e-03   1.858889e+00   2.149012e+00   8.010583e+00     2.3205e-01   4.616283e-02   4.573556e+01
   1.849699e-03   1.868302e+00   2.162023e+00   7.990958e+00     2.3380e-01   4.549337e-02   4.341265e+01
   1.867575e-03   1.877450e+00   2.174694e+00   7.980663e+00     2.3525e-01   4.457562e-02   4.124381e+01
   1.885451e-03   1.886340e+00   2.187035e+00   7.970023e+00     2.3668e-01   4.368842e-02   3.921685e+01
   1.903327e-03   1.894977e+00   2.199074e+00   7.950090e+00     2.3836e-01   4.307250e-02   3.732069e+01
   1.921202e-03   1.903365e+00   2.210829e+00   7.931466e+00     2.3998e-01   4.243411e-02   3.554522e+01
   1.939078e-03   1.911509e+00   2.222235e+00   7.920899e+00     2.4132e-01   4.159685e-02   3.388133e+01
   1.956954e-03   1.919414e+00   2.233336e+00   7.910398e+00     2.4264e-01   4.077758e-02   3.232056e+01
   1.974830e-03   1.927085e+00   2.244146e+00   7.890290e+00     2.4423e-01   4.022165e-02   3.085526e+01
   1.992705e-03   1.934527e+00   2.254672e+00   7.880549e+00     2.4548e-01   3.941728e-02   2.947843e+01
   2.010581e-03   1.941744e+00   2.264922e+00   7.861428e+00     2.4700e-01   3.886336e-02   2.818363e+01
   2.028457e-03   1.948741e+00   2.274844e+00   7.850360e+00     2.4824e-01   3.812541e-02   2.696504e+01
   2.046333e-03   1.955522e+00   2.284531e+00   7.831462e+00     2.4970e-01   3.759238e-02   2.581720e+01
   2.064208e-03   1.962093e+00   2.293941e+00   7.812847e+00     2.5114e-01   3.706437e-02   2.473514e+01
   2.099960e-03   1.974618e+00   2.311867e+00   7.790514e+00     2.5346e-01   3.570049e-02   2.275085e+01
   2.153587e-03   1.991934e+00   2.336849e+00   7.750098e+00     2.5702e-01   3.392621e-02   2.016535e+01
   2.171463e-03   1.997329e+00   2.344690e+00   7.730560e+00     2.5837e-01   3.349346e-02   1.939437e+01
   2.189339e-03   2.002543e+00   2.352258e+00   7.720034e+00     2.5940e-01   3.287822e-02   1.866395e+01
   2.225090e-03   2.012443e+00   2.366712e+00   7.690199e+00     2.6169e-01   3.187384e-02   1.731462e+01
   2.242966e-03   2.017137e+00   2.373595e+00   7.670461e+00     2.6297e-01   3.148803e-02   1.669109e+01
   2.260842e-03   2.021665e+00   2.380229e+00   7.660033e+00     2.6392e-01   3.092279e-02   1.609886e+01
   2.314469e-03   2.034289e+00   2.398878e+00   7.611105e+00     2.6728e-01   2.965015e-02   1.449141e+01
   2.332345e-03   2.038190e+00   2.404631e+00   7.600220e+00     2.6818e-01   2.914161e-02   1.400651e+01
   2.350220e-03   2.041942e+00   2.410230e+00   7.581164e+00     2.6934e-01   2.880015e-02   1.354458e+01
   2.368096e-03   2.045550e+00   2.415575e+00   7.570294e+00     2.7021e-01   2.831342e-02   1.310431e+01
   2.385972e-03   2.049017e+00   2.420784e+00   7.551919e+00     2.7132e-01   2.797709e-02   1.268442e+01
   2.403848e-03   2.052345e+00   2.425721e+00   7.540475e+00     2.7218e-01   2.752216e-02   1.228382e+01
   2.421723e-03   2.055538e+00   2.430546e+00   7.522107e+00     2.7327e-01   2.720299e-02   1.190133e+01
   2.457475e-03   2.061531e+00   2.439493e+00   7.500088e+00     2.7487e-01   2.632821e-02   1.118696e+01
   2.475351e-03   2.064338e+00   2.443760e+00   7.481366e+00     2.7593e-01   2.604039e-02   1.085318e+01
   2.493226e-03   2.067021e+00   2.447787e+00   7.470476e+00     2.7669e-01   2.562505e-02   1.053392e+01
   2.511102e-03   2.069585e+00   2.451704e+00   7.452052e+00     2.7772e-01   2.534740e-02   1.022836e+01
   2.528978e-03   2.072031e+00   2.455374e+00   7.440597e+00     2.7848e-01   2.495957e-02   9.935828e+00
   2.546854e-03   2.074362e+00   2.458903e+00   7.430220e+00     2.7918e-01   2.456320e-02   9.655601e+00
   2.564729e-03   2.076581e+00   2.462318e+00   7.411541e+00     2.8018e-01   2.431208e-02   9.387039e+00
   2.582605e-03   2.078692e+00   2.465495e+00   7.400227e+00     2.8090e-01   2.394788e-02   9.129576e+00
   2.600481e-03   2.080695e+00   2.468548e+00   7.390039e+00     2.8155e-01   2.357441e-02   8.882617e+00
   2.618357e-03   2.082594e+00   2.471483e+00   7.370896e+00     2.8254e-01   2.335126e-02   8.645636e+00
   2.636232e-03   2.084392e+00   2.474281e+00   7.352731e+00     2.8349e-01   2.311851e-02   8.418115e+00
   2.654108e-03   2.086090e+00   2.476866e+00   7.341698e+00     2.8414e-01   2.278085e-02   8.199658e+00
   2.689860e-03   2.089198e+00   2.481671e+00   7.312479e+00     2.8570e-01   2.223782e-02   7.787993e+00
   2.707735e-03   2.090613e+00   2.483805e+00   7.300646e+00     2.8636e-01   2.193437e-02   7.594031e+00
   2.725611e-03   2.091937e+00   2.485836e+00   7.290200e+00     2.8695e-01   2.161750e-02   7.407442e+00
   2.743487e-03   2.093174e+00   2.487801e+00   7.271779e+00     2.8785e-01   2.142522e-02   7.227882e+00
   2.761363e-03   2.094324e+00   2.489560e+00   7.260841e+00     2.8844e-01   2.112888e-02   7.055058e+00
   2.797114e-03   2.096376e+00   2.492785e+00   7.232167e+00     2.8987e-01   2.065378e-02   6.728289e+00
   2.814990e-03   2.097281e+00   2.494170e+00   7.221170e+00     2.9044e-01   2.037763e-02   6.573807e+00
   2.832866e-03   2.098109e+00   2.495431e+00   7.210184e+00     2.9099e-01   2.010780e-02   6.424883e+00
   2.850741e-03   2.098860e+00   2.496607e+00   7.200202e+00     2.9150e-01   1.983046e-02   6.281270e+00
   2.868617e-03   2.099538e+00   2.497687e+00   7.180798e+00     2.9238e-01   1.968828e-02   6.142735e+00
   2.886493e-03   2.100143e+00   2.498624e+00   7.170466e+00     2.9289e-01   1.942697e-02   6.009060e+00
   2.922244e-03   2.101144e+00   2.500242e+00   7.141770e+00     2.9420e-01   1.902913e-02   5.755429e+00
   2.940120e-03   2.101543e+00   2.500829e+00   7.130423e+00     2.9473e-01   1.879786e-02   5.635103e+00
   2.957996e-03   2.101877e+00   2.501340e+00   7.120045e+00     2.9521e-01   1.855931e-02   5.518840e+00
   2.975872e-03   2.102147e+00   2.501830e+00   7.102025e+00     2.9599e-01   1.842506e-02   5.406462e+00
   2.993747e-03   2.102355e+00   2.502130e+00   7.090997e+00     2.9648e-01   1.820474e-02   5.297844e+00
   3.011623e-03   2.102502e+00   2.502356e+00   7.080671e+00     2.9694e-01   1.798057e-02   5.192801e+00
   3.029499e-03   2.102591e+00   2.502473e+00   7.070010e+00     2.9740e-01   1.776578e-02   5.091191e+00
   3.065251e-03   2.102596e+00   2.502527e+00   7.041372e+00     2.9861e-01   1.744125e-02   4.897713e+00
   3.083126e-03   2.102516e+00   2.502374e+00   7.030631e+00     2.9905e-01   1.724104e-02   4.805596e+00
   3.118878e-03   2.102197e+00   2.501849e+00   7.010075e+00     2.9988e-01   1.684319e-02   4.629979e+00
   3.136754e-03   2.101961e+00   2.501537e+00   6.991864e+00     3.0063e-01   1.674569e-02   4.546247e+00
   3.190381e-03   2.100962e+00   2.499876e+00   6.960114e+00     3.0186e-01   1.620314e-02   4.310206e+00
   3.208257e-03   2.100537e+00   2.499189e+00   6.950072e+00     3.0223e-01   1.602421e-02   4.236242e+00
   3.226132e-03   2.100066e+00   2.498507e+00   6.932199e+00     3.0294e-01   1.593902e-02   4.164478e+00
   3.244008e-03   2.099553e+00   2.497657e+00   6.921306e+00     3.0335e-01   1.577701e-02   4.094865e+00
   3.279760e-03   2.098400e+00   2.495772e+00   6.900385e+00     3.0410e-01   1.545425e-02   3.961704e+00
   3.297635e-03   2.097763e+00   2.494740e+00   6.890235e+00     3.0445e-01   1.529490e-02   3.898013e+00
   3.333387e-03   2.096374e+00   2.492558e+00   6.862215e+00     3.0550e-01   1.507133e-02   3.776056e+00
   3.404890e-03   2.093160e+00   2.487290e+00   6.820445e+00     3.0689e-01   1.450558e-02   3.552183e+00
   3.422766e-03   2.092272e+00   2.485840e+00   6.810306e+00     3.0722e-01   1.436885e-02   3.500045e+00
   3.458517e-03   2.090399e+00   2.482781e+00   6.790048e+00     3.0786e-01   1.410433e-02   3.400006e+00
   3.476393e-03   2.089416e+00   2.481181e+00   6.780052e+00     3.0817e-01   1.397515e-02   3.352010e+00
   3.512144e-03   2.087363e+00   2.477830e+00   6.760007e+00     3.0878e-01   1.372594e-02   3.259839e+00
   3.547896e-03   2.085198e+00   2.474348e+00   6.731409e+00     3.0977e-01   1.357367e-02   3.172482e+00
   3.565772e-03   2.084076e+00   2.472504e+00   6.721185e+00     3.1008e-01   1.346002e-02   3.130516e+00
   3.619399e-03   2.080557e+00   2.466721e+00   6.690812e+00     3.1096e-01   1.313132e-02   3.011020e+00
   3.637275e-03   2.079335e+00   2.464712e+00   6.680735e+00     3.1124e-01   1.302621e-02   2.973210e+00
   3.673026e-03   2.076825e+00   2.460572e+00   6.660430e+00     3.1182e-01   1.282456e-02   2.900434e+00
   3.690902e-03   2.075537e+00   2.458451e+00   6.650394e+00     3.1209e-01   1.272605e-02   2.865409e+00
   3.744529e-03   2.071550e+00   2.451882e+00   6.620448e+00     3.1290e-01   1.244226e-02   2.765459e+00
   3.762405e-03   2.070182e+00   2.449630e+00   6.610581e+00     3.1316e-01   1.235086e-02   2.733764e+00
   3.798156e-03   2.067391e+00   2.445025e+00   6.590621e+00     3.1369e-01   1.217637e-02   2.672666e+00
   3.816032e-03   2.065969e+00   2.442672e+00   6.580533e+00     3.1395e-01   1.209311e-02   2.643217e+00
   3.851784e-03   2.063075e+00   2.437900e+00   6.560941e+00     3.1445e-01   1.192707e-02   2.586411e+00
   3.869659e-03   2.061604e+00   2.435466e+00   6.551042e+00     3.1470e-01   1.184782e-02   2.559015e+00
   3.887535e-03   2.060118e+00   2.433011e+00   6.541335e+00     3.1494e-01   1.176869e-02   2.532263e+00
   3.905411e-03   2.058616e+00   2.430514e+00   6.531258e+00     3.1519e-01   1.169471e-02   2.506140e+00
   3.923287e-03   2.057101e+00   2.428009e+00   6.521660e+00     3.1543e-01   1.161821e-02   2.480623e+00
   3.941162e-03   2.055571e+00   2.425473e+00   6.511946e+00     3.1566e-01   1.154449e-02   2.455698e+00
   3.976914e-03   2.052472e+00   2.420327e+00   6.492396e+00     3.1613e-01   1.140328e-02   2.407560e+00
   4.012665e-03   2.049323e+00   2.415015e+00   6.480047e+00     3.1625e-01   1.120627e-02   2.361613e+00
   4.030541e-03   2.047731e+00   2.412365e+00   6.470109e+00     3.1649e-01   1.114306e-02   2.339413e+00
   4.048417e-03   2.046127e+00   2.409699e+00   6.460347e+00     3.1672e-01   1.107987e-02   2.317714e+00
   4.084168e-03   2.042887e+00   2.404299e+00   6.440724e+00     3.1718e-01   1.095890e-02   2.275765e+00
   4.102044e-03   2.041252e+00   2.401581e+00   6.431082e+00     3.1740e-01   1.089920e-02   2.255488e+00
   4.119920e-03   2.039607e+00   2.398856e+00   6.421703e+00     3.1761e-01   1.083873e-02   2.235659e+00
   4.137796e-03   2.037953e+00   2.396107e+00   6.412004e+00     3.1783e-01   1.078239e-02   2.216269e+00
   4.191423e-03   2.032937e+00   2.387648e+00   6.390312e+00     3.1813e-01   1.056040e-02   2.160629e+00
   4.245050e-03   2.027849e+00   2.379177e+00   6.361449e+00     3.1877e-01   1.041043e-02   2.108531e+00
   4.262926e-03   2.026138e+00   2.376339e+00   6.352320e+00     3.1896e-01   1.035896e-02   2.091904e+00
   4.280802e-03   2.024421e+00   2.373366e+00   6.350059e+00     3.1880e-01   1.025322e-02   2.075649e+00
   4.298677e-03   2.022697e+00   2.370478e+00   6.340278e+00     3.1902e-01   1.020974e-02   2.059732e+00
   4.316553e-03   2.020967e+00   2.367595e+00   6.330712e+00     3.1923e-01   1.016572e-02   2.044154e+00
   4.334429e-03   2.019231e+00   2.364702e+00   6.321049e+00     3.1945e-01   1.012366e-02   2.028906e+00
   4.388056e-03   2.013991e+00   2.355847e+00   6.300170e+00     3.1967e-01   9.940193e-03   1.985074e+00
   4.423808e-03   2.010474e+00   2.349977e+00   6.281018e+00     3.2009e-01   9.865171e-03   1.957364e+00
   4.441683e-03   2.008708e+00   2.347032e+00   6.271943e+00     3.2027e-01   9.825334e-03   1.943939e+00
   4.459559e-03   2.006938e+00   2.343971e+00   6.270059e+00     3.2008e-01   9.730647e-03   1.930804e+00
   4.477435e-03   2.005165e+00   2.341000e+00   6.260269e+00     3.2030e-01   9.698644e-03   1.917936e+00
   4.531062e-03   1.999824e+00   2.331980e+00   6.240033e+00     3.2048e-01   9.538582e-03   1.880911e+00
   4.566814e-03   1.996248e+00   2.325987e+00   6.220638e+00     3.2091e-01   9.482302e-03   1.857483e+00
   4.602565e-03   1.992662e+00   2.319897e+00   6.210067e+00     3.2088e-01   9.363020e-03   1.835009e+00
   4.620441e-03   1.990865e+00   2.316880e+00   6.200187e+00     3.2110e-01   9.339618e-03   1.824117e+00
   4.638317e-03   1.989067e+00   2.313864e+00   6.190738e+00     3.2130e-01   9.313882e-03   1.813446e+00
   4.656192e-03   1.987267e+00   2.310843e+00   6.181572e+00     3.2148e-01   9.286905e-03   1.802991e+00
   4.674068e-03   1.985465e+00   2.307745e+00   6.180041e+00     3.2127e-01   9.203793e-03   1.792757e+00
   4.691944e-03   1.983662e+00   2.304715e+00   6.170313e+00     3.2148e-01   9.182868e-03   1.782727e+00
   4.727695e-03   1.980052e+00   2.298665e+00   6.152243e+00     3.2184e-01   9.133244e-03   1.763268e+00
   4.745571e-03   1.978245e+00   2.295550e+00   6.150181e+00     3.2166e-01   9.058256e-03   1.753848e+00
   4.763447e-03   1.976438e+00   2.292503e+00   6.140650e+00     3.2186e-01   9.039289e-03   1.744610e+00
   4.781323e-03   1.974631e+00   2.289484e+00   6.131954e+00     3.2202e-01   9.014966e-03   1.735554e+00
   4.799198e-03   1.972822e+00   2.286366e+00   6.130055e+00     3.2183e-01   8.941799e-03   1.726695e+00
   4.817074e-03   1.971014e+00   2.283320e+00   6.120579e+00     3.2203e-01   8.924883e-03   1.718009e+00
   4.834950e-03   1.969205e+00   2.280281e+00   6.111391e+00     3.2222e-01   8.906646e-03   1.709497e+00
   4.852826e-03   1.967397e+00   2.277265e+00   6.102689e+00     3.2238e-01   8.885620e-03   1.701152e+00
   4.870701e-03   1.965588e+00   2.274125e+00   6.100466e+00     3.2220e-01   8.818505e-03   1.692997e+00
   4.888577e-03   1.963780e+00   2.271092e+00   6.091442e+00     3.2238e-01   8.801422e-03   1.684993e+00
   4.924329e-03   1.960165e+00   2.264936e+00   6.080549e+00     3.2237e-01   8.718093e-03   1.669480e+00
   4.942204e-03   1.958358e+00   2.261901e+00   6.071368e+00     3.2256e-01   8.704390e-03   1.661955e+00
   4.960080e-03   1.956552e+00   2.258798e+00   6.070031e+00     3.2233e-01   8.635439e-03   1.654590e+00
   4.977956e-03   1.954748e+00   2.255753e+00   6.060657e+00     3.2253e-01   8.624573e-03   1.647371e+00
   5.013707e-03   1.951141e+00   2.249621e+00   6.050111e+00     3.2250e-01   8.546804e-03   1.633375e+00
   5.031583e-03   1.949340e+00   2.246584e+00   6.040822e+00     3.2269e-01   8.537419e-03   1.626590e+00
   5.103086e-03   1.942148e+00   2.234359e+00   6.020030e+00     3.2261e-01   8.391763e-03   1.600823e+00
   5.120962e-03   1.940355e+00   2.231319e+00   6.010421e+00     3.2283e-01   8.387917e-03   1.594709e+00
   5.138838e-03   1.938563e+00   2.228328e+00   6.001586e+00     3.2301e-01   8.379302e-03   1.588719e+00
   5.156713e-03   1.936773e+00   2.225234e+00   6.000206e+00     3.2278e-01   8.319504e-03   1.582862e+00
   5.174589e-03   1.934986e+00   2.222223e+00   5.990897e+00     3.2299e-01   8.315455e-03   1.577122e+00
   5.210341e-03   1.931417e+00   2.216143e+00   5.980468e+00     3.2295e-01   8.252549e-03   1.566003e+00
   5.228216e-03   1.929636e+00   2.213163e+00   5.971391e+00     3.2315e-01   8.248710e-03   1.560614e+00
   5.246092e-03   1.927857e+00   2.210085e+00   5.970137e+00     3.2292e-01   8.191650e-03   1.555347e+00
   5.263968e-03   1.926081e+00   2.207106e+00   5.961071e+00     3.2311e-01   8.188917e-03   1.550185e+00
   5.299719e-03   1.922537e+00   2.201064e+00   5.950641e+00     3.2308e-01   8.132458e-03   1.540196e+00
   5.317595e-03   1.920769e+00   2.198125e+00   5.942190e+00     3.2324e-01   8.127228e-03   1.535353e+00
   5.335471e-03   1.919004e+00   2.195050e+00   5.940399e+00     3.2304e-01   8.077226e-03   1.530630e+00
   5.353347e-03   1.917241e+00   2.192105e+00   5.931463e+00     3.2323e-01   8.076440e-03   1.525998e+00
   5.406974e-03   1.911972e+00   2.183086e+00   5.920032e+00     3.2297e-01   7.973256e-03   1.512716e+00
   5.424850e-03   1.910221e+00   2.180143e+00   5.910820e+00     3.2317e-01   7.976470e-03   1.508480e+00
   5.460601e-03   1.906731e+00   2.174196e+00   5.900543e+00     3.2314e-01   7.929653e-03   1.500294e+00
   5.478477e-03   1.904990e+00   2.171299e+00   5.891997e+00     3.2332e-01   7.929944e-03   1.496331e+00
   5.496353e-03   1.903253e+00   2.168275e+00   5.890341e+00     3.2311e-01   7.884563e-03   1.492472e+00
   5.514228e-03   1.901519e+00   2.165392e+00   5.881781e+00     3.2329e-01   7.885962e-03   1.488689e+00
   5.532104e-03   1.899789e+00   2.162380e+00   5.880218e+00     3.2308e-01   7.841133e-03   1.485004e+00
   5.549980e-03   1.898062e+00   2.159500e+00   5.871361e+00     3.2327e-01   7.845509e-03   1.481396e+00
   5.585731e-03   1.894620e+00   2.153645e+00   5.861285e+00     3.2324e-01   7.804848e-03   1.474438e+00
   5.603607e-03   1.892904e+00   2.150672e+00   5.860148e+00     3.2301e-01   7.759428e-03   1.471085e+00
   5.621483e-03   1.891192e+00   2.147813e+00   5.851195e+00     3.2321e-01   7.766335e-03   1.467808e+00
   5.639359e-03   1.889484e+00   2.144855e+00   5.850099e+00     3.2298e-01   7.721732e-03   1.464614e+00
   5.657234e-03   1.887780e+00   2.142013e+00   5.841248e+00     3.2318e-01   7.728882e-03   1.461494e+00
   5.710862e-03   1.882691e+00   2.133305e+00   5.830108e+00     3.2293e-01   7.651541e-03   1.452599e+00
   5.728737e-03   1.881002e+00   2.130491e+00   5.821280e+00     3.2313e-01   7.660323e-03   1.449780e+00
   5.746613e-03   1.879318e+00   2.127570e+00   5.820102e+00     3.2290e-01   7.619369e-03   1.447038e+00
   5.764489e-03   1.877637e+00   2.124769e+00   5.811262e+00     3.2310e-01   7.629100e-03   1.444362e+00
   5.782365e-03   1.875961e+00   2.121869e+00   5.810208e+00     3.2287e-01   7.588316e-03   1.441762e+00
   5.871743e-03   1.867643e+00   2.107792e+00   5.781749e+00     3.2302e-01   7.542721e-03   1.429763e+00
   5.889619e-03   1.865992e+00   2.104934e+00   5.780355e+00     3.2282e-01   7.506958e-03   1.427567e+00
   5.907495e-03   1.864345e+00   2.102201e+00   5.772290e+00     3.2298e-01   7.514944e-03   1.425421e+00
   5.925371e-03   1.862703e+00   2.099357e+00   5.770598e+00     3.2279e-01   7.482021e-03   1.423355e+00
   5.961122e-03   1.859433e+00   2.093808e+00   5.760766e+00     3.2278e-01   7.459232e-03   1.419390e+00
   5.978998e-03   1.857804e+00   2.091086e+00   5.752644e+00     3.2295e-01   7.469173e-03   1.417488e+00
   6.014749e-03   1.854560e+00   2.085494e+00   5.750100e+00     3.2253e-01   7.401777e-03   1.413896e+00
   6.068377e-03   1.849728e+00   2.077357e+00   5.732065e+00     3.2270e-01   7.395369e-03   1.408915e+00
   6.086253e-03   1.848127e+00   2.074593e+00   5.730618e+00     3.2250e-01   7.364662e-03   1.407377e+00
   6.104128e-03   1.846530e+00   2.071850e+00   5.730041e+00     3.2225e-01   7.328830e-03   1.405887e+00
   6.122004e-03   1.844938e+00   2.069188e+00   5.720878e+00     3.2249e-01   7.348393e-03   1.404450e+00
   6.139880e-03   1.843350e+00   2.066454e+00   5.720104e+00     3.2226e-01   7.314587e-03   1.403069e+00
   6.193507e-03   1.838616e+00   2.058491e+00   5.702330e+00     3.2243e-01   7.314302e-03   1.399228e+00
   6.211383e-03   1.837047e+00   2.055785e+00   5.700713e+00     3.2225e-01   7.287411e-03   1.398062e+00
   6.247134e-03   1.833924e+00   2.050505e+00   5.691361e+00     3.2223e-01   7.273777e-03   1.395861e+00
   6.265010e-03   1.832370e+00   2.047825e+00   5.690281e+00     3.2202e-01   7.244568e-03   1.394840e+00
   6.282886e-03   1.830820e+00   2.045180e+00   5.690010e+00     3.2176e-01   7.210657e-03   1.393864e+00
   6.300762e-03   1.829276e+00   2.042597e+00   5.680753e+00     3.2201e-01   7.234162e-03   1.392934e+00
   6.318637e-03   1.827736e+00   2.039949e+00   5.680063e+00     3.2178e-01   7.203587e-03   1.392055e+00
   6.336513e-03   1.826201e+00   2.037392e+00   5.671146e+00     3.2202e-01   7.225616e-03   1.391218e+00
   6.372265e-03   1.823145e+00   2.032239e+00   5.662379e+00     3.2198e-01   7.213038e-03   1.389682e+00
   6.390140e-03   1.821625e+00   2.029623e+00   5.660854e+00     3.2179e-01   7.189124e-03   1.388994e+00
   6.408016e-03   1.820109e+00   2.027016e+00   5.660095e+00     3.2157e-01   7.160719e-03   1.388344e+00
   6.425892e-03   1.818598e+00   2.024510e+00   5.651572e+00     3.2179e-01   7.181817e-03   1.387732e+00
   6.443768e-03   1.817092e+00   2.021925e+00   5.650517e+00     3.2158e-01   7.155929e-03   1.387173e+00
   6.461643e-03   1.815591e+00   2.019434e+00   5.642585e+00     3.2177e-01   7.173902e-03   1.386642e+00
   6.479519e-03   1.814095e+00   2.016870e+00   5.641242e+00     3.2158e-01   7.150488e-03   1.386173e+00
   6.497395e-03   1.812604e+00   2.014307e+00   5.640293e+00     3.2137e-01   7.124922e-03   1.385741e+00
   6.515271e-03   1.811118e+00   2.011772e+00   5.640002e+00     3.2112e-01   7.095579e-03   1.385348e+00
   6.533146e-03   1.809637e+00   2.009305e+00   5.630893e+00     3.2138e-01   7.122136e-03   1.384994e+00
   6.551022e-03   1.808161e+00   2.006770e+00   5.630147e+00     3.2116e-01   7.096250e-03   1.384685e+00
   6.586774e-03   1.805223e+00   2.001820e+00   5.620637e+00     3.2118e-01   7.095974e-03   1.384184e+00
   6.622525e-03   1.802305e+00   1.996901e+00   5.611450e+00     3.2118e-01   7.094855e-03   1.383840e+00
   6.676152e-03   1.797966e+00   1.989560e+00   5.601551e+00     3.2098e-01   7.070876e-03   1.383618e+00
   6.711904e-03   1.795098e+00   1.984650e+00   5.600052e+00     3.2055e-01   7.024279e-03   1.383663e+00
   6.729780e-03   1.793671e+00   1.982284e+00   5.591262e+00     3.2080e-01   7.051960e-03   1.383736e+00
   6.765531e-03   1.790833e+00   1.977436e+00   5.590045e+00     3.2036e-01   7.005298e-03   1.384001e+00
   6.801283e-03   1.788015e+00   1.972695e+00   5.580493e+00     3.2040e-01   7.012090e-03   1.384405e+00
   6.819158e-03   1.786613e+00   1.970302e+00   5.580059e+00     3.2018e-01   6.988656e-03   1.384661e+00
   6.872786e-03   1.782439e+00   1.963247e+00   5.570075e+00     3.2000e-01   6.974408e-03   1.385634e+00
   6.890661e-03   1.781057e+00   1.960964e+00   5.561509e+00     3.2025e-01   7.003049e-03   1.386023e+00
   6.926413e-03   1.778309e+00   1.956273e+00   5.560096e+00     3.1983e-01   6.962484e-03   1.386912e+00
   6.944289e-03   1.776942e+00   1.954023e+00   5.551900e+00     3.2006e-01   6.989565e-03   1.387397e+00
   6.980040e-03   1.774224e+00   1.949383e+00   5.550235e+00     3.1967e-01   6.952123e-03   1.388485e+00
   7.051543e-03   1.768847e+00   1.940296e+00   5.540005e+00     3.1929e-01   6.923532e-03   1.391028e+00
   7.069419e-03   1.767515e+00   1.938109e+00   5.531628e+00     3.1953e-01   6.953432e-03   1.391737e+00
   7.087295e-03   1.766188e+00   1.935850e+00   5.530797e+00     3.1934e-01   6.936305e-03   1.392485e+00
   7.123046e-03   1.763550e+00   1.931434e+00   5.522202e+00     3.1936e-01   6.946221e-03   1.394056e+00
   7.140922e-03   1.762238e+00   1.929196e+00   5.521032e+00     3.1919e-01   6.931932e-03   1.394897e+00
   7.212425e-03   1.757040e+00   1.920429e+00   5.510755e+00     3.1884e-01   6.912166e-03   1.398526e+00
   7.230301e-03   1.755753e+00   1.918232e+00   5.510111e+00     3.1864e-01   6.895740e-03   1.399506e+00
   7.266052e-03   1.753193e+00   1.913967e+00   5.501297e+00     3.1869e-01   6.910697e-03   1.401546e+00
   7.283928e-03   1.751921e+00   1.911799e+00   5.500483e+00     3.1850e-01   6.895989e-03   1.402611e+00
   7.301804e-03   1.750653e+00   1.909645e+00   5.500090e+00     3.1830e-01   6.878884e-03   1.403702e+00
   7.319679e-03   1.749391e+00   1.907583e+00   5.492058e+00     3.1853e-01   6.909844e-03   1.404813e+00
   7.337555e-03   1.748133e+00   1.905440e+00   5.490929e+00     3.1837e-01   6.897770e-03   1.405964e+00
   7.355431e-03   1.746880e+00   1.903309e+00   5.490288e+00     3.1818e-01   6.882841e-03   1.407137e+00
   7.391182e-03   1.744390e+00   1.899168e+00   5.481899e+00     3.1821e-01   6.898194e-03   1.409554e+00
   7.426934e-03   1.741918e+00   1.894964e+00   5.480237e+00     3.1785e-01   6.872202e-03   1.412089e+00
   7.462685e-03   1.739467e+00   1.890894e+00   5.471928e+00     3.1789e-01   6.888722e-03   1.414714e+00
   7.480561e-03   1.738248e+00   1.888825e+00   5.470982e+00     3.1772e-01   6.877166e-03   1.416073e+00
   7.516313e-03   1.735826e+00   1.884714e+00   5.470037e+00     3.1733e-01   6.848719e-03   1.418859e+00
   7.534188e-03   1.734621e+00   1.882755e+00   5.461924e+00     3.1758e-01   6.882735e-03   1.420281e+00
   7.552064e-03   1.733422e+00   1.880724e+00   5.461102e+00     3.1741e-01   6.871184e-03   1.421740e+00
   7.569940e-03   1.732228e+00   1.878696e+00   5.460449e+00     3.1723e-01   6.858776e-03   1.423220e+00
   7.587816e-03   1.731038e+00   1.876681e+00   5.460087e+00     3.1703e-01   6.844745e-03   1.424723e+00
   7.605691e-03   1.729853e+00   1.874754e+00   5.452030e+00     3.1729e-01   6.879232e-03   1.426242e+00
   7.623567e-03   1.728673e+00   1.872748e+00   5.450923e+00     3.1713e-01   6.870251e-03   1.427798e+00
   7.641443e-03   1.727498e+00   1.870767e+00   5.450595e+00     3.1694e-01   6.856545e-03   1.429374e+00
   7.659319e-03   1.726328e+00   1.868785e+00   5.450205e+00     3.1675e-01   6.843440e-03   1.430972e+00
   7.677194e-03   1.725162e+00   1.866822e+00   5.450017e+00     3.1654e-01   6.829269e-03   1.432593e+00
   7.695070e-03   1.724001e+00   1.864929e+00   5.441438e+00     3.1683e-01   6.868004e-03   1.434234e+00
   7.730822e-03   1.721694e+00   1.861022e+00   5.440259e+00     3.1647e-01   6.845562e-03   1.437595e+00
   7.748697e-03   1.720547e+00   1.859089e+00   5.440050e+00     3.1627e-01   6.832241e-03   1.439308e+00
   7.766573e-03   1.719405e+00   1.857235e+00   5.431828e+00     3.1654e-01   6.869537e-03   1.441037e+00
   7.802325e-03   1.717135e+00   1.853401e+00   5.430575e+00     3.1620e-01   6.848992e-03   1.444581e+00
   7.820200e-03   1.716008e+00   1.851495e+00   5.430194e+00     3.1601e-01   6.837446e-03   1.446383e+00
   7.838076e-03   1.714884e+00   1.849607e+00   5.430025e+00     3.1582e-01   6.824754e-03   1.448207e+00
   7.855952e-03   1.713766e+00   1.847799e+00   5.421876e+00     3.1608e-01   6.862507e-03   1.450046e+00
   7.873828e-03   1.712652e+00   1.845917e+00   5.421090e+00     3.1592e-01   6.854030e-03   1.451918e+00
   7.891703e-03   1.711543e+00   1.844039e+00   5.420502e+00     3.1575e-01   6.844475e-03   1.453808e+00
   7.909579e-03   1.710439e+00   1.842175e+00   5.420139e+00     3.1557e-01   6.833669e-03   1.455718e+00
   7.927455e-03   1.709339e+00   1.840400e+00   5.412328e+00     3.1582e-01   6.870074e-03   1.457639e+00
   7.945331e-03   1.708244e+00   1.838553e+00   5.411467e+00     3.1567e-01   6.862751e-03   1.459597e+00
   7.963206e-03   1.707153e+00   1.836716e+00   5.410910e+00     3.1550e-01   6.853661e-03   1.461572e+00
   7.981082e-03   1.706067e+00   1.834884e+00   5.410489e+00     3.1533e-01   6.843877e-03   1.463567e+00
   7.998958e-03   1.704986e+00   1.833061e+00   5.410157e+00     3.1515e-01   6.833701e-03   1.465581e+00
   8.034709e-03   1.702837e+00   1.829530e+00   5.401813e+00     3.1523e-01   6.862419e-03   1.469664e+00
   8.052585e-03   1.701770e+00   1.827723e+00   5.400890e+00     3.1509e-01   6.856468e-03   1.471743e+00
   8.070461e-03   1.700707e+00   1.825931e+00   5.400474e+00     3.1492e-01   6.847450e-03   1.473839e+00
   8.106212e-03   1.698594e+00   1.822385e+00   5.400028e+00     3.1455e-01   6.827475e-03   1.478088e+00
   8.124088e-03   1.697545e+00   1.820701e+00   5.392024e+00     3.1483e-01   6.867030e-03   1.480234e+00
   8.141964e-03   1.696500e+00   1.818933e+00   5.391015e+00     3.1469e-01   6.862421e-03   1.482413e+00
   8.159840e-03   1.695460e+00   1.817184e+00   5.390632e+00     3.1452e-01   6.853966e-03   1.484607e+00
   8.177715e-03   1.694424e+00   1.815441e+00   5.390312e+00     3.1435e-01   6.845268e-03   1.486819e+00
   8.195591e-03   1.693393e+00   1.813712e+00   5.390087e+00     3.1417e-01   6.836127e-03   1.489050e+00
   8.213467e-03   1.692366e+00   1.811999e+00   5.390007e+00     3.1398e-01   6.826229e-03   1.491299e+00
   8.231343e-03   1.691344e+00   1.810354e+00   5.381671e+00     3.1428e-01   6.868918e-03   1.493562e+00
   8.267094e-03   1.689312e+00   1.806935e+00   5.380582e+00     3.1396e-01   6.855717e-03   1.498159e+00
   8.284970e-03   1.688304e+00   1.805239e+00   5.380249e+00     3.1380e-01   6.847993e-03   1.500484e+00
   8.302846e-03   1.687299e+00   1.803559e+00   5.380055e+00     3.1362e-01   6.839535e-03   1.502826e+00
   8.320721e-03   1.686299e+00   1.801964e+00   5.372269e+00     3.1389e-01   6.879593e-03   1.505176e+00
   8.338597e-03   1.685303e+00   1.800291e+00   5.371490e+00     3.1375e-01   6.875147e-03   1.507560e+00
   8.356473e-03   1.684312e+00   1.798625e+00   5.370971e+00     3.1360e-01   6.869176e-03   1.509959e+00
   8.392224e-03   1.682342e+00   1.795317e+00   5.370232e+00     3.1327e-01   6.855752e-03   1.514806e+00
   8.410100e-03   1.681364e+00   1.793684e+00   5.370066e+00     3.1310e-01   6.847955e-03   1.517256e+00
   8.427976e-03   1.680391e+00   1.792133e+00   5.362202e+00     3.1338e-01   6.889504e-03   1.519713e+00
   8.445852e-03   1.679421e+00   1.790512e+00   5.361687e+00     3.1323e-01   6.884204e-03   1.522200e+00
   8.481603e-03   1.677495e+00   1.787274e+00   5.360556e+00     3.1293e-01   6.874662e-03   1.527225e+00
   8.499479e-03   1.676539e+00   1.785673e+00   5.360306e+00     3.1277e-01   6.868073e-03   1.529761e+00
   8.517355e-03   1.675587e+00   1.784081e+00   5.360048e+00     3.1261e-01   6.861667e-03   1.532313e+00
   8.535230e-03   1.674639e+00   1.782507e+00   5.360002e+00     3.1243e-01   6.854048e-03   1.534882e+00
   8.553106e-03   1.673695e+00   1.781007e+00   5.352022e+00     3.1272e-01   6.897424e-03   1.537459e+00
   8.570982e-03   1.672756e+00   1.779432e+00   5.351384e+00     3.1258e-01   6.893858e-03   1.540065e+00
   8.588858e-03   1.671821e+00   1.777864e+00   5.350933e+00     3.1244e-01   6.889217e-03   1.542686e+00
   8.606733e-03   1.670890e+00   1.776300e+00   5.350450e+00     3.1229e-01   6.884902e-03   1.545322e+00
   8.624609e-03   1.669963e+00   1.774752e+00   5.350192e+00     3.1213e-01   6.879276e-03   1.547973e+00
   8.642485e-03   1.669041e+00   1.773217e+00   5.350047e+00     3.1197e-01   6.873050e-03   1.550640e+00
   8.660361e-03   1.668123e+00   1.771765e+00   5.342309e+00     3.1225e-01   6.915843e-03   1.553312e+00
   8.696112e-03   1.666299e+00   1.768718e+00   5.341250e+00     3.1197e-01   6.908971e-03   1.558733e+00
   8.731864e-03   1.664492e+00   1.765694e+00   5.340513e+00     3.1167e-01   6.900510e-03   1.564212e+00
   8.749739e-03   1.663595e+00   1.764197e+00   5.340259e+00     3.1152e-01   6.895719e-03   1.566974e+00
   8.767615e-03   1.662702e+00   1.762713e+00   5.340105e+00     3.1136e-01   6.890414e-03   1.569750e+00
   8.821242e-03   1.660048e+00   1.758367e+00   5.331437e+00     3.1137e-01   6.928282e-03   1.578167e+00
   8.839118e-03   1.659171e+00   1.756900e+00   5.330944e+00     3.1123e-01   6.925645e-03   1.581006e+00
   8.856994e-03   1.658299e+00   1.755443e+00   5.330642e+00     3.1109e-01   6.921879e-03   1.583859e+00
   8.874870e-03   1.657430e+00   1.754000e+00   5.330522e+00     3.1093e-01   6.917049e-03   1.586726e+00
   8.892745e-03   1.656566e+00   1.752560e+00   5.330225e+00     3.1079e-01   6.913486e-03   1.589607e+00
   8.928497e-03   1.654850e+00   1.749720e+00   5.330020e+00     3.1048e-01   6.904189e-03   1.595413e+00
   8.946373e-03   1.653997e+00   1.748375e+00   5.322080e+00     3.1078e-01   6.950635e-03   1.598329e+00
   8.964248e-03   1.653149e+00   1.746961e+00   5.321618e+00     3.1065e-01   6.948609e-03   1.601271e+00
   8.982124e-03   1.652305e+00   1.745542e+00   5.320861e+00     3.1053e-01   6.948620e-03   1.604227e+00
   9.000000e-03   1.651465e+00   1.744146e+00   5.320704e+00     3.1038e-01   6.944820e-03   1.607195e+00
