rhoc M Mb R C kl_1 kl_2 kl_3 kl_4
0.0005678391959799 0.400417208248376 0.411574499014374 8.99646375152185 0.0445082889574963 0 0.0776022050427864 0.0185448389628312 0.00610044181509091
0.000592462311557789 0.433240344756769 0.446367585987583 8.89927665180746 0.0486826471080407 0 0.0838840351632911 0.0206610519710869 0.0069985959000501
0.000617085427135678 0.467271668743519 0.482617675449615 8.82200854149996 0.0529665853921369 0 0.0894971236427259 0.0226139150061281 0.00784509060794131
0.000641708542713568 0.502410073856125 0.520221747016934 8.75887241218319 0.0573601315572648 0 0.0944168626365712 0.0243666571251582 0.00863472897868452
0.000666331658291457 0.538502594970119 0.559045805975343 8.70845603927868 0.0618367472421349 0 0.0986333792956833 0.0259180721265822 0.00934263839417942
0.000690954773869347 0.57535041859708 0.59888696562061 8.6683443503665 0.0663737382067378 0 0.102157987640828 0.0272433631737462 0.0099570267750479
0.000715577889447236 0.612723388711355 0.639511773485467 8.63651563295213 0.0709456700771251 0 0.104977400732299 0.0283306002931549 0.010471960107608
0.000740201005025126 0.650376199011908 0.680655031682086 8.61059699993565 0.0755320681036133 0 0.107159216513331 0.0291995899075614 0.0108932005724806
0.000764824120603015 0.68816121867276 0.72216019945802 8.58984842348697 0.0801133133841037 0 0.108738862896951 0.029848708512764 0.0112144428550769
0.000789447236180905 0.726077641552484 0.764048917016661 8.57192850292964 0.0847041177845022 0 0.109826897620808 0.03032799715323 0.011457699979513
0.000814070351758794 0.764198734014731 0.806385721356583 8.55727496086476 0.0893039825773583 0 0.110435329874302 0.0306242345180454 0.0116120623483025
0.000838693467336683 0.802653770757502 0.84933732734311 8.54433608181413 0.0939398641476522 0 0.110596602397879 0.0307570284630993 0.0116978323605966
0.000863316582914573 0.841616319741929 0.893103651303184 8.53386355256321 0.0986207846607932 0 0.110365924142859 0.0307517831767929 0.0117070629904083
0.000887939698492462 0.88113125909712 0.937755642634816 8.52465664865913 0.10336266848187 0 0.109821959507523 0.0306158705919578 0.0116588531556124
0.000912562814070352 0.920845774036551 0.982906207438325 8.51673114752712 0.108121972865602 0 0.108983980728489 0.0303692846112135 0.0115587906765064
0.000937185929648241 0.960194326291827 1.02791956918332 8.51169421363961 0.112808837135286 0 0.107817151229166 0.0299891989333855 0.0113935604946964
0.000961809045226131 0.998495951751773 1.07200866822328 8.50518806427166 0.117398456589834 0 0.106606055228421 0.0295976861523314 0.011219914457755
0.00098643216080402 1.0350417382873 1.11431761083057 8.5014010301121 0.121749548647472 0 0.105092376628675 0.0290889427800096 0.0109933065611958
0.00101105527638191 1.06918001193088 1.15407013070922 8.49473401246304 0.125863859935135 0 0.10366582045023 0.0286195549053229 0.0107837101975139
0.0010356783919598 1.10057820969501 1.1908071164714 8.49092538934092 0.129618169896608 0 0.101977150163084 0.0280552990805275 0.0105293201636415
0.00106030150753769 1.12975237777552 1.22511545144264 8.48229078320152 0.133189536488528 0 0.100445026098158 0.0275569248353277 0.0103130716389766
0.00108492462311558 1.15747639838483 1.25786066371952 8.4732166451521 0.136604131212327 0 0.0988000570167967 0.0270277005094316 0.0100797835706765
0.00110954773869347 1.18457005319288 1.2899966335785 8.46302028904089 0.139970130371403 0 0.0970232920586137 0.0264573407703251 0.00983063723227032
0.00113417085427136 1.21193071282362 1.32258839168708 8.45171015013496 0.143394732106882 0 0.0950740054174777 0.0258313502767235 0.00955845791654215
0.00115879396984925 1.2406472964609 1.35695222256168 8.440041755392 0.146995397939626 0 0.0930945259087256 0.0252048007042111 0.00924823630909869
0.00118341708542714 1.27221358021986 1.39495132887122 8.42193867029383 0.151059468612287 0 0.0906861844179491 0.0244271810935102 0.00895112574037224
0.00120804020100503 1.30877037317839 1.43923562546369 8.40412688641353 0.155729487532394 0 0.0881419654174121 0.0235996307792282 0.00859475806942683
0.00123266331658291 1.3518076537423 1.49175817161239 8.39123186599 0.161097640409775 0 0.0851591974391548 0.0226009262897811 0.00815860209150465
0.0012572864321608 1.40074185304523 1.55202320525382 8.38113557028483 0.167130317997901 0 0.0821465862456342 0.0215686826986644 0.00770613408755874
0.00128190954773869 1.45252164198644 1.61642461969541 8.37415208273465 0.173452980986716 0 0.0793177560732879 0.020584072338315 0.00727414951963872
0.00130653266331658 1.50224782607124 1.67886066707001 8.3738268381556 0.179398004652568 0 0.076622489740822 0.0196392219795584 0.0068598946555453
0.00133115577889447 1.54505012922766 1.73308743420923 8.37429789141346 0.184499064788688 0 0.0743389105586205 0.0188504070408737 0.00651608360320084
0.00135577889447236 1.57794626157461 1.77508169819769 8.37399444770249 0.18843411844004 0 0.072513348358247 0.0182332510565395 0.00625076740471457
0.00138040201005025 1.60048644572676 1.80402277658962 8.37260489540265 0.191157526925172 0 0.0711515226338709 0.0177869561982875 0.00606137879374535
0.00140502512562814 1.6140552067734 1.82151104884304 8.37121704251811 0.192810101395709 0 0.0702255381320758 0.0174911411862984 0.00593714586671852
0.00142964824120603 1.62092029811155 1.83037912718081 8.37041392911147 0.193648762395626 0 0.0696958921776611 0.0173249855003304 0.0058679294714298
0.00145427135678392 1.62375320137756 1.8340432794171 8.37010926693801 0.193994265736936 0 0.0694585515731858 0.0172509079082379 0.00583721177552609
0.00147889447236181 1.62430637621078 1.83475905072743 8.37004667632073 0.194061806226961 0 0.0694104078016968 0.0172360327738151 0.00583107025430071
0.0015035175879397 1.62373567207773 1.8340210537144 8.37014796817317 0.193991274497399 0 0.0694599169262592 0.0172514234015023 0.00583717495939441
0.00152814070351759 1.62299455961856 1.83306203196469 8.37021273118754 0.193901231873266 0 0.0695234046208241 0.0172705425920048 0.00584543369485553
0.00155276381909548 1.62297595313048 1.83303779521172 8.37020104469529 0.193899279654585 0 0.0695250436491345 0.0172715260585007 0.00584572334921541
0.00157738693467337 1.62447153718509 1.83497315072857 8.37005751568228 0.194081287272094 0 0.0693957599368314 0.0172316252841158 0.00582904040273373
0.00160201005025126 1.62800402159032 1.83957996680834 8.3636137131622 0.194653181916837 0 0.0693237123916735 0.0172184265559357 0.00582596072534582
0.00162663316582915 1.63359066730305 1.84682095736515 8.36170054523396 0.195365841967897 0 0.068813225424295 0.0170643857059335 0.00576257564568257
0.00165125628140704 1.64055340059824 1.85589138575845 8.35392046555716 0.196381256843679 0 0.0682443853721117 0.016904761825294 0.0056994025060368
0.00167587939698492 1.64756704102762 1.86504355167597 8.34354604591394 0.197466045247569 0 0.0674358119653199 0.0166827385378774 0.00561357923198092
0.00170050251256281 1.65310005743883 1.872274233322 8.33077669744129 0.198432885369087 0 0.0663966231377516 0.0164050010622299 0.00550640614028186
0.0017251256281407 1.65637032441656 1.876582063916 8.31029468902382 0.19931547392709 0 0.0653316219441391 0.0161417310995865 0.00540979310900078
0.00174974874371859 1.65737568841705 1.87794594618836 8.28093977863874 0.200143429697721 0 0.0642521814126363 0.0158974437930229 0.00532541630946865
0.00177437185929648 1.65660935508813 1.87699441761652 8.24342840177314 0.200961211082006 0 0.0630666880011898 0.015640413106488 0.00524012277981079
0.00179899497487437 1.65488748300128 1.87474842925411 8.20199506153841 0.201766456890658 0 0.0615412943058339 0.0152898947237239 0.00511865818234903
0.00182361809045226 1.65330225602911 1.87266423780008 8.15159228755975 0.202819547115014 0 0.0597926215644747 0.0148834674989494 0.00497826495762937
0.00184824120603015 1.65320856946223 1.87251646357205 8.09198052092131 0.204302094547554 0 0.0577896485038335 0.0144049473696337 0.00481178886990812
0.00187286432160804 1.65612212861599 1.87629914506601 8.02396978328315 0.206396855091142 0 0.0555320343938217 0.0138454918485334 0.00461445028684862
0.00189748743718593 1.66344492669562 1.88585638617358 7.9531646074119 0.209155098480595 0 0.0529613985663956 0.0131715080813062 0.00436957046583272
0.00192211055276382 1.67604900474914 1.90239631366141 7.88170219796002 0.212650638485548 0 0.0502218122500128 0.012420730211266 0.00409236498882554
0.00194673366834171 1.69389305125189 1.92596616425289 7.81153900249993 0.216844984158664 0 0.0475052682967731 0.0116524819236691 0.00380600929910802
0.0019713567839196 1.71593404909987 1.95525839479539 7.75012114821895 0.221407383998663 0 0.0448130445257101 0.0108654117147865 0.00350905286899549
0.00199597989949749 1.74069583471268 1.98843863194445 7.69067990666317 0.226338354454793 0 0.0424518309486994 0.0101687207336491 0.00324738221023635
0.00202060301507538 1.76680422869631 2.02368594129481 7.64045439701162 0.23124334455649 0 0.0402365110255274 0.00950577055663281 0.00299768485680929
0.00204522613065327 1.79314374187916 2.05956574920478 7.59264566671865 0.236168500492412 0 0.0383285225614444 0.00893602081397252 0.00278451259954153
0.00206984924623116 1.81889587696542 2.09490985864463 7.55294735063279 0.240819350715192 0 0.0365399191527131 0.00840163301221879 0.00258514632431606
0.00209447236180904 1.84351136163089 2.12893911527689 7.52073567700397 0.245123807138677 0 0.034857383642354 0.00790125423467174 0.00239926572257653
0.00211909547738693 1.86665855564227 2.16121329047097 7.49032353931825 0.24920933599781 0 0.0333769424103942 0.0074667192990053 0.00223956883187235
0.00214371859296482 1.88816941426283 2.19145309583693 7.46061478663435 0.253084962601939 0 0.0320834483423729 0.00709341375941336 0.00210379569520652
0.00216834170854271 1.9079921951321 2.21954654111656 7.43182084328051 0.256732802817389 0 0.0309388486585716 0.00676767316212339 0.00198689527153386
0.0021929648241206 1.92615366508184 2.24542616047879 7.41024602999331 0.259931135523119 0 0.0297902971793409 0.00644364133895401 0.00187096571080932
0.00221758793969849 1.9427305577141 2.26928155083485 7.3826422281992 0.2631484091554 0 0.0288864565846438 0.00619587720525891 0.00178394758446821
0.00224221105527638 1.95782888391929 2.29110316533779 7.36160093628626 0.265951509850106 0 0.0279598977516844 0.00594288906113263 0.00169530846617963
0.00226683417085427 1.97156943492849 2.31109502934486 7.34107419475349 0.268566885802289 0 0.0271150901172557 0.00571584929887172 0.00161674610405838
0.00229145728643216 1.98407795837313 2.32941116711366 7.32094927740699 0.271013755619937 0 0.0263445891728445 0.00551199115540346 0.00154682026689704
0.00231608040201005 1.99547915495831 2.34621028141514 7.30109653381044 0.273312254634287 0 0.0256401508000294 0.00532831494083323 0.00148440094241546
0.00234070351758794 2.00589495895315 2.3616438606761 7.28144215644147 0.275480449594542 0 0.0249921652157456 0.00516187333745464 0.00142844892506435
0.00236532663316583 2.0154354726658 2.37586324435919 7.26219741928426 0.277524192238833 0 0.0243920119691376 0.00500962458928663 0.00137763401478671
0.00238994974874372 2.02419575779379 2.38898301613399 7.24322420220337 0.279460596729567 0 0.0238343118328099 0.00486993992411441 0.00133143851907022
0.00241457286432161 2.03225788317605 2.40104721803452 7.23035422036988 0.281073073494882 0 0.0232207388384829 0.00471456510199256 0.00127994058591908
0.0024391959798995 2.03969286126514 2.41229154105166 7.21127176767487 0.28284787024783 0 0.0227469548071628 0.00459917601633422 0.00124248922218034
0.00246381909547739 2.04656231059712 2.42273047290826 7.19279733750196 0.284529399977212 0 0.022297272413863 0.00449082843282655 0.00120748180524629
0.00248844221105528 2.05291985317825 2.43235435396773 7.18047279544574 0.285903158700124 0 0.0217848968004759 0.00436436918651519 0.00116649032903595
0.00251306532663317 2.05881227506287 2.44138488258428 7.16195827140471 0.287464991702481 0 0.0213955639683243 0.00427279306709024 0.0011374445492727
0.00253768844221105 2.06428049246338 2.44971787128661 7.1502377171867 0.288700959899775 0 0.0209315089441791 0.00416021359258887 0.00110130954326025
0.00256231155778894 2.06936034992667 2.45756395306231 7.13175263452324 0.290161543168134 0 0.0205910461303703 0.00408199887779933 0.00107687402674697
0.00258693467336683 2.07408328736442 2.46480352931643 7.12024756083929 0.291293704276757 0 0.0201707295533043 0.00398152332558803 0.00104504983205939
0.00261155778894472 2.0784768929859 2.47163621462757 7.10197191731971 0.292661941948416 0 0.0198668719293375 0.00391315000395287 0.00102403748362219
0.00263618090452261 2.08256536984643 2.47793338319331 7.09046915158446 0.293713339036395 0 0.0194860933057612 0.0038235040817027 0.00099592906383279
0.0026608040201005 2.08636992448792 2.48389456990284 7.07263969104862 0.294991688482096 0 0.019208921460914 0.0037622853181705 0.00097732535618411
0.00268542713567839 2.08990909905262 2.4893687068794 7.06099724200471 0.295979311055397 0 0.0188625500791268 0.00368196069143691 0.000952411090665432
0.00271005025125628 2.0931990493856 2.49447438814338 7.05010780340303 0.296903126555771 0 0.0185207097984663 0.00360285445843103 0.000927969341852111
0.00273467336683417 2.09625316244073 2.49929873444774 7.03191843049365 0.298105443508902 0 0.0182875171934745 0.00355337692120419 0.000913297097501461
0.00275929648241206 2.09908071046977 2.50369503195156 7.02068223415615 0.298985289528927 0 0.0179758914223499 0.00348216243393726 0.000891553872249861
0.00278391959798995 2.10168987518649 2.50776737915759 7.01001462820345 0.299812480665981 0 0.0176686936090169 0.00341232721089439 0.000870295350529688
0.00280854271356784 2.1040886615781 2.51159266412501 6.99184532031572 0.300934669630691 0 0.0174683534846675 0.00337110236916265 0.000858360006639091
0.00283316582914573 2.10628491155805 2.5150186050188 6.98069742271207 0.301729867950605 0 0.0171891487343236 0.00330866029450423 0.000839557450205349
0.00285778894472362 2.10828630263566 2.51815210506299 6.97009038140986 0.302476178538335 0 0.0169149438973697 0.00324738713915221 0.000821125220263172
0.00288241206030151 2.1101003435365 2.52107108860381 6.95211105536954 0.303519366524898 0 0.0167387313861796 0.00321244535262453 0.00081130153790549
0.0029070351758794 2.11173436734466 2.5236265761162 6.9410873797974 0.304236822243592 0 0.0164895981217178 0.0031575040256531 0.000794929481407326
0.00293165829145729 2.11319552237669 2.52591383964272 6.93036204729473 0.304918488811357 0 0.0162457521290091 0.0031039894909212 0.000779053621709624
0.00295628140703518 2.11449076610785 2.52803287440096 6.91319089788493 0.305863210974656 0 0.0160854448722142 0.00305164370644706 0.000770361047350856
0.00298090452261307 2.11562685881212 2.52980542993223 6.90193228794469 0.306526747952511 0 0.0158643579606918 0.00302501114916199 0.000756394626603826
0.00300552763819095 2.11661036012221 2.53133621751721 6.89107403515386 0.307152462638569 0 0.015647278669019 0.00297829473072347 0.000742702328428151
0.00303015075376884 2.11744762381501 2.53263666543765 6.88043578080211 0.307749057076173 0 0.0154353411307 0.00293279622370385 0.000729440569435012
0.00305477386934673 2.1181447974682 2.53372198081483 6.87009223181768 0.308313880803283 0 0.0152280287698499 0.00288837622091968 0.000716514247319034
0.00307939698492462 2.11870782077869 2.53467719215855 6.85257353315205 0.309184251803881 0 0.0151069693289029 0.00286676247482016 0.000710829198178372
0.00310402010050251 2.11914242733435 2.53533423926961 6.84168679870896 0.309739760044882 0 0.0149189638776318 0.00282715051088429 0.0006994488553318
0.0031286432160804 2.11945414457126 2.53579202151972 6.83095397210212 0.31027205764044 0 0.0147347977391267 0.00278851121016497 0.000688441152245618
0.00315326633165829 2.11964829702415 2.5360663252951 6.82051351271132 0.310775470655368 0 0.0145554559649065 0.00275099431693739 0.000677660974524275
0.00317788944723618 2.11973000889533 2.5361614586035 6.81019826998679 0.311258193206677 0 0.0143803668406352 0.00271447464408967 0.000667241460832947
0.00320251256281407 2.11970420830021 2.53608618691198 6.80000519439007 0.31172096898528 0 0.0142096520349979 0.00267895946181802 0.000657164922955845
0.00322713567839196 2.11957563119674 2.53592574279972 6.7824369294156 0.312509449517192 0 0.0141215938557864 0.00266511508950212 0.000653873047685776
0.00325175879396985 2.11934882260298 2.53551502480449 6.77179545584086 0.312967046394614 0 0.0139660460765143 0.00263333612667984 0.000644938915229365
0.00327638190954774 2.11902813116522 2.53495094203933 6.76128095680877 0.313406312309993 0 0.0138140389305946 0.00260237719667147 0.000636276675524013
0.00330100502512563 2.1186177113188 2.53424093811955 6.75087628898256 0.313828549158335 0 0.0136659981061587 0.00257235892040367 0.000627886436155132
0.00332562814070352 2.11812152846993 2.53339129569234 6.74055499239193 0.314235479253659 0 0.0135219746638743 0.00254325023083004 0.000619776275001552
0.00335025125628141 2.11754336491381 2.5324089871529 6.73032835018988 0.314627051569345 0 0.0133818489784399 0.00251498545982034 0.000611923119704654
0.0033748743718593 2.11688682758033 2.53129883948497 6.72016325346062 0.315005268136933 0 0.0132452694320859 0.00248755964556669 0.000604340992880497
0.00339949748743719 2.11615535486504 2.53006616272447 6.71005082260567 0.315370987613964 0 0.0131124381334735 0.00246108149835328 0.000597024147804977
0.00342412060301508 2.11535222455275 2.52880214976926 6.69295227311077 0.31605667248686 0 0.013051837781396 0.00245326688242106 0.000595555625100953
0.00344874371859296 2.1144805611476 2.52733316243856 6.68255582212563 0.316417942091356 0 0.0129292383080815 0.00242936222542321 0.000588988257392712
0.00347336683417085 2.11354334322262 2.52575325950787 6.67216004858434 0.316770480299114 0 0.0128101038884342 0.00240589473940278 0.000582687748565492
0.00349798994974874 2.11254341023349 2.52407161424799 6.66193954554103 0.317106361562146 0 0.0126940277442323 0.00238323990985797 0.000576506099135337
0.00352261306532663 2.11148346968853 2.52228933203995 6.65173556032308 0.317433465377564 0 0.0125810685201899 0.00236136434867963 0.00057055997624441
0.00354723618090452 2.11036610326419 2.52041004729326 6.64152942171657 0.317753030855164 0 0.012471252432817 0.00234013369145917 0.000564853982617727
0.00357185929648241 2.10919377360155 2.51843928626372 6.63137391110444 0.318062863273271 0 0.0123643356454277 0.0023195591269486 0.000559338390891436
0.0035964824120603 2.10796882977659 2.5163816537059 6.62128628403245 0.318362435839703 0 0.0122604006114225 0.00229962435450877 0.000553992159718428
0.00362110552763819 2.10669351362595 2.51423801627401 6.61117670137417 0.318656361610795 0 0.0121592101620408 0.00228030258172817 0.000548875412312267
0.00364572864321608 2.1053699645815 2.51201458241184 6.60113289971519 0.318940702537944 0 0.0120608230168294 0.00226171052470863 0.000543914421943066
0.00367035175879397 2.10400022507536 2.50971374121588 6.59112357063815 0.319217232468249 0 0.0119651456242939 0.00224373807825922 0.000539125846436895
0.00369497487437186 2.1025862456274 2.50733662960237 6.58109031494942 0.319489042849211 0 0.0118722514452663 0.00222629839636306 0.000534545813895626
0.00371959798994975 2.10112988916385 2.50488810732535 6.5710903268553 0.319753615404855 0 0.0117819300955511 0.00220935919349655 0.000530125465542917
0.00374422110552764 2.09963293567012 2.50237084580202 6.56111323125168 0.320011690343831 0 0.0116940927601268 0.00219304510531606 0.00052586631812663
0.00376884422110553 2.09809708636911 2.49978779878912 6.55116444178872 0.320263230302343 0 0.0116086883813874 0.00217728647318836 0.000521758651845046
0.00379346733668342 2.09652399898909 2.49713975532261 6.54118546540111 0.320511321698249 0 0.0115254990358819 0.00216199141269188 0.000517839035754943
0.00381809045226131 2.09491536449681 2.49443542318896 6.53135037705026 0.320747662207479 0 0.0114445804122514 0.00214730760112967 0.000513978611489112
0.0038427135678392 2.09327283547485 2.49167248287911 6.52151159065538 0.320979700239172 0 0.0113657535249021 0.00213289378799918 0.000510279165331888
0.00386733668341708 2.09159800957445 2.48885316207777 6.51164940074801 0.32120863407268 0 0.0112890150181502 0.00211899237557167 0.000506750339211759
0.00389195979899497 2.08989243102948 2.48598416607176 6.50190245922644 0.321427835027553 0 0.0112143193838675 0.00210554175787424 0.000503290626292619
0.00391658291457286 2.0881575925782 2.48306245263813 6.49208190408608 0.321646834317343 0 0.0111414740656296 0.00209257276047083 0.000500029193988623
0.00394120603015075 2.08639493685763 2.48009630576149 6.48241869672517 0.321854393316439 0 0.0110705040489757 0.00208003099099713 0.000496800995428579
0.00396582914572864 2.08460585856511 2.47708341169835 6.47274873672965 0.322058825910545 0 0.0110012711165798 0.00206763360687517 0.000493717494707851
0.00399045226130653 2.08279170521862 2.47393356755701 6.47002023999657 0.321914248790623 0 0.0108759532855183 0.00204054850523827 0.000486064516736961
0.00401507537688442 2.08095377913174 2.47082944898729 6.4600705192946 0.32212555155806 0 0.0108134725422496 0.00202986510268517 0.000483461985644667
0.00403969849246231 2.07909333895729 2.46768989044924 6.45021540640265 0.322329287932544 0 0.0107526088700101 0.002019536367555 0.000480923667153485
0.0040643216080402 2.07721160100628 2.46451465037852 6.44039308808335 0.322528698574276 0 0.0106932349002542 0.00200951224068799 0.000478488686039134
0.00408894472361809 2.07530974021858 2.46130791301677 6.4306490476752 0.322721660727054 0 0.0106353238936938 0.00199978345815808 0.000476124046719463
0.00411356783919598 2.07338889217002 2.4580705216822 6.42096854264306 0.322909056227296 0 0.0105786631683594 0.00199028071857451 0.000473837362511275
0.00413819095477387 2.07145015369487 2.45480317244292 6.41134632157407 0.323091290003237 0 0.0105233932485898 0.00198112199345015 0.000471629683624853
0.00416281407035176 2.06949458459427 2.45150702941206 6.40180076447478 0.323267571224401 0 0.0104689539135371 0.00197202411018915 0.000469486565521037
0.00418743718592965 2.0675232086279 2.44818393959104 6.3923998324857 0.323434588387432 0 0.0104155871087896 0.00196318337643447 0.000467360653913438
0.00421206030150754 2.06553701466687 2.4447367455966 6.39001566268501 0.323244436900011 0 0.0103073366146044 0.00193982214379659 0.00046077889182724
0.00423668341708543 2.06353695732352 2.44135382515586 6.3801639206186 0.323430084712219 0 0.0102612233227705 0.00193270617963977 0.000459181715274617
0.00426130653266332 2.06152395925076 2.43795325758761 6.37040600763626 0.323609508841288 0 0.0102157821335018 0.00192570994597623 0.000457628968162355
0.00428592964824121 2.05949891104673 2.43453908335909 6.36085448661697 0.323777082997237 0 0.0101708844934764 0.00191875216517537 0.000456046046203493
0.0043105527638191 2.05746267315171 2.43110379545686 6.35136045075896 0.323940467416844 0 0.0101267335721503 0.00191198030420453 0.00045452747308913
0.00433517587939699 2.05541607599903 2.42765236411221 6.34207387698212 0.324092105495482 0 0.0100827559083073 0.00190543120833455 0.000452974299001022
0.00435979899497487 2.05335992164919 2.42418240226725 6.33293451920725 0.324235141769037 0 0.0100388814452793 0.0018983279923342 0.00045142344645374
0.00438442211055276 2.05129498387424 2.4205944616533 6.33017348920815 0.324050357762128 0 0.00994665820283095 0.00187855387666708 0.000445922920025461
0.00440904522613065 2.04922200994734 2.41709379572076 6.32055499064559 0.324215517937932 0 0.00991001400771567 0.00187346831472562 0.000444880594022699
0.00443366834170854 2.04714172131664 2.41357799734935 6.31098703385699 0.324377424693507 0 0.00987351390593598 0.0018683016217438 0.000443898555357693
0.00445829145728643 2.04505481295978 2.41006130444661 6.30187502566205 0.324515291819031 0 0.00983648822240435 0.00186299829884965 0.000442717197616356
0.00448291457286432 2.04296194415095 2.40653058824486 6.29288073898029 0.324646537713028 0 0.00979933297300923 0.00185756642408156 0.00044154909466407
0.00450753768844221 2.04086374375547 2.40288846826324 6.29022208036947 0.32445018914747 0 0.0097145824002345 0.00183949938907054 0.000436510314614231
0.0045321608040201 2.03876081844007 2.39933482697488 6.28068063961523 0.324608260700383 0 0.0096843429685322 0.00183573070422313 0.000435869376764108
0.00455678391959799 2.03665375270163 2.39577744914137 6.27137734012893 0.324753820770696 0 0.0096535341729411 0.00183179269834774 0.00043516366514643
0.00458140703517588 2.03454311028512 2.39221770183251 6.26234719027432 0.324885070799788 0 0.00962189043000045 0.00182753619152613 0.000434368688087011
0.00460603015075377 2.03242943438614 2.38855544096205 6.26012134761704 0.324662945257411 0 0.00954033999987203 0.00181002587067256 0.00042944505029725
0.00463065326633166 2.03031324737539 2.38497550644025 6.25054036612754 0.324822035927951 0 0.00951555222462684 0.00180748064192335 0.000429159482473452
0.00465527638190955 2.02819505348188 2.38140168575903 6.24134709457248 0.324961105791667 0 0.0094896105202393 0.00180454896137208 0.000428712803967603
0.00467989949748744 2.02607533856706 2.37783012460267 6.23248989880141 0.325082811438924 0 0.00946229332651788 0.00180120561874588 0.00042813360721166
0.00470452261306533 2.0239545699904 2.37415345311445 6.23016784111148 0.324863570550183 0 0.00938650980029572 0.00178500900679028 0.000423626036702777
0.00472914572864322 2.02183319770513 2.37056729010317 6.22074380569448 0.325014702559256 0 0.00936573728411626 0.00178331842391571 0.000423551975900542
0.00475376884422111 2.01971165552128 2.36698999623664 6.21168525056817 0.325147133837237 0 0.00934341416374639 0.00178126394828224 0.000423327284057386
0.00477839195979899 2.01759036133821 2.36332624152945 6.21000607529381 0.32489346014734 0 0.00926698244533288 0.00176454755509581 0.000418679871133467
0.00480301507537688 2.0154697161832 2.35973574691775 6.20040836914028 0.325054350647981 0 0.00925099289934003 0.00176399727605203 0.000418928373781432
0.00482763819095477 2.01335010716281 2.35615846561479 6.19122150313024 0.325194326538772 0 0.00923301162434306 0.00176283733304661 0.000418998499010907
0.00485226130653266 2.01123190662123 2.35259408844407 6.18250849921591 0.325310010795181 0 0.00921259941388826 0.00176100964833728 0.000418847068274884
0.00487688442211055 2.00911547262606 2.34892420720142 6.1802460287777 0.325086649183676 0 0.00914559713042071 0.00174667678637142 0.000414863384473023
0.00490150753768844 2.0070011494769 2.34535498043718 6.17102066027926 0.325230016226534 0 0.00913136909864454 0.00174629056908174 0.000415161739973579
0.00492613065326633 2.00488926875699 2.3418030442494 6.1623012269922 0.325347495181693 0 0.00911423352120097 0.00174523175979949 0.000415218519359948
0.00495075376884422 2.00278014936218 2.3381484333515 6.16020299958903 0.32511593359761 0 0.00904938677906941 0.0017313044887669 0.000411355375042969
0.00497537688442211 2.00067409710372 2.3345928435482 6.15096521397955 0.325261812984523 0 0.00903812796309572 0.00173162026580291 0.000411856515623326
0.005 1.99857140700076 2.33105750611208 6.14223057717255 0.325382022359825 0 0.00902359467284866 0.00173108071027165 0.000412117181637868
