rhoc M Mb R C kl_1 kl_2 kl_3 kl_4
0.000493969849246231 0.31477614969671 0.321671685978094 9.46629520092359 0.033252306527056 0 0.0585518473579919 0.0128242830184785 0.00390086443189291
0.000518592964824121 0.343081443176267 0.351317415522211 9.2838752061943 0.0369545513652918 0 0.0660215583729608 0.0150941276277106 0.00478389371047562
0.00054321608040201 0.372917883074687 0.382693326907582 9.13605708708343 0.0408182522854327 0 0.0731070145692104 0.0173429570792458 0.0056917664074927
0.0005678391959799 0.404227992562567 0.415760744272468 9.01668127642728 0.0448311280137359 0 0.0796861755985691 0.0195068138779733 0.00659615715200945
0.000592462311557789 0.436873551387455 0.450393459992035 8.9200710617028 0.0489764653628284 0 0.0856716289215514 0.0215384599636523 0.00746999096878514
0.000617085427135678 0.470687590457974 0.486434673307252 8.84175318581201 0.0532346448228465 0 0.0910056154360034 0.0234002264581223 0.00829256139356225
0.000641708542713568 0.50553025050083 0.523747536653735 8.77838978115111 0.0575880387068595 0 0.0956808683183191 0.025072552937769 0.00904492716721721
0.000666331658291457 0.541285222373699 0.562232127083547 8.72740865765292 0.0620212990598366 0 0.0996533386537641 0.0265260574591802 0.00971265564152069
0.000690954773869347 0.577834210112425 0.601771896301679 8.68674839996582 0.0665190452752953 0 0.102933450816902 0.027750843098162 0.0102843254956064
0.000715577889447236 0.615056642914315 0.642251772553892 8.65334621635097 0.0710773182462215 0 0.105616873819695 0.0287777026653582 0.0107686126452919
0.000740201005025126 0.652815339157822 0.68353203207953 8.62628433166889 0.0756774659932319 0 0.107686838147731 0.0295880157393244 0.0111580073889614
0.000764824120603015 0.690960521743163 0.725464378309195 8.6041425460568 0.0803055642145101 0 0.109203959595314 0.0302023412539948 0.0114576367531838
0.000789447236180905 0.729342768500305 0.767888580441439 8.5860007640278 0.0849455746097746 0 0.11020009144889 0.0306271511295068 0.0116699065277328
0.000814070351758794 0.767815690913293 0.810650765831422 8.57174954909706 0.0895751429174892 0 0.11068523434872 0.0308634036467369 0.0117922796275954
0.000838693467336683 0.806241197536565 0.853599651278094 8.56036643183741 0.0941830240511694 0 0.110724509542655 0.0309333848106143 0.0118350529525373
0.000863316582914573 0.844505177368839 0.896612536585773 8.55004950541316 0.098771963464559 0 0.110565021160964 0.0309331007605289 0.0118214560781144
0.000887939698492462 0.882507471648555 0.939578239567424 8.54045374076136 0.103332621244299 0 0.109850950161145 0.0307218719674983 0.0117577731806202
0.000912562814070352 0.92015644735832 0.982389831437385 8.53133627381247 0.107856075276602 0 0.10901623787455 0.0304697465867274 0.0116497704602545
0.000937185929648241 0.957369012236676 1.02494913940715 8.52275611701655 0.112330917263395 0 0.107944113628711 0.0301295229804222 0.0115000142794634
0.000961809045226131 0.994070646721549 1.06716318721869 8.5146990214076 0.11674759662347 0 0.106657309219572 0.0297097780951463 0.0113123989358722
0.00098643216080402 1.03020058436636 1.10894510490193 8.51010157937239 0.121056203002731 0 0.104988147122007 0.0291466805779318 0.01105679556068
0.00101105527638191 1.0657132541228 1.150263709288 8.50131092250999 0.125358696304234 0 0.103435237858534 0.0286327911633655 0.0108267672984468
0.0010356783919598 1.10057059002611 1.19104958266183 8.49272159039088 0.129589858599787 0 0.101741638712473 0.0280687094190475 0.010573700679074
0.00106030150753769 1.13474082683294 1.23125535719875 8.48414761153303 0.133748359739806 0 0.0999349443661135 0.0274641325780296 0.0103032069416942
0.00108492462311558 1.16819788177509 1.27084203171968 8.47543295911386 0.137833416583031 0 0.0980416070213192 0.0268299312444667 0.0100202326746579
0.00110954773869347 1.20092078237039 1.3097629055616 8.47020591833403 0.141781769410229 0 0.0958766154198428 0.0260980947593913 0.00969052944990452
0.00113417085427136 1.23289399369169 1.34801850729909 8.46050095605661 0.145723521585221 0 0.093902212202181 0.0254412237365364 0.00939944418338788
0.00115879396984925 1.26410998382163 1.38557248619174 8.45054835158763 0.149589107265937 0 0.0918850571952713 0.0247722330158538 0.00910453202821903
0.00118341708542714 1.29456578051477 1.42241091248607 8.44047369662988 0.153375962895502 0 0.0898376842729039 0.0240949994533426 0.00880663501564957
0.00120804020100503 1.32426130003139 1.45852375056272 8.43019931971852 0.157085408044137 0 0.0877684383482159 0.0234130554750644 0.00850836150991093
0.00123266331658291 1.35319890973446 1.49392616663034 8.41492467714435 0.160809390654424 0 0.0859331071658561 0.0228184488491012 0.00825345088596444
0.0012572864321608 1.38138304789496 1.5285714618644 8.40350975067931 0.164381679664653 0 0.0838839078333156 0.0221525813664238 0.0079639546059709
0.00128190954773869 1.40881989473583 1.56247112174625 8.39199556697176 0.167876625230892 0 0.0818305537336261 0.0214857680567157 0.00767701418287405
0.00130653266331658 1.43551704261658 1.59562660780461 8.38066662468157 0.171289123754058 0 0.079770926871175 0.0208191770975783 0.00739148849353328
0.00133115577889447 1.46148195501368 1.62806759498244 8.36412523476645 0.174732194221443 0 0.077957938562938 0.0202452331020243 0.00714992319487941
0.00135577889447236 1.48672168794017 1.65973801118439 8.35168674791867 0.178014541590736 0 0.0759624026259423 0.019607689988816 0.00688023922845003
0.00138040201005025 1.51124428475244 1.6906619110558 8.34007830463515 0.181202649369915 0 0.0739464718979655 0.0189654273687583 0.00660975953686818
0.00140502512562814 1.53505871694488 1.72087446023638 8.3219662039575 0.184458657884827 0 0.0722340965558235 0.0184343560723279 0.00639031328885861
0.00142964824120603 1.55817475282053 1.750313037939 8.31003482412091 0.187505201337753 0 0.0702737777876714 0.0178166155679222 0.00613333385874586
0.00145427135678392 1.5806028399424 1.77904949233894 8.29136093465072 0.190632497173877 0 0.0686196092766818 0.0173097936907791 0.00592663281961568
0.00147889447236181 1.60235400053065 1.80705525683802 8.27344425043581 0.193674357622734 0 0.0669564120244478 0.016800906659887 0.00571951102914911
0.0015035175879397 1.62343973727919 1.83429921152057 8.26037720235521 0.196533366153825 0 0.0651228251463282 0.0162343877303785 0.00548837602119764
0.00152814070351759 1.64387173757427 1.86086094863643 8.24147543569732 0.199463281835915 0 0.0635494880636168 0.0157596381749541 0.00529820259450365
0.00155276381909548 1.66365982661065 1.88670613428019 8.22295426882677 0.202318992933913 0 0.0619905537890013 0.0152921855964892 0.00511098036322576
0.00157738693467337 1.68281300653931 1.91183551177606 8.20441748617935 0.205110601620904 0 0.0604550458797516 0.014833582448478 0.00492928065083603
0.00160201005025126 1.70134079937794 1.93622369725461 8.19044488598189 0.207722635712966 0 0.0587880237524379 0.014331072850603 0.0047295028157302
0.00162663316582915 1.71925320969844 1.95994626575542 8.17103240422667 0.210408321084263 0 0.0573518602264231 0.0139088094080089 0.00456433836527156
0.00165125628140704 1.7365606708935 1.98296996814435 8.15171276714512 0.213030159489007 0 0.055945008462997 0.0134969339097781 0.00440415923694576
0.00167587939698492 1.75327399656766 2.0053042046503 8.13238304092349 0.215591664552063 0 0.0545709245441389 0.0130970171642825 0.0042495258552714
0.00170050251256281 1.76940433247929 2.02695242662079 8.11303008052526 0.218094141759269 0 0.0532314914625615 0.0127094668774776 0.0041004899686814
0.0017251256281407 1.78496311120562 2.04792459283047 8.09357661872276 0.220540707191984 0 0.0519276271219796 0.0123347934655153 0.00395735015689661
0.00174974874371859 1.79996200833243 2.06822682252458 8.07406794027115 0.222931243785395 0 0.0506604412116882 0.0119729413966537 0.00381981233494726
0.00177437185929648 1.81441287800677 2.08783009909472 8.06008383611991 0.225110918806549 0 0.0492587912446419 0.0115676541741935 0.003664925531811
0.00179899497487437 1.8283271802198 2.1068232693071 8.04016929149298 0.227399089986113 0 0.0480757373458702 0.011234696437639 0.00354019673613951
0.00182361809045226 1.84171598300797 2.12517613308732 8.02022986147544 0.229633815341692 0 0.0469268312013368 0.0109132317840559 0.00342052734260839
0.00184824120603015 1.85459052601025 2.14289333769436 8.00026590352676 0.231816110661107 0 0.0458118480277689 0.0106033305709935 0.0033058056079416
0.00187286432160804 1.86696221283541 2.15998907977181 7.98036036601202 0.233944599893848 0 0.0447307651290676 0.010304351978378 0.00319561159290702
0.00189748743718593 1.87884257821271 2.17647032139769 7.96039857149208 0.236023681645949 0 0.0436831466324502 0.0100166267526602 0.00309024353982477
0.00192211055276382 1.89024325688993 2.1923479177066 7.94040400603551 0.238053788630044 0 0.0426685691226867 0.00973965906213798 0.00298947374659722
0.00194673366834171 1.90117595421683 2.20762931112305 7.92045583678148 0.24003365379402 0 0.0416865860415851 0.00947287875540973 0.00289289693345329
0.0019713567839196 1.91165241833945 2.22233267507254 7.90046432308566 0.241967097143072 0 0.0407362370798055 0.00921652568739417 0.00280067474378349
0.00199597989949749 1.92168441400559 2.23645989038426 7.88043149862142 0.243855227260304 0 0.0398173305456468 0.00897009974986698 0.002712646950139
0.00202060301507538 1.93128369742215 2.25003139871092 7.86047214572604 0.245695635277105 0 0.0389289379824927 0.00873326972296218 0.00262831466435986
0.00204522613065327 1.94046199281058 2.26304804887246 7.84045363046994 0.24749358701255 0 0.038070372357538 0.008505679389773 0.00254794286793334
0.00206984924623116 1.94923097764027 2.27553574886539 7.82048026673443 0.249246965807408 0 0.0372409011643254 0.00828731750935202 0.00247107781813358
0.00209447236180904 1.95760236623247 2.28749391792845 7.80054314343348 0.250957187241556 0 0.0364397644220722 0.00807781357088001 0.00239761291649234
0.00211909547738693 1.96558783783127 2.29894235512337 7.78058535385524 0.252627244408717 0 0.0356663554100495 0.00787631055520161 0.00232756835290501
0.00214371859296482 1.9731989139422 2.30988875698737 7.76063030235719 0.254257558608722 0 0.0349193794256857 0.00768292815433872 0.00226074002456616
0.00216834170854271 1.9804469442929 2.32034709564091 7.74073336310333 0.255847456745226 0 0.0341982029494924 0.00749746722084188 0.00219685234067097
0.0021929648241206 1.98734309751148 2.33033656740319 7.72089271955365 0.257398097564341 0 0.0335024882736553 0.00731956682308755 0.00213579043751388
0.00221758793969849 1.99389835246126 2.33985563116344 7.70099764753675 0.258914291851399 0 0.0328307334625683 0.00714875194076797 0.00207770714109673
0.00224221105527638 2.00012349108043 2.34892656894911 7.68120100778864 0.260392025811111 0 0.0321822412497575 0.00698471597541209 0.00202210680729281
0.00226683417085427 2.00602909189784 2.35756158828777 7.66146789958763 0.261833517830938 0 0.0315562627557128 0.00682734565718042 0.00196896845279195
0.00229145728643216 2.01162552460428 2.36576581551343 7.64179569529449 0.263239898685457 0 0.0309515652013286 0.00667609201749823 0.00191819371533195
0.00231608040201005 2.01692294551161 2.37355994010121 7.62217105833265 0.264612658267055 0 0.0303676156564134 0.00653092595247813 0.00186971078722216
0.00234070351758794 2.02193129368627 2.38094971511815 7.60266534839544 0.265950321503104 0 0.0298030559826357 0.00639124367981967 0.00182326532397438
0.00236532663316583 2.0266602880367 2.387941320357 7.58330702721478 0.267252833198428 0 0.0292572553458314 0.00625675936538043 0.00177871079856519
0.00238994974874372 2.03111942458978 2.39449931039696 7.57007774628027 0.268308925306324 0 0.028615114163458 0.00609339489710447 0.00172369637080019
0.00241457286432161 2.03531798937416 2.4007412401881 7.55033267620018 0.269566663703416 0 0.0281180530728398 0.00597301325170463 0.00168433193244639
0.0024391959798995 2.03926518081753 2.40663383832604 7.53069138857844 0.270793885394164 0 0.0276371049898885 0.0058570490428164 0.00164664978455531
0.00246381909547739 2.04297001968826 2.41217905815166 7.51123474783936 0.271988572887557 0 0.0271710353157244 0.005745294191345 0.00161041706378814
0.00248844221105528 2.04644125352245 2.41738954712679 7.49195485381623 0.27315184000075 0 0.0267193516240721 0.00563722106905104 0.0015755839839088
0.00251306532663317 2.04968736118305 2.42228275691888 7.47293645218912 0.274281385141795 0 0.0262803912561219 0.00553275471550894 0.0015419288736136
0.00253768844221105 2.05271655765859 2.42678157626844 7.46011122245034 0.275158975040637 0 0.0257501862057626 0.00540115608405805 0.00149866554901321
0.00256231155778894 2.0555368001711 2.4310532454316 7.44054189272262 0.276261706446618 0 0.0253538895133098 0.00530844854601026 0.00146934036613289
0.00258693467336683 2.05815579325825 2.43502450991929 7.42128014238969 0.277331640063317 0 0.024967338076645 0.00521841722695095 0.00144089680185612
0.00261155778894472 2.060580994946 2.43872119977414 7.40237352559473 0.278367605717444 0 0.0245900178552051 0.00513070358665878 0.00141321272815561
0.00263618090452261 2.06281962188488 2.44207149664121 7.39007100905316 0.279133937868504 0 0.0241190083611771 0.00501545726392105 0.00137576572619017
0.0026608040201005 2.06487865485751 2.44522268937468 7.37061979057506 0.280149934948199 0 0.0237796410489896 0.00493818853462165 0.00135176584866419
0.00268542713567839 2.06676484568109 2.44812320406889 7.35158806498303 0.281131753766982 0 0.0234460319650748 0.00486215660879387 0.00132826165716295
0.00271005025125628 2.06848472231094 2.45077308781105 7.33307298310858 0.28207611284868 0 0.023117107960158 0.0047872077076997 0.00130507044297897
0.00273467336683417 2.07004459442494 2.45311365593424 7.32040057002875 0.282777503037216 0 0.0227106134998297 0.00468967280969237 0.00127384606287457
0.00275929648241206 2.07145055989934 2.45529774214005 7.30145461503975 0.283703819185906 0 0.0224140183164384 0.0046235049701283 0.00125365468121655
0.00278391959798995 2.07270851069154 2.45726635691242 7.28315438127795 0.284589396597117 0 0.0221191432229935 0.00455744167706559 0.00123347256428919
0.00280854271356784 2.07382413800358 2.45893418210935 7.27054362092879 0.285236461828511 0 0.0217502053467604 0.00446990520696725 0.00120578445416212
0.00283316582914573 2.07480293848936 2.46047596724695 7.25188288445137 0.28610541173216 0 0.0214837362473528 0.00441143872917724 0.00118818230688723
0.00285778894472362 2.07565022044074 2.46174787704632 7.24009851689118 0.286688118345108 0 0.0211263460219723 0.00432665754107343 0.00116150561444234
0.00288241206030151 2.076371108026 2.46288445980405 7.22108481527884 0.287542822323965 0 0.0208858988194095 0.00427517037887104 0.00114626209060766
0.0029070351758794 2.07697054872536 2.46385793834297 7.20305669258125 0.288345717293122 0 0.0206414802451159 0.00422224696449705 0.0011304155762066
0.00293165829145729 2.07745331692951 2.46455664822043 7.19065616288775 0.288910117501044 0 0.0203255424719948 0.00414850729266554 0.0011075673260476
0.00295628140703518 2.07782402060997 2.4651861760451 7.17245257988109 0.289695051653366 0 0.0201022693980106 0.00410112461636883 0.001093614879203
0.00298090452261307 2.07808710653145 2.46554807862133 7.16046040639258 0.290216967707302 0 0.0198016999138129 0.00403125165120492 0.00107200622022514
0.00300552763819095 2.07824686406696 2.46584359441265 7.14222958586628 0.290980125895084 0 0.0195970581330233 0.00398843165878897 0.00105959871406458
0.00303015075376884 2.07830743245675 2.46590313158352 7.13044100642362 0.291469690385834 0 0.0193128281466101 0.00392287281497747 0.00103938843715949
0.00305477386934673 2.07827280333878 2.46588480276758 7.11228334566929 0.292208943644555 0 0.0191236774535065 0.00388402076092401 0.00102826993624463
0.00307939698492462 2.0781468279237 2.46565422701356 7.10053351683209 0.292674743805853 0 0.0188568058953946 0.00382287600238696 0.00100955215072074
0.00310402010050251 2.07793321937737 2.46536901582274 7.08255797394532 0.293387392947786 0 0.0186798182281222 0.00378697033971178 0.000999477928598051
0.0031286432160804 2.07763555943143 2.46486035446819 7.07081182990559 0.293832675711181 0 0.0184308712457549 0.00373045299835567 0.000982179365822646
0.00315326633165829 2.07725730163355 2.46432848666455 7.05332441522584 0.294507551240579 0 0.0182630765017901 0.00367229077596428 0.000972677639203244
0.00317788944723618 2.07680177567647 2.4635788130401 7.04135700680629 0.294943399925469 0 0.0180320472182694 0.00364469087194632 0.000956973512350635
0.00320251256281407 2.07627219255353 2.46270665300219 7.03021908252784 0.295335347046819 0 0.0177974093746736 0.00359156200377838 0.000940920201845017
0.00322713567839196 2.07567164734062 2.46181145938449 7.01208986603729 0.296013269509569 0 0.01765676881157 0.00356466718802149 0.000933857591542349
0.00325175879396985 2.07500312497108 2.46073433453803 7.0008027265977 0.296395028685447 0 0.0174408428514153 0.00351641609230063 0.000919161858027648
0.00327638190954774 2.07426950142307 2.45955110817208 6.9900638049631 0.296745431701251 0 0.0172234514808396 0.00346746428592043 0.000904430471727935
0.00330100502512563 2.07347354994729 2.45833039571546 6.97196030242164 0.29740180092923 0 0.0171036808812057 0.00344593987390149 0.000898791232517971
0.00332562814070352 2.07261794398008 2.45695095925293 6.96070590101201 0.297759734925555 0 0.0169049716159251 0.00340178217165887 0.000885713222695232
0.00335025125628141 2.07170525961786 2.45549328062928 6.95006882516704 0.298084135816896 0 0.0167058092164228 0.00335739041118124 0.00087247368691572
0.0033748743718593 2.07073797994341 2.45400366444267 6.93212246086364 0.29871630105124 0 0.0166006157919294 0.0033392375369682 0.000867955653788576
0.00339949748743719 2.0697184989755 2.45235057581503 6.9209587176449 0.299050837234266 0 0.016419644014926 0.00329957647453877 0.000856255133778026
0.00342412060301508 2.06864912274265 2.45062893779168 6.91026707724782 0.299358780148124 0 0.0162393352765793 0.00325989792398985 0.000844515326927711
0.00344874371859296 2.06753207441806 2.44892966717617 6.89294663483564 0.299948945487137 0 0.016141938142202 0.003243355802409 0.000840477266760874
0.00347336683417085 2.06636949668909 2.44705480209786 6.88174194601969 0.300268378689244 0 0.015978551972785 0.00320806594504147 0.000830155641315591
0.00349798994974874 2.06516345379154 2.44510438218716 6.87084011597129 0.300569278128167 0 0.0158166455054684 0.00317293643454756 0.000819936272869383
0.00352261306532663 2.06391593519868 2.44308858517048 6.86027718232264 0.300850225194532 0 0.0156564893323698 0.0031382572803358 0.000809777360688819
0.00354723618090452 2.06262885791104 2.44101638815022 6.85000520757514 0.301113472969343 0 0.0154982514626122 0.00310389506591059 0.000799726520113653
0.00357185929648241 2.06130406908678 2.43896191794928 6.83234946449404 0.301697692689586 0 0.0154291651162641 0.0030942815686408 0.000797789966681904
0.0035964824120603 2.0599433490401 2.43676493679857 6.82142546839038 0.30198136131306 0 0.0152864083052592 0.00306397205382443 0.00078914019546381
0.00362110552763819 2.05854841280522 2.43451547019298 6.81079788452093 0.302247761232753 0 0.0151460821822025 0.00303413944359653 0.000780548163304193
0.00364572864321608 2.05712091288143 2.43221599559204 6.80038722379742 0.302500555509942 0 0.0150083661514434 0.00300488297615579 0.000772092155403396
0.00367035175879397 2.05566244141638 2.42986814248551 6.79012534267804 0.302742930015725 0 0.0148733948605373 0.00297621425101195 0.000763835310118598
0.00369497487437186 2.05417453239258 2.42753976819894 6.77316657740801 0.303281265699902 0 0.0148154697790302 0.00296889122028724 0.000762656166683876
0.00371959798994975 2.05265866364296 2.42509144716328 6.7625005562536 0.303535452096159 0 0.0146931268104573 0.00294354673593759 0.000755423012038539
0.00374422110552764 2.05111625944291 2.42259842731102 6.75197775001738 0.303780067912343 0 0.0145733572943382 0.00291875953241167 0.000748358436669394
0.00376884422110553 2.04954869135823 2.42006200239261 6.74147166914619 0.304020960399261 0 0.0144567761199357 0.00289454099581675 0.000741581747040772
0.00379346733668342 2.04795728091531 2.41748855441583 6.73115598822809 0.304250456310464 0 0.0143427680586593 0.00287099487446216 0.000734912153095597
0.00381809045226131 2.04634330102981 2.41487657527187 6.72083151185211 0.304477697055954 0 0.0142317815837634 0.00284816998580109 0.000728539437214562
0.0038427135678392 2.04470797818854 2.4122330262748 6.71068920644855 0.304694184946563 0 0.0141238226719097 0.00282603524913443 0.00072226876809611
0.00386733668341708 2.04305249348273 2.40955439016916 6.70050145708363 0.304910387165554 0 0.0140189131841426 0.00280461983871949 0.00071631454654505
0.00389195979899497 2.04137798493521 2.40684576676791 6.69038976485015 0.305120935653131 0 0.0139170665138364 0.0027839483236049 0.000710550886750229
0.00391658291457286 2.03968554835423 2.4041089228552 6.68034670665374 0.30532630085242 0 0.0138181889843773 0.00276397302514569 0.000704978134698776
0.00394120603015075 2.03797623945804 2.40134290696904 6.67027149452753 0.305531227796357 0 0.0137225566483759 0.00274476431601233 0.000699684958423465
0.00396582914572864 2.03625107480225 2.39855112639159 6.66022538472169 0.305733058144449 0 0.0136298190686853 0.00272622482609555 0.000694605705507886
0.00399045226130653 2.03451103367567 2.39573578677683 6.65023003720184 0.305930926042329 0 0.0135400751833508 0.00270841244964493 0.000689713468887478
0.00401507537688442 2.03275705911499 2.39289670989549 6.64022995166622 0.306127509726514 0 0.0134531540069945 0.00269127904375575 0.00068505374280248
0.00403969849246231 2.03099005889343 2.39003591610764 6.63026217151364 0.306321229290058 0 0.0133691171400865 0.00267481508286454 0.000680585611566506
0.0040643216080402 2.02921090772865 2.3871532578684 6.62030579706084 0.306513168716397 0 0.0132877034231299 0.00265901245853209 0.000676322525077568
0.00408894472361809 2.0274204473568 2.38424940800959 6.61036824090097 0.306703102379736 0 0.013209015790805 0.00264377676814666 0.000672251784121452
0.00411356783919598 2.02561948868479 2.38132800886754 6.60052723817478 0.3068875281613 0 0.0131327268392929 0.00262915454642327 0.000668297067640703
0.00413819095477387 2.02380881216848 2.37838462525092 6.59061893622241 0.30707416583373 0 0.013058832167824 0.00261509164180309 0.000664602756756003
0.00416281407035176 2.02198916848118 2.37542715057253 6.58080923303032 0.307255399280143 0 0.012987075248382 0.00260153997444787 0.000661012741887213
0.00421206030150754 2.01832585024765 2.36947613166997 6.56133159387029 0.307609182887998 0 0.0128496743683366 0.00257577234633548 0.000654267639202509
0.00423668341708543 2.01648354100173 2.36648763692626 6.55170926848724 0.307779765305021 0 0.0127836988449422 0.00256346987929939 0.000651062791746049
0.00426130653266332 2.01463500007093 2.36349320533762 6.5421433770758 0.307947240522177 0 0.0127190904023309 0.00255158383747575 0.00064798336774279
0.00428592964824121 2.01278084857955 2.360491622795 6.53273403420843 0.30810696379796 0 0.0126562127538696 0.00253995692943269 0.000644935624160103
0.0043105527638191 2.01092168378028 2.3573992744234 6.53002086388249 0.307950269332625 0 0.01253048307214 0.00251066975065531 0.000636171897065107
0.00433517587939699 2.00905808014118 2.35435721339966 6.52016927184237 0.308129742707353 0 0.0124760647052071 0.00250122080216327 0.000633866254095506
0.00435979899497487 2.00719059089552 2.35131203511827 6.51042912416018 0.308303884831008 0 0.0124228766324624 0.00249206350742698 0.000631621271728611
0.00438442211055276 2.00531974786656 2.34827324923917 6.50079636603983 0.308472936999281 0 0.0123705838586753 0.00248301189821814 0.000629437487291429
0.00440904522613065 2.00344606282108 2.34524096971626 6.49135988066841 0.308632720978456 0 0.0123189025549415 0.00247417451656612 0.000627234080985841
0.00443366834170854 2.00157002791532 2.34220588002623 6.48204165323637 0.308786974072585 0 0.0122679520021799 0.00246545190975679 0.000625076005719345
0.00445829145728643 1.99969211661969 2.33916101673572 6.47296827491487 0.308929695263491 0 0.012217205594956 0.00245650947740199 0.000622849340059817
0.00448291457286432 1.99781278352666 2.33599864504533 6.47012505453946 0.308774987606305 0 0.012108919544091 0.00243142620307312 0.000615428864890148
0.00450753768844221 1.99593246631475 2.33294116516593 6.46047515024938 0.308945150301786 0 0.0120670858459115 0.00242494378780645 0.000613997103611935
0.0045321608040201 1.99405158556843 2.32989817548487 6.45103946130614 0.309105470138404 0 0.0120249721009355 0.00241830630917611 0.000612517680670281
0.00455678391959799 1.99217054541398 2.32685244385766 6.44185071954489 0.309254379237575 0 0.0119827406211897 0.00241157350921952 0.000610959300321653
0.00458140703517588 1.99028973465114 2.32379332798516 6.43286247270354 0.309394106138053 0 0.0119399254595076 0.00240455545452445 0.000609358455444842
0.00460603015075377 1.98840952607408 2.32063308157403 6.43018037010906 0.3092307542907 0 0.0118413702432849 0.00238180714417006 0.000602563071171206
0.00463065326633166 1.98653027828232 2.31759196371148 6.42070047459722 0.309394634766379 0 0.0118072539759996 0.00237709198328294 0.000601644973063794
0.00465527638190955 1.98465233550801 2.31454932714713 6.41150351124223 0.309545542949173 0 0.0117720721131246 0.00237194963658861 0.000600610148318421
0.00467989949748744 1.98277602895396 2.31149586372178 6.40264193302417 0.309680917611058 0 0.0117355951817782 0.00236652773211098 0.00059941021045181
0.00470452261306533 1.98090167569522 2.30835339825293 6.40016314307767 0.309507997126251 0 0.0116422158211478 0.0023448649978763 0.000592999463915321
0.00472914572864322 1.97902958044431 2.30532386785071 6.39071437735076 0.309672669374516 0 0.0116141783372464 0.00234160173019007 0.000592534941832605
0.00475376884422111 1.97716003568249 2.30228537297983 6.38164187019005 0.309819961053943 0 0.0115843529743869 0.00233771105937628 0.000591869100515365
0.00477839195979899 1.97529332240656 2.29924384547649 6.37304803749931 0.309944834996354 0 0.0115522978275859 0.00233321504042102 0.000590910511817439
0.00480301507537688 1.97342970922367 2.29613707998413 6.37032772660254 0.309784644357088 0 0.0114676967719988 0.00231377248032838 0.000585209386891644
0.00482763819095477 1.97156945437695 2.29311649729918 6.36111091189039 0.309941059303278 0 0.0114436759019338 0.0023113727387603 0.000584995212885298
0.00485226130653266 1.96971280549887 2.29009018969113 6.35235748363271 0.310075875070629 0 0.0114170877948206 0.00230823103544743 0.000584500333750032
0.00487688442211055 1.9678599999574 2.28700385352034 6.35015382426077 0.30989170568423 0 0.0113332420605656 0.00228874813170844 0.000578726912637451
0.00490150753768844 1.96601126426915 2.28400093976119 6.34086244035512 0.310054236748124 0 0.0113143367046179 0.00228759037029557 0.000578884858525842
0.00492613065326633 1.96416681649703 2.28099357264132 6.33209763708032 0.31019212416988 0 0.0112919509102523 0.0022853754407 0.000578708408453418
0.00495075376884422 1.96232686533672 2.2779338864978 6.33010878390579 0.309998916657785 0 0.0112108675062915 0.0022665385153457 0.00057309506875361
0.00497537688442211 1.96049160962661 2.27494805945727 6.32081375398987 0.310164432291506 0 0.0111959412496896 0.00226633495827169 0.000573548862680052
0.005 1.95866124043631 2.27196354474111 6.31213475857859 0.310300922801809 0 0.0111770064829698 0.00226497765070769 0.000573592950570137
