           rhoc              M             Mb              R              C             kl            lam
   9.787575e-05   8.085977e-02   8.088481e-02   1.976007e+01     4.0921e-03   1.946000e-02   1.130660e+10
   1.336273e-04   8.139675e-02   8.142416e-02   1.787059e+01     4.5548e-03   1.929626e-02   6.562065e+09
   1.515030e-04   8.242846e-02   8.246096e-02   1.634077e+01     5.0443e-03   1.948359e-02   3.976994e+09
   1.693788e-04   8.648933e-02   8.654455e-02   1.452001e+01     5.9566e-03   2.116291e-02   1.881505e+09
   1.872545e-04   9.411727e-02   9.422368e-02   1.294154e+01     7.2725e-03   2.491726e-02   8.165667e+08
   2.051303e-04   1.049532e-01   1.051487e-01   1.174010e+01     8.9397e-03   3.079928e-02   3.596081e+08
   2.230060e-04   1.184748e-01   1.188066e-01   1.087030e+01     1.0899e-02   3.866977e-02   1.676323e+08
   2.408818e-04   1.342461e-01   1.347708e-01   1.025076e+01     1.3096e-02   4.810812e-02   8.325287e+07
   2.587575e-04   1.519473e-01   1.527307e-01   9.811068e+00     1.5487e-02   5.852467e-02   4.378885e+07
   2.766333e-04   1.713462e-01   1.724633e-01   9.500071e+00     1.8036e-02   6.927509e-02   2.419620e+07
   2.945090e-04   1.922681e-01   1.938029e-01   9.270454e+00     2.0740e-02   8.027323e-02   1.394597e+07
   3.123848e-04   2.145744e-01   2.166207e-01   9.102684e+00     2.3573e-02   9.101169e-02   8.336125e+06
   3.302605e-04   2.381495e-01   2.408085e-01   8.990053e+00     2.6490e-02   1.006537e-01   5.144010e+06
   3.481363e-04   2.628923e-01   2.662757e-01   8.901421e+00     2.9534e-02   1.100373e-01   3.264797e+06
   3.660120e-04   2.887113e-01   2.929361e-01   8.840999e+00     3.2656e-02   1.183640e-01   2.124791e+06
   3.838878e-04   3.155214e-01   3.207141e-01   8.800957e+00     3.5851e-02   1.256538e-01   1.414457e+06
   4.017635e-04   3.432420e-01   3.495365e-01   8.772315e+00     3.9128e-02   1.322137e-01   9.610678e+05
   4.375150e-04   4.011087e-01   4.100293e-01   8.750457e+00     4.5839e-02   1.422188e-01   4.684995e+05
   4.553908e-04   4.311081e-01   4.415650e-01   8.750268e+00     4.9268e-02   1.459279e-01   3.351372e+05
   4.732665e-04   4.617242e-01   4.738730e-01   8.750971e+00     5.2763e-02   1.491976e-01   2.432421e+05
   4.911423e-04   4.928888e-01   5.068882e-01   8.760273e+00     5.6264e-02   1.513363e-01   1.789350e+05
   5.090180e-04   5.245358e-01   5.405479e-01   8.770095e+00     5.9810e-02   1.530121e-01   1.332847e+05
   5.268938e-04   5.566010e-01   5.747922e-01   8.780221e+00     6.3393e-02   1.542443e-01   1.004443e+05
   5.447695e-04   5.890223e-01   6.095582e-01   8.790758e+00     6.7005e-02   1.550307e-01   7.652429e+04
   5.626453e-04   6.217397e-01   6.447896e-01   8.801724e+00     7.0638e-02   1.553812e-01   5.889834e+04
   5.805210e-04   6.546952e-01   6.804242e-01   8.820059e+00     7.4228e-02   1.547021e-01   4.576849e+04
   5.983968e-04   6.878332e-01   7.164121e-01   8.830691e+00     7.7891e-02   1.543391e-01   3.588744e+04
   6.162725e-04   7.211001e-01   7.526983e-01   8.842045e+00     8.1554e-02   1.535719e-01   2.837961e+04
   6.341483e-04   7.544448e-01   7.892206e-01   8.860091e+00     8.5151e-02   1.519117e-01   2.262318e+04
   6.520240e-04   7.878183e-01   8.259414e-01   8.870488e+00     8.8813e-02   1.506185e-01   1.817164e+04
   6.698998e-04   8.211740e-01   8.628033e-01   8.881059e+00     9.2464e-02   1.490385e-01   1.470127e+04
   6.877756e-04   8.544679e-01   8.997622e-01   8.891514e+00     9.6099e-02   1.472200e-01   1.197500e+04
   7.056513e-04   8.876579e-01   9.367708e-01   8.901672e+00     9.9718e-02   1.452010e-01   9.817658e+03
   7.235271e-04   9.207046e-01   9.737860e-01   8.911601e+00     1.0332e-01   1.429978e-01   8.098695e+03
   7.414028e-04   9.535708e-01   1.010766e+00   8.921142e+00     1.0689e-01   1.406446e-01   6.720003e+03
   7.592786e-04   9.862214e-01   1.047667e+00   8.930537e+00     1.1043e-01   1.381427e-01   5.607282e+03
   7.950301e-04   1.050748e+00   1.121100e+00   8.941345e+00     1.1752e-01   1.333329e-01   3.966140e+03
   8.129058e-04   1.080298e+00   1.154950e+00   8.950089e+00     1.2070e-01   1.306639e-01   3.400034e+03
   8.307816e-04   1.101885e+00   1.179774e+00   8.950509e+00     1.2311e-01   1.290572e-01   3.042623e+03
   8.486573e-04   1.122642e+00   1.203720e+00   8.951135e+00     1.2542e-01   1.273821e-01   2.736533e+03
   8.665331e-04   1.142606e+00   1.226820e+00   8.951341e+00     1.2765e-01   1.256796e-01   2.472474e+03
   8.844088e-04   1.161815e+00   1.249106e+00   8.951395e+00     1.2979e-01   1.239330e-01   2.243187e+03
   9.022846e-04   1.180305e+00   1.270620e+00   8.950995e+00     1.3186e-01   1.221678e-01   2.042919e+03
   9.201603e-04   1.198112e+00   1.291397e+00   8.950434e+00     1.3386e-01   1.203692e-01   1.867058e+03
   9.380361e-04   1.215269e+00   1.311470e+00   8.950038e+00     1.3578e-01   1.185222e-01   1.711871e+03
   9.559118e-04   1.231807e+00   1.330880e+00   8.941415e+00     1.3776e-01   1.171824e-01   1.574305e+03
   9.737876e-04   1.247755e+00   1.349636e+00   8.940266e+00     1.3957e-01   1.153216e-01   1.451859e+03
   9.916633e-04   1.263141e+00   1.367781e+00   8.931451e+00     1.4143e-01   1.139291e-01   1.342439e+03
   1.009539e-03   1.277990e+00   1.385330e+00   8.930054e+00     1.4311e-01   1.120438e-01   1.244315e+03
   1.027415e-03   1.292325e+00   1.402320e+00   8.920617e+00     1.4487e-01   1.106473e-01   1.156019e+03
   1.045291e-03   1.306170e+00   1.418770e+00   8.911566e+00     1.4657e-01   1.092096e-01   1.076318e+03
   1.063166e-03   1.319546e+00   1.434699e+00   8.902621e+00     1.4822e-01   1.077527e-01   1.004162e+03
   1.081042e-03   1.332472e+00   1.450111e+00   8.900051e+00     1.4972e-01   1.059079e-01   9.386606e+02
   1.098918e-03   1.344968e+00   1.465057e+00   8.890184e+00     1.5129e-01   1.044969e-01   8.790363e+02
   1.116794e-03   1.357050e+00   1.479542e+00   8.880329e+00     1.5282e-01   1.030825e-01   8.246302e+02
   1.134669e-03   1.368736e+00   1.493584e+00   8.870385e+00     1.5430e-01   1.016732e-01   7.748692e+02
   1.152545e-03   1.380042e+00   1.507189e+00   8.860358e+00     1.5575e-01   1.002712e-01   7.292556e+02
   1.170421e-03   1.390982e+00   1.520385e+00   8.850242e+00     1.5717e-01   9.887904e-02   6.873552e+02
   1.188297e-03   1.401570e+00   1.533188e+00   8.840124e+00     1.5855e-01   9.749381e-02   6.487884e+02
   1.206172e-03   1.411821e+00   1.545598e+00   8.830032e+00     1.5989e-01   9.611594e-02   6.132220e+02
   1.224048e-03   1.421746e+00   1.557659e+00   8.812445e+00     1.6133e-01   9.515171e-02   5.803606e+02
   1.241924e-03   1.431357e+00   1.569341e+00   8.801505e+00     1.6263e-01   9.383609e-02   5.499499e+02
   1.259800e-03   1.440667e+00   1.580680e+00   8.790806e+00     1.6388e-01   9.251986e-02   5.217581e+02
   1.277675e-03   1.449686e+00   1.591686e+00   8.780278e+00     1.6511e-01   9.120822e-02   4.955813e+02
   1.295551e-03   1.458424e+00   1.602367e+00   8.770027e+00     1.6630e-01   8.989709e-02   4.712381e+02
   1.313427e-03   1.466891e+00   1.612753e+00   8.751779e+00     1.6761e-01   8.900713e-02   4.485656e+02
   1.331303e-03   1.475097e+00   1.622823e+00   8.740735e+00     1.6876e-01   8.776317e-02   4.274229e+02
   1.349178e-03   1.483051e+00   1.632595e+00   8.730139e+00     1.6988e-01   8.651329e-02   4.076778e+02
   1.367054e-03   1.490761e+00   1.642104e+00   8.712170e+00     1.7111e-01   8.564184e-02   3.892123e+02
   1.384930e-03   1.498235e+00   1.651316e+00   8.700805e+00     1.7220e-01   8.445993e-02   3.719258e+02
   1.402806e-03   1.505482e+00   1.660268e+00   8.690120e+00     1.7324e-01   8.326260e-02   3.557211e+02
   1.420681e-03   1.512509e+00   1.668978e+00   8.671809e+00     1.7442e-01   8.244492e-02   3.405112e+02
   1.438557e-03   1.519323e+00   1.677421e+00   8.660621e+00     1.7543e-01   8.130376e-02   3.262229e+02
   1.456433e-03   1.525930e+00   1.685625e+00   8.650027e+00     1.7641e-01   8.015316e-02   3.127832e+02
   1.474309e-03   1.532338e+00   1.693605e+00   8.631230e+00     1.7753e-01   7.939755e-02   3.001277e+02
   1.492184e-03   1.538553e+00   1.701343e+00   8.620226e+00     1.7848e-01   7.829900e-02   2.882012e+02
   1.510060e-03   1.544581e+00   1.708875e+00   8.602108e+00     1.7956e-01   7.753852e-02   2.769474e+02
   1.527936e-03   1.550427e+00   1.716174e+00   8.590546e+00     1.8048e-01   7.649827e-02   2.663220e+02
   1.545812e-03   1.556098e+00   1.723267e+00   8.580002e+00     1.8136e-01   7.543120e-02   2.562782e+02
   1.563687e-03   1.561599e+00   1.730168e+00   8.561016e+00     1.8241e-01   7.475042e-02   2.467754e+02
   1.581563e-03   1.566934e+00   1.736859e+00   8.550093e+00     1.8327e-01   7.373321e-02   2.377786e+02
   1.599439e-03   1.572109e+00   1.743375e+00   8.531541e+00     1.8427e-01   7.305982e-02   2.292512e+02
   1.617315e-03   1.577128e+00   1.749685e+00   8.520265e+00     1.8510e-01   7.209041e-02   2.211651e+02
   1.635190e-03   1.581873e+00   1.755681e+00   8.502231e+00     1.8605e-01   7.145799e-02   2.136812e+02
   1.653066e-03   1.586469e+00   1.761473e+00   8.490701e+00     1.8685e-01   7.056866e-02   2.065765e+02
   1.670942e-03   1.590921e+00   1.767096e+00   8.480040e+00     1.8761e-01   6.966067e-02   1.998215e+02
   1.688818e-03   1.595235e+00   1.772570e+00   8.461279e+00     1.8853e-01   6.909980e-02   1.933936e+02
   1.706693e-03   1.599414e+00   1.777858e+00   8.450241e+00     1.8927e-01   6.823838e-02   1.872744e+02
   1.724569e-03   1.603461e+00   1.783013e+00   8.432089e+00     1.9016e-01   6.767785e-02   1.814425e+02
   1.742445e-03   1.607381e+00   1.787984e+00   8.420619e+00     1.9089e-01   6.686358e-02   1.758832e+02
   1.760321e-03   1.611177e+00   1.792806e+00   8.410028e+00     1.9158e-01   6.603041e-02   1.705785e+02
   1.778196e-03   1.614852e+00   1.797495e+00   8.391247e+00     1.9244e-01   6.553198e-02   1.655126e+02
   1.796072e-03   1.618410e+00   1.802025e+00   8.380247e+00     1.9312e-01   6.474329e-02   1.606738e+02
   1.813948e-03   1.621854e+00   1.806439e+00   8.362194e+00     1.9395e-01   6.423961e-02   1.560465e+02
   1.831824e-03   1.625188e+00   1.810690e+00   8.350698e+00     1.9462e-01   6.349732e-02   1.516214e+02
   1.849699e-03   1.628414e+00   1.814814e+00   8.340029e+00     1.9525e-01   6.273817e-02   1.473855e+02
   1.867575e-03   1.631535e+00   1.818832e+00   8.321353e+00     1.9607e-01   6.229227e-02   1.433277e+02
   1.885451e-03   1.634555e+00   1.822697e+00   8.310273e+00     1.9669e-01   6.157455e-02   1.394404e+02
   1.903327e-03   1.637476e+00   1.826459e+00   8.292373e+00     1.9747e-01   6.112091e-02   1.357118e+02
   1.921202e-03   1.640301e+00   1.830081e+00   8.280807e+00     1.9808e-01   6.044607e-02   1.321362e+02
   1.939078e-03   1.643033e+00   1.833590e+00   8.270092e+00     1.9867e-01   5.975348e-02   1.287041e+02
   1.956954e-03   1.645673e+00   1.837009e+00   8.251764e+00     1.9943e-01   5.934686e-02   1.254071e+02
   1.974830e-03   1.648226e+00   1.840292e+00   8.240539e+00     2.0001e-01   5.869636e-02   1.222404e+02
   1.992705e-03   1.650692e+00   1.843473e+00   8.230023e+00     2.0057e-01   5.803335e-02   1.191961e+02
   2.010581e-03   1.653074e+00   1.846566e+00   8.211340e+00     2.0132e-01   5.766876e-02   1.162674e+02
   2.028457e-03   1.655375e+00   1.849533e+00   8.200324e+00     2.0187e-01   5.704583e-02   1.134505e+02
   2.046333e-03   1.657596e+00   1.852427e+00   8.182645e+00     2.0257e-01   5.666451e-02   1.107376e+02
   2.064208e-03   1.659740e+00   1.855196e+00   8.171039e+00     2.0312e-01   5.608357e-02   1.081260e+02
   2.082084e-03   1.661809e+00   1.857874e+00   8.160233e+00     2.0365e-01   5.548661e-02   1.056097e+02
   2.099960e-03   1.663805e+00   1.860492e+00   8.142437e+00     2.0434e-01   5.513664e-02   1.031832e+02
   2.117836e-03   1.665729e+00   1.862984e+00   8.130939e+00     2.0486e-01   5.458352e-02   1.008444e+02
   2.135711e-03   1.667584e+00   1.865392e+00   8.120208e+00     2.0536e-01   5.401553e-02   9.858801e+01
   2.153587e-03   1.669371e+00   1.867733e+00   8.102404e+00     2.0603e-01   5.369158e-02   9.640942e+01
   2.171463e-03   1.671093e+00   1.869967e+00   8.090978e+00     2.0654e-01   5.316593e-02   9.430710e+01
   2.189339e-03   1.672750e+00   1.872123e+00   8.080269e+00     2.0702e-01   5.262699e-02   9.227653e+01
   2.207214e-03   1.674344e+00   1.874230e+00   8.062623e+00     2.0767e-01   5.232226e-02   9.031359e+01
   2.225090e-03   1.675878e+00   1.876225e+00   8.051225e+00     2.0815e-01   5.182395e-02   8.841728e+01
   2.242966e-03   1.677352e+00   1.878147e+00   8.040352e+00     2.0862e-01   5.131840e-02   8.658370e+01
   2.260842e-03   1.678768e+00   1.880002e+00   8.030014e+00     2.0906e-01   5.080543e-02   8.480998e+01
   2.278717e-03   1.680128e+00   1.881797e+00   8.011636e+00     2.0971e-01   5.055470e-02   8.309309e+01
   2.296593e-03   1.681432e+00   1.883500e+00   8.000690e+00     2.1016e-01   5.007796e-02   8.143212e+01
   2.314469e-03   1.682683e+00   1.885135e+00   7.990135e+00     2.1060e-01   4.959803e-02   7.982375e+01
   2.332345e-03   1.683881e+00   1.886732e+00   7.972351e+00     2.1122e-01   4.934975e-02   7.826514e+01
   2.350220e-03   1.685029e+00   1.888232e+00   7.961156e+00     2.1166e-01   4.890566e-02   7.675593e+01
   2.368096e-03   1.686126e+00   1.889671e+00   7.950433e+00     2.1208e-01   4.845559e-02   7.529323e+01
   2.385972e-03   1.687175e+00   1.891050e+00   7.940040e+00     2.1249e-01   4.800390e-02   7.387503e+01
   2.403848e-03   1.688177e+00   1.892396e+00   7.922033e+00     2.1310e-01   4.778921e-02   7.249899e+01
   2.421723e-03   1.689132e+00   1.893648e+00   7.911055e+00     2.1352e-01   4.737009e-02   7.116500e+01
   2.439599e-03   1.690043e+00   1.894843e+00   7.900393e+00     2.1392e-01   4.694939e-02   6.987052e+01
   2.457475e-03   1.690909e+00   1.895983e+00   7.890064e+00     2.1431e-01   4.652667e-02   6.861395e+01
   2.475351e-03   1.691732e+00   1.897089e+00   7.872156e+00     2.1490e-01   4.633372e-02   6.739325e+01
   2.493226e-03   1.692513e+00   1.898116e+00   7.861211e+00     2.1530e-01   4.594295e-02   6.620857e+01
   2.511102e-03   1.693254e+00   1.899090e+00   7.850521e+00     2.1569e-01   4.555205e-02   6.505772e+01
   2.528978e-03   1.693954e+00   1.900015e+00   7.840134e+00     2.1606e-01   4.515965e-02   6.393935e+01
   2.546854e-03   1.694616e+00   1.900891e+00   7.830006e+00     2.1643e-01   4.476701e-02   6.285228e+01
   2.564729e-03   1.695239e+00   1.901742e+00   7.811779e+00     2.1701e-01   4.461174e-02   6.179490e+01
   2.582605e-03   1.695826e+00   1.902513e+00   7.800945e+00     2.1739e-01   4.425185e-02   6.076733e+01
   2.600481e-03   1.696376e+00   1.903240e+00   7.790476e+00     2.1775e-01   4.388832e-02   5.976781e+01
   2.618357e-03   1.696890e+00   1.903922e+00   7.780151e+00     2.1811e-01   4.352740e-02   5.879528e+01
   2.636232e-03   1.697371e+00   1.904561e+00   7.770007e+00     2.1845e-01   4.316797e-02   5.784878e+01
   2.654108e-03   1.697817e+00   1.905175e+00   7.752019e+00     2.1902e-01   4.303176e-02   5.692693e+01
   2.671984e-03   1.698230e+00   1.905720e+00   7.741250e+00     2.1937e-01   4.270116e-02   5.603005e+01
   2.689860e-03   1.698611e+00   1.906223e+00   7.730715e+00     2.1972e-01   4.237024e-02   5.515664e+01
   2.707735e-03   1.698961e+00   1.906686e+00   7.720373e+00     2.2006e-01   4.204008e-02   5.430584e+01
   2.725611e-03   1.699280e+00   1.907109e+00   7.710125e+00     2.2040e-01   4.171334e-02   5.347688e+01
   2.743487e-03   1.699569e+00   1.907493e+00   7.700009e+00     2.2072e-01   4.138894e-02   5.266902e+01
   2.761363e-03   1.699829e+00   1.907860e+00   7.682219e+00     2.2127e-01   4.127550e-02   5.188105e+01
   2.779238e-03   1.700060e+00   1.908165e+00   7.671544e+00     2.2161e-01   4.097638e-02   5.111347e+01
   2.797114e-03   1.700263e+00   1.908433e+00   7.661077e+00     2.2194e-01   4.067722e-02   5.036503e+01
   2.814990e-03   1.700438e+00   1.908664e+00   7.650667e+00     2.2226e-01   4.038198e-02   4.963504e+01
   2.832866e-03   1.700587e+00   1.908860e+00   7.640393e+00     2.2258e-01   4.008851e-02   4.892291e+01
   2.850741e-03   1.700710e+00   1.909023e+00   7.630196e+00     2.2289e-01   3.979827e-02   4.822805e+01
   2.868617e-03   1.700808e+00   1.909152e+00   7.620070e+00     2.2320e-01   3.951140e-02   4.754992e+01
   2.886493e-03   1.700880e+00   1.909249e+00   7.610004e+00     2.2351e-01   3.922807e-02   4.688798e+01
   2.904369e-03   1.700928e+00   1.909337e+00   7.592354e+00     2.2403e-01   3.914430e-02   4.624123e+01
   2.922244e-03   1.700953e+00   1.909367e+00   7.581935e+00     2.2434e-01   3.887901e-02   4.561030e+01
   2.940120e-03   1.700954e+00   1.909364e+00   7.571466e+00     2.2465e-01   3.861975e-02   4.499408e+01
   2.957996e-03   1.700932e+00   1.909333e+00   7.561196e+00     2.2496e-01   3.836018e-02   4.439219e+01
   2.975872e-03   1.700889e+00   1.909271e+00   7.550927e+00     2.2526e-01   3.810521e-02   4.380414e+01
   2.993747e-03   1.700823e+00   1.909180e+00   7.540672e+00     2.2555e-01   3.785445e-02   4.322951e+01
   3.011623e-03   1.700736e+00   1.909062e+00   7.530513e+00     2.2585e-01   3.760577e-02   4.266790e+01
   3.029499e-03   1.700629e+00   1.908916e+00   7.520396e+00     2.2614e-01   3.736051e-02   4.211892e+01
   3.047375e-03   1.700501e+00   1.908743e+00   7.510246e+00     2.2642e-01   3.712040e-02   4.158219e+01
   3.065251e-03   1.700354e+00   1.908543e+00   7.500186e+00     2.2671e-01   3.688234e-02   4.105736e+01
   3.083126e-03   1.700187e+00   1.908318e+00   7.490130e+00     2.2699e-01   3.664842e-02   4.054408e+01
   3.101002e-03   1.700001e+00   1.908068e+00   7.480073e+00     2.2727e-01   3.641867e-02   4.004202e+01
   3.118878e-03   1.699797e+00   1.907792e+00   7.470046e+00     2.2755e-01   3.619225e-02   3.955084e+01
   3.136754e-03   1.699574e+00   1.907491e+00   7.460023e+00     2.2782e-01   3.596977e-02   3.907025e+01
   3.172505e-03   1.699077e+00   1.906813e+00   7.440005e+00     2.2837e-01   3.553587e-02   3.813963e+01
   3.190381e-03   1.698803e+00   1.906438e+00   7.430002e+00     2.2864e-01   3.532452e-02   3.768902e+01
   3.208257e-03   1.698512e+00   1.906077e+00   7.412648e+00     2.2914e-01   3.529089e-02   3.724733e+01
   3.226132e-03   1.698205e+00   1.905625e+00   7.410000e+00     2.2918e-01   3.491290e-02   3.681586e+01
   3.244008e-03   1.697882e+00   1.905216e+00   7.392601e+00     2.2967e-01   3.488611e-02   3.639230e+01
   3.261884e-03   1.697544e+00   1.904755e+00   7.382637e+00     2.2994e-01   3.468771e-02   3.597794e+01
   3.279760e-03   1.697191e+00   1.904273e+00   7.372667e+00     2.3020e-01   3.449296e-02   3.557201e+01
   3.297635e-03   1.696823e+00   1.903772e+00   7.362693e+00     2.3046e-01   3.430174e-02   3.517429e+01
   3.315511e-03   1.696441e+00   1.903252e+00   7.352700e+00     2.3072e-01   3.411435e-02   3.478455e+01
   3.333387e-03   1.696044e+00   1.902689e+00   7.350009e+00     2.3075e-01   3.376263e-02   3.440316e+01
   3.351263e-03   1.695634e+00   1.902133e+00   7.340016e+00     2.3101e-01   3.358258e-02   3.402882e+01
   3.369138e-03   1.695211e+00   1.901554e+00   7.330022e+00     2.3127e-01   3.340574e-02   3.366186e+01
   3.387014e-03   1.694774e+00   1.900955e+00   7.320041e+00     2.3153e-01   3.323179e-02   3.330209e+01
   3.404890e-03   1.694324e+00   1.900339e+00   7.310073e+00     2.3178e-01   3.306065e-02   3.294932e+01
   3.422766e-03   1.693862e+00   1.899708e+00   7.300121e+00     2.3203e-01   3.289220e-02   3.260337e+01
   3.440641e-03   1.693387e+00   1.899060e+00   7.290175e+00     2.3228e-01   3.272666e-02   3.226407e+01
   3.458517e-03   1.692900e+00   1.898396e+00   7.280294e+00     2.3253e-01   3.256261e-02   3.193124e+01
   3.476393e-03   1.692402e+00   1.897719e+00   7.270409e+00     2.3278e-01   3.240160e-02   3.160472e+01
   3.494269e-03   1.691892e+00   1.897026e+00   7.260559e+00     2.3303e-01   3.224267e-02   3.128435e+01
   3.512144e-03   1.691371e+00   1.896318e+00   7.250674e+00     2.3327e-01   3.208737e-02   3.096996e+01
   3.530020e-03   1.690839e+00   1.895589e+00   7.240888e+00     2.3351e-01   3.193268e-02   3.066143e+01
   3.547896e-03   1.690296e+00   1.894846e+00   7.231193e+00     2.3375e-01   3.177876e-02   3.035862e+01
   3.565772e-03   1.689742e+00   1.894088e+00   7.221416e+00     2.3399e-01   3.162936e-02   3.006134e+01
   3.583647e-03   1.689179e+00   1.893318e+00   7.211767e+00     2.3423e-01   3.147985e-02   2.976951e+01
   3.601523e-03   1.688605e+00   1.892536e+00   7.202336e+00     2.3445e-01   3.132831e-02   2.948303e+01
   3.619399e-03   1.688022e+00   1.891719e+00   7.200003e+00     2.3445e-01   3.102650e-02   2.920215e+01
   3.637275e-03   1.687429e+00   1.890903e+00   7.190035e+00     2.3469e-01   3.089231e-02   2.892591e+01
   3.655150e-03   1.686826e+00   1.890072e+00   7.180109e+00     2.3493e-01   3.075969e-02   2.865459e+01
   3.673026e-03   1.686215e+00   1.889234e+00   7.170277e+00     2.3517e-01   3.062752e-02   2.838806e+01
   3.690902e-03   1.685594e+00   1.888384e+00   7.160489e+00     2.3540e-01   3.049681e-02   2.812622e+01
   3.708778e-03   1.684965e+00   1.887525e+00   7.150844e+00     2.3563e-01   3.036547e-02   2.786896e+01
   3.726653e-03   1.684327e+00   1.886656e+00   7.141137e+00     2.3586e-01   3.023779e-02   2.761615e+01
   3.744529e-03   1.683681e+00   1.885776e+00   7.131716e+00     2.3608e-01   3.010645e-02   2.736775e+01
   3.762405e-03   1.683027e+00   1.884877e+00   7.122358e+00     2.3630e-01   2.997615e-02   2.712365e+01
   3.780281e-03   1.682365e+00   1.883935e+00   7.120013e+00     2.3629e-01   2.970196e-02   2.688418e+01
   3.798156e-03   1.681695e+00   1.883016e+00   7.110126e+00     2.3652e-01   2.958774e-02   2.664838e+01
   3.816032e-03   1.681017e+00   1.882090e+00   7.100295e+00     2.3675e-01   2.947450e-02   2.641656e+01
   3.833908e-03   1.680332e+00   1.881149e+00   7.090590e+00     2.3698e-01   2.936080e-02   2.618861e+01
   3.851784e-03   1.679640e+00   1.880196e+00   7.081050e+00     2.3720e-01   2.924581e-02   2.596446e+01
   3.869659e-03   1.678941e+00   1.879237e+00   7.071672e+00     2.3742e-01   2.912961e-02   2.574405e+01
   3.887535e-03   1.678235e+00   1.878268e+00   7.062374e+00     2.3763e-01   2.901388e-02   2.552728e+01
   3.923287e-03   1.676802e+00   1.876271e+00   7.050203e+00     2.3784e-01   2.865841e-02   2.510497e+01
   3.941162e-03   1.676076e+00   1.875269e+00   7.040530e+00     2.3806e-01   2.855684e-02   2.489872e+01
   3.959038e-03   1.675344e+00   1.874264e+00   7.030998e+00     2.3828e-01   2.845436e-02   2.469577e+01
   3.976914e-03   1.674605e+00   1.873253e+00   7.021649e+00     2.3849e-01   2.835011e-02   2.449608e+01
   3.994790e-03   1.673861e+00   1.872236e+00   7.012534e+00     2.3870e-01   2.824315e-02   2.429963e+01
   4.012665e-03   1.673111e+00   1.871165e+00   7.010068e+00     2.3867e-01   2.800551e-02   2.410682e+01
   4.030541e-03   1.672355e+00   1.870123e+00   7.000352e+00     2.3890e-01   2.791475e-02   2.391661e+01
   4.048417e-03   1.671593e+00   1.869079e+00   6.990827e+00     2.3911e-01   2.782195e-02   2.372935e+01
   4.066293e-03   1.670826e+00   1.868030e+00   6.981462e+00     2.3932e-01   2.772775e-02   2.354500e+01
   4.084168e-03   1.670054e+00   1.866966e+00   6.972430e+00     2.3952e-01   2.762883e-02   2.336357e+01
   4.102044e-03   1.669277e+00   1.865858e+00   6.970064e+00     2.3949e-01   2.740088e-02   2.318544e+01
   4.119920e-03   1.668494e+00   1.864782e+00   6.960365e+00     2.3971e-01   2.731898e-02   2.300964e+01
   4.137796e-03   1.667707e+00   1.863700e+00   6.950845e+00     2.3993e-01   2.723522e-02   2.283648e+01
   4.155671e-03   1.666915e+00   1.862607e+00   6.941681e+00     2.4013e-01   2.714619e-02   2.266595e+01
   4.173547e-03   1.666118e+00   1.861507e+00   6.932641e+00     2.4033e-01   2.705645e-02   2.249803e+01
   4.191423e-03   1.665316e+00   1.860376e+00   6.930166e+00     2.4030e-01   2.684155e-02   2.233319e+01
   4.209299e-03   1.664511e+00   1.859261e+00   6.920578e+00     2.4052e-01   2.676607e-02   2.217035e+01
   4.227174e-03   1.663700e+00   1.858140e+00   6.911248e+00     2.4072e-01   2.668715e-02   2.200989e+01
   4.245050e-03   1.662886e+00   1.857019e+00   6.902179e+00     2.4092e-01   2.660481e-02   2.185182e+01
   4.262926e-03   1.662067e+00   1.855866e+00   6.900078e+00     2.4088e-01   2.639106e-02   2.169665e+01
   4.280802e-03   1.661245e+00   1.854722e+00   6.890452e+00     2.4109e-01   2.632288e-02   2.154331e+01
   4.298677e-03   1.660418e+00   1.853581e+00   6.881163e+00     2.4130e-01   2.624972e-02   2.139217e+01
   4.316553e-03   1.659588e+00   1.852438e+00   6.872162e+00     2.4149e-01   2.617257e-02   2.124323e+01
   4.334429e-03   1.658754e+00   1.851257e+00   6.870062e+00     2.4145e-01   2.596676e-02   2.109696e+01
   4.352305e-03   1.657917e+00   1.850093e+00   6.860421e+00     2.4166e-01   2.590504e-02   2.095239e+01
   4.370180e-03   1.657075e+00   1.848935e+00   6.851187e+00     2.4187e-01   2.583703e-02   2.080984e+01
   4.388056e-03   1.656231e+00   1.847776e+00   6.842380e+00     2.4205e-01   2.576243e-02   2.066936e+01
   4.405932e-03   1.655383e+00   1.846564e+00   6.840091e+00     2.4201e-01   2.556771e-02   2.053134e+01
   4.423808e-03   1.654532e+00   1.845387e+00   6.830587e+00     2.4222e-01   2.550928e-02   2.039488e+01
   4.441683e-03   1.653678e+00   1.844214e+00   6.821454e+00     2.4242e-01   2.544524e-02   2.026028e+01
   4.459559e-03   1.652821e+00   1.843029e+00   6.812637e+00     2.4261e-01   2.537670e-02   2.012758e+01
   4.477435e-03   1.651961e+00   1.841800e+00   6.810213e+00     2.4257e-01   2.519168e-02   1.999728e+01
   4.495311e-03   1.651097e+00   1.840613e+00   6.800921e+00     2.4278e-01   2.513488e-02   1.986831e+01
   4.513186e-03   1.650232e+00   1.839414e+00   6.791912e+00     2.4297e-01   2.507414e-02   1.974107e+01
   4.531062e-03   1.649363e+00   1.838177e+00   6.790042e+00     2.4291e-01   2.488415e-02   1.961610e+01
   4.548938e-03   1.648492e+00   1.836975e+00   6.780512e+00     2.4312e-01   2.483586e-02   1.949246e+01
   4.566814e-03   1.647618e+00   1.835763e+00   6.771394e+00     2.4332e-01   2.478119e-02   1.937042e+01
   4.584689e-03   1.646742e+00   1.834520e+00   6.770002e+00     2.4324e-01   2.458759e-02   1.925048e+01
   4.602565e-03   1.645863e+00   1.833305e+00   6.760267e+00     2.4346e-01   2.454696e-02   1.913187e+01
   4.620441e-03   1.644982e+00   1.832079e+00   6.751057e+00     2.4366e-01   2.449790e-02   1.901477e+01
   4.638317e-03   1.644098e+00   1.830855e+00   6.742339e+00     2.4385e-01   2.444114e-02   1.889923e+01
   4.656192e-03   1.643213e+00   1.829604e+00   6.740162e+00     2.4379e-01   2.426819e-02   1.878575e+01
   4.674068e-03   1.642325e+00   1.828366e+00   6.730867e+00     2.4400e-01   2.422445e-02   1.867333e+01
   4.691944e-03   1.641435e+00   1.827133e+00   6.721957e+00     2.4419e-01   2.417486e-02   1.856232e+01
   4.709820e-03   1.640544e+00   1.825872e+00   6.720124e+00     2.4412e-01   2.400044e-02   1.845334e+01
   4.727695e-03   1.639650e+00   1.824624e+00   6.710720e+00     2.4433e-01   2.396225e-02   1.834534e+01
   4.745571e-03   1.638755e+00   1.823386e+00   6.701884e+00     2.4452e-01   2.391498e-02   1.823869e+01
   4.763447e-03   1.637857e+00   1.822113e+00   6.700092e+00     2.4445e-01   2.374433e-02   1.813394e+01
   4.781323e-03   1.636958e+00   1.820859e+00   6.690709e+00     2.4466e-01   2.370925e-02   1.803014e+01
   4.799198e-03   1.636058e+00   1.819615e+00   6.681881e+00     2.4485e-01   2.366532e-02   1.792760e+01
   4.817074e-03   1.635155e+00   1.818330e+00   6.680091e+00     2.4478e-01   2.349903e-02   1.782690e+01
   4.834950e-03   1.634251e+00   1.817072e+00   6.670744e+00     2.4499e-01   2.346664e-02   1.772707e+01
   4.852826e-03   1.633346e+00   1.815824e+00   6.662029e+00     2.4517e-01   2.342413e-02   1.762844e+01
   4.870701e-03   1.632439e+00   1.814526e+00   6.660120e+00     2.4511e-01   2.326414e-02   1.753158e+01
   4.888577e-03   1.631531e+00   1.813266e+00   6.650845e+00     2.4531e-01   2.323368e-02   1.743551e+01
   4.906453e-03   1.630621e+00   1.812015e+00   6.642217e+00     2.4549e-01   2.319290e-02   1.734060e+01
   4.924329e-03   1.629710e+00   1.810705e+00   6.640218e+00     2.4543e-01   2.303857e-02   1.724741e+01
   4.942204e-03   1.628798e+00   1.809444e+00   6.631037e+00     2.4563e-01   2.300957e-02   1.715491e+01
   4.960080e-03   1.627885e+00   1.808145e+00   6.630000e+00     2.4553e-01   2.284130e-02   1.706392e+01
   4.977956e-03   1.626970e+00   1.806868e+00   6.620346e+00     2.4575e-01   2.282264e-02   1.697383e+01
   4.995832e-03   1.626055e+00   1.805605e+00   6.611390e+00     2.4595e-01   2.279278e-02   1.688472e+01
   5.013707e-03   1.625138e+00   1.804293e+00   6.610023e+00     2.4586e-01   2.263413e-02   1.679715e+01
   5.031583e-03   1.624221e+00   1.803021e+00   6.600606e+00     2.4607e-01   2.261427e-02   1.671033e+01
   5.049459e-03   1.623302e+00   1.801745e+00   6.591893e+00     2.4626e-01   2.258318e-02   1.662446e+01
   5.067335e-03   1.622383e+00   1.800432e+00   6.590123e+00     2.4618e-01   2.243520e-02   1.654015e+01
   5.085210e-03   1.621463e+00   1.799155e+00   6.580946e+00     2.4639e-01   2.241402e-02   1.645642e+01
   5.103086e-03   1.620542e+00   1.797872e+00   6.572527e+00     2.4656e-01   2.238082e-02   1.637366e+01
   5.120962e-03   1.619620e+00   1.796564e+00   6.570364e+00     2.4650e-01   2.224309e-02   1.629242e+01
   5.138838e-03   1.618697e+00   1.795275e+00   6.561508e+00     2.4670e-01   2.221919e-02   1.621165e+01
   5.156713e-03   1.617774e+00   1.793963e+00   6.560054e+00     2.4661e-01   2.207191e-02   1.613231e+01
   5.174589e-03   1.616850e+00   1.792673e+00   6.550782e+00     2.4682e-01   2.205695e-02   1.605354e+01
   5.192465e-03   1.615926e+00   1.791388e+00   6.542375e+00     2.4699e-01   2.202821e-02   1.597563e+01
   5.210341e-03   1.615001e+00   1.790071e+00   6.540293e+00     2.4693e-01   2.189490e-02   1.589915e+01
   5.228216e-03   1.614075e+00   1.788779e+00   6.531438e+00     2.4712e-01   2.187546e-02   1.582308e+01
   5.246092e-03   1.613149e+00   1.787470e+00   6.530045e+00     2.4703e-01   2.173293e-02   1.574836e+01
   5.263968e-03   1.612223e+00   1.786168e+00   6.520789e+00     2.4724e-01   2.172199e-02   1.567414e+01
   5.281844e-03   1.611296e+00   1.784881e+00   6.512355e+00     2.4742e-01   2.169809e-02   1.560070e+01
   5.299719e-03   1.610369e+00   1.783557e+00   6.510384e+00     2.4735e-01   2.156844e-02   1.552866e+01
   5.317595e-03   1.609441e+00   1.782265e+00   6.501646e+00     2.4754e-01   2.155130e-02   1.545694e+01
   5.335471e-03   1.608513e+00   1.780944e+00   6.500091e+00     2.4746e-01   2.141696e-02   1.538652e+01
   5.353347e-03   1.607585e+00   1.779647e+00   6.490994e+00     2.4766e-01   2.140742e-02   1.531649e+01
   5.371222e-03   1.606657e+00   1.778333e+00   6.490005e+00     2.4756e-01   2.126589e-02   1.524762e+01
   5.389098e-03   1.605728e+00   1.777028e+00   6.480587e+00     2.4778e-01   2.126330e-02   1.517927e+01
   5.406974e-03   1.604799e+00   1.775741e+00   6.472057e+00     2.4796e-01   2.124676e-02   1.511156e+01
   5.424850e-03   1.603870e+00   1.774408e+00   6.470279e+00     2.4788e-01   2.112124e-02   1.504515e+01
   5.442725e-03   1.602941e+00   1.773119e+00   6.461481e+00     2.4808e-01   2.111067e-02   1.497900e+01
   5.460601e-03   1.602012e+00   1.771791e+00   6.460103e+00     2.4799e-01   2.098064e-02   1.491405e+01
   5.478477e-03   1.601083e+00   1.770495e+00   6.451040e+00     2.4819e-01   2.097597e-02   1.484944e+01
   5.496353e-03   1.600154e+00   1.769173e+00   6.450013e+00     2.4809e-01   2.084225e-02   1.478588e+01
   5.514228e-03   1.599225e+00   1.767872e+00   6.440649e+00     2.4830e-01   2.084396e-02   1.472277e+01
   5.532104e-03   1.598296e+00   1.766589e+00   6.432307e+00     2.4848e-01   2.082973e-02   1.466023e+01
   5.549980e-03   1.597367e+00   1.765250e+00   6.430391e+00     2.4841e-01   2.071322e-02   1.459891e+01
   5.567856e-03   1.596438e+00   1.763966e+00   6.421861e+00     2.4859e-01   2.070351e-02   1.453777e+01
   5.585731e-03   1.595509e+00   1.762628e+00   6.420230e+00     2.4851e-01   2.058432e-02   1.447779e+01
   5.603607e-03   1.594580e+00   1.761344e+00   6.411428e+00     2.4871e-01   2.058041e-02   1.441801e+01
   5.621483e-03   1.593651e+00   1.760008e+00   6.410113e+00     2.4862e-01   2.045802e-02   1.435933e+01
   5.639359e-03   1.592723e+00   1.758721e+00   6.401111e+00     2.4882e-01   2.045872e-02   1.430088e+01
   5.657234e-03   1.591795e+00   1.757389e+00   6.400029e+00     2.4872e-01   2.033444e-02   1.424345e+01
   5.675110e-03   1.590867e+00   1.756099e+00   6.390851e+00     2.4893e-01   2.033933e-02   1.418631e+01
   5.692986e-03   1.589939e+00   1.754770e+00   6.390005e+00     2.4882e-01   2.021309e-02   1.413009e+01
   5.710862e-03   1.589012e+00   1.753480e+00   6.380623e+00     2.4904e-01   2.022255e-02   1.407422e+01
   5.728737e-03   1.588085e+00   1.752183e+00   6.372493e+00     2.4921e-01   2.021272e-02   1.401884e+01
   5.746613e-03   1.587158e+00   1.750862e+00   6.370524e+00     2.4914e-01   2.010681e-02   1.396455e+01
   5.764489e-03   1.586232e+00   1.749565e+00   6.362150e+00     2.4932e-01   2.010212e-02   1.391033e+01
   5.782365e-03   1.585306e+00   1.748245e+00   6.360399e+00     2.4925e-01   1.999449e-02   1.385721e+01
   5.800240e-03   1.584380e+00   1.746950e+00   6.351986e+00     2.4943e-01   1.999172e-02   1.380417e+01
   5.818116e-03   1.583455e+00   1.745632e+00   6.350323e+00     2.4935e-01   1.988436e-02   1.375217e+01
   5.835992e-03   1.582530e+00   1.744335e+00   6.341785e+00     2.4954e-01   1.988482e-02   1.370024e+01
   5.853868e-03   1.581606e+00   1.743020e+00   6.340259e+00     2.4945e-01   1.977694e-02   1.364935e+01
   5.871743e-03   1.580682e+00   1.741724e+00   6.331649e+00     2.4965e-01   1.977977e-02   1.359852e+01
   5.889619e-03   1.579758e+00   1.740410e+00   6.330182e+00     2.4956e-01   1.967258e-02   1.354870e+01
   5.907495e-03   1.578836e+00   1.739114e+00   6.321543e+00     2.4975e-01   1.967705e-02   1.349894e+01
   5.925371e-03   1.577913e+00   1.737803e+00   6.320172e+00     2.4966e-01   1.956996e-02   1.345016e+01
   5.943246e-03   1.576992e+00   1.736507e+00   6.311506e+00     2.4986e-01   1.957603e-02   1.340145e+01
   5.961122e-03   1.576070e+00   1.735197e+00   6.310154e+00     2.4977e-01   1.947020e-02   1.335367e+01
   5.978998e-03   1.575150e+00   1.733904e+00   6.301404e+00     2.4997e-01   1.947871e-02   1.330596e+01
   5.996874e-03   1.574230e+00   1.732594e+00   6.300158e+00     2.4987e-01   1.937278e-02   1.325919e+01
   6.014749e-03   1.573310e+00   1.731305e+00   6.291487e+00     2.5007e-01   1.938122e-02   1.321247e+01
   6.032625e-03   1.572392e+00   1.729994e+00   6.290157e+00     2.4998e-01   1.927806e-02   1.316666e+01
   6.050501e-03   1.571474e+00   1.728707e+00   6.281525e+00     2.5017e-01   1.928701e-02   1.312090e+01
   6.068377e-03   1.570556e+00   1.727397e+00   6.280177e+00     2.5008e-01   1.918560e-02   1.307603e+01
   6.086253e-03   1.569639e+00   1.726116e+00   6.271591e+00     2.5028e-01   1.919492e-02   1.303120e+01
   6.104128e-03   1.568723e+00   1.724805e+00   6.270205e+00     2.5019e-01   1.909554e-02   1.298726e+01
   6.122004e-03   1.567808e+00   1.723526e+00   6.261607e+00     2.5038e-01   1.910610e-02   1.294331e+01
   6.139880e-03   1.566893e+00   1.722216e+00   6.260252e+00     2.5029e-01   1.900767e-02   1.290029e+01
   6.157756e-03   1.565980e+00   1.720941e+00   6.251810e+00     2.5048e-01   1.901692e-02   1.285723e+01
   6.175631e-03   1.565067e+00   1.719630e+00   6.250310e+00     2.5040e-01   1.892207e-02   1.281508e+01
   6.193507e-03   1.564154e+00   1.718362e+00   6.241950e+00     2.5059e-01   1.893111e-02   1.277286e+01
   6.211383e-03   1.563243e+00   1.717051e+00   6.240431e+00     2.5050e-01   1.883791e-02   1.273158e+01
   6.229259e-03   1.562332e+00   1.715787e+00   6.232225e+00     2.5069e-01   1.884566e-02   1.269022e+01
   6.247134e-03   1.561422e+00   1.714475e+00   6.230505e+00     2.5061e-01   1.875678e-02   1.264975e+01
   6.265010e-03   1.560513e+00   1.713216e+00   6.222524e+00     2.5078e-01   1.876218e-02   1.260922e+01
   6.282886e-03   1.559605e+00   1.711904e+00   6.220612e+00     2.5072e-01   1.867746e-02   1.256955e+01
   6.300762e-03   1.558697e+00   1.710650e+00   6.212724e+00     2.5089e-01   1.868245e-02   1.252980e+01
   6.318637e-03   1.557790e+00   1.709341e+00   6.210865e+00     2.5082e-01   1.859823e-02   1.249095e+01
   6.336513e-03   1.556885e+00   1.708046e+00   6.210032e+00     2.5070e-01   1.849936e-02   1.245238e+01
   6.354389e-03   1.555980e+00   1.706781e+00   6.201102e+00     2.5092e-01   1.852143e-02   1.241389e+01
   6.372265e-03   1.555076e+00   1.705485e+00   6.200082e+00     2.5082e-01   1.842666e-02   1.237612e+01
   6.390140e-03   1.554173e+00   1.704227e+00   6.191368e+00     2.5102e-01   1.844641e-02   1.233834e+01
   6.408016e-03   1.553271e+00   1.702929e+00   6.190181e+00     2.5092e-01   1.835537e-02   1.230135e+01
   6.425892e-03   1.552370e+00   1.701680e+00   6.181680e+00     2.5112e-01   1.837283e-02   1.226427e+01
   6.443768e-03   1.551469e+00   1.700380e+00   6.180342e+00     2.5103e-01   1.828527e-02   1.222804e+01
   6.461643e-03   1.550570e+00   1.699133e+00   6.172182e+00     2.5122e-01   1.829860e-02   1.219167e+01
   6.479519e-03   1.549672e+00   1.697838e+00   6.170538e+00     2.5114e-01   1.821672e-02   1.215614e+01
   6.497395e-03   1.548774e+00   1.696556e+00   6.170001e+00     2.5102e-01   1.811915e-02   1.212082e+01
   6.515271e-03   1.547878e+00   1.695302e+00   6.160843e+00     2.5124e-01   1.814860e-02   1.208563e+01
   6.533146e-03   1.546982e+00   1.694017e+00   6.160040e+00     2.5113e-01   1.805615e-02   1.205105e+01
   6.551022e-03   1.546088e+00   1.692774e+00   6.151205e+00     2.5135e-01   1.808166e-02   1.201648e+01
   6.568898e-03   1.545194e+00   1.691484e+00   6.150137e+00     2.5125e-01   1.799427e-02   1.198261e+01
   6.586774e-03   1.544302e+00   1.690243e+00   6.141590e+00     2.5145e-01   1.801633e-02   1.194864e+01
   6.604649e-03   1.543410e+00   1.688962e+00   6.140330e+00     2.5136e-01   1.793291e-02   1.191547e+01
   6.622525e-03   1.542520e+00   1.687720e+00   6.132283e+00     2.5154e-01   1.794855e-02   1.188214e+01
   6.640401e-03   1.541631e+00   1.686447e+00   6.130629e+00     2.5146e-01   1.787193e-02   1.184960e+01
   6.658277e-03   1.540742e+00   1.685171e+00   6.130011e+00     2.5134e-01   1.778082e-02   1.181725e+01
   6.676152e-03   1.539855e+00   1.683933e+00   6.121012e+00     2.5157e-01   1.781158e-02   1.178497e+01
   6.694028e-03   1.538969e+00   1.682658e+00   6.120099e+00     2.5146e-01   1.772589e-02   1.175330e+01
   6.711904e-03   1.538084e+00   1.681423e+00   6.111511e+00     2.5167e-01   1.775142e-02   1.172155e+01
   6.729780e-03   1.537200e+00   1.680157e+00   6.110285e+00     2.5158e-01   1.767135e-02   1.169054e+01
   6.747655e-03   1.536317e+00   1.678920e+00   6.102166e+00     2.5177e-01   1.769086e-02   1.165935e+01
   6.765531e-03   1.535435e+00   1.677659e+00   6.100618e+00     2.5169e-01   1.761649e-02   1.162894e+01
   6.783407e-03   1.534554e+00   1.676396e+00   6.100010e+00     2.5157e-01   1.752908e-02   1.159871e+01
   6.801283e-03   1.533674e+00   1.675163e+00   6.091052e+00     2.5179e-01   1.756190e-02   1.156848e+01
   6.819158e-03   1.532796e+00   1.673907e+00   6.090127e+00     2.5169e-01   1.748013e-02   1.153889e+01
   6.837034e-03   1.531918e+00   1.672676e+00   6.081669e+00     2.5189e-01   1.750645e-02   1.150915e+01
   6.854910e-03   1.531042e+00   1.671424e+00   6.080370e+00     2.5180e-01   1.743108e-02   1.148016e+01
   6.872786e-03   1.530166e+00   1.670197e+00   6.072546e+00     2.5198e-01   1.744908e-02   1.145096e+01
   6.890661e-03   1.529292e+00   1.668943e+00   6.070844e+00     2.5191e-01   1.738039e-02   1.142250e+01
   6.908537e-03   1.528419e+00   1.667697e+00   6.070070e+00     2.5180e-01   1.729900e-02   1.139425e+01
   6.926413e-03   1.527547e+00   1.666471e+00   6.061486e+00     2.5201e-01   1.732898e-02   1.136590e+01
   6.944289e-03   1.526677e+00   1.665227e+00   6.060290e+00     2.5191e-01   1.725461e-02   1.133823e+01
   6.962164e-03   1.525807e+00   1.664009e+00   6.052338e+00     2.5210e-01   1.727629e-02   1.131037e+01
   6.980040e-03   1.524939e+00   1.662762e+00   6.050706e+00     2.5203e-01   1.720902e-02   1.128322e+01
   6.997916e-03   1.524072e+00   1.661527e+00   6.050045e+00     2.5191e-01   1.712849e-02   1.125625e+01
   7.015792e-03   1.523206e+00   1.660307e+00   6.041357e+00     2.5213e-01   1.716168e-02   1.122920e+01
   7.033667e-03   1.522341e+00   1.659071e+00   6.040293e+00     2.5203e-01   1.708785e-02   1.120280e+01
   7.051543e-03   1.521477e+00   1.657861e+00   6.032296e+00     2.5222e-01   1.711192e-02   1.117619e+01
   7.069419e-03   1.520614e+00   1.656623e+00   6.030760e+00     2.5214e-01   1.704563e-02   1.115030e+01
   7.087295e-03   1.519753e+00   1.655398e+00   6.030052e+00     2.5203e-01   1.696814e-02   1.112456e+01
   7.105170e-03   1.518893e+00   1.654185e+00   6.021411e+00     2.5225e-01   1.700234e-02   1.109871e+01
   7.123046e-03   1.518034e+00   1.652954e+00   6.020342e+00     2.5215e-01   1.693086e-02   1.107353e+01
   7.140922e-03   1.517176e+00   1.651758e+00   6.012413e+00     2.5234e-01   1.695568e-02   1.104811e+01
   7.158798e-03   1.516320e+00   1.650525e+00   6.010862e+00     2.5226e-01   1.689183e-02   1.102339e+01
   7.176673e-03   1.515464e+00   1.649305e+00   6.010086e+00     2.5215e-01   1.681757e-02   1.099884e+01
   7.194549e-03   1.514610e+00   1.648107e+00   6.001705e+00     2.5236e-01   1.684975e-02   1.097414e+01
   7.212425e-03   1.513757e+00   1.646882e+00   6.000435e+00     2.5227e-01   1.678329e-02   1.095010e+01
   7.230301e-03   1.512906e+00   1.645674e+00   6.000003e+00     2.5215e-01   1.670556e-02   1.092616e+01
   7.248176e-03   1.512055e+00   1.644470e+00   5.991074e+00     2.5238e-01   1.674635e-02   1.090219e+01
   7.266052e-03   1.511206e+00   1.643255e+00   5.990163e+00     2.5228e-01   1.667619e-02   1.087878e+01
   7.283928e-03   1.510358e+00   1.642072e+00   5.982003e+00     2.5248e-01   1.670680e-02   1.085514e+01
   7.301804e-03   1.509511e+00   1.640853e+00   5.980696e+00     2.5240e-01   1.664299e-02   1.083221e+01
   7.319679e-03   1.508666e+00   1.639646e+00   5.980042e+00     2.5228e-01   1.657052e-02   1.080938e+01
   7.337555e-03   1.507822e+00   1.638463e+00   5.971447e+00     2.5251e-01   1.660811e-02   1.078642e+01
   7.355431e-03   1.506979e+00   1.637252e+00   5.970400e+00     2.5241e-01   1.654196e-02   1.076409e+01
   7.391182e-03   1.505296e+00   1.634870e+00   5.961048e+00     2.5252e-01   1.651068e-02   1.071956e+01
   7.409058e-03   1.504457e+00   1.633667e+00   5.960176e+00     2.5242e-01   1.644331e-02   1.069781e+01
   7.426934e-03   1.503619e+00   1.632501e+00   5.952141e+00     2.5262e-01   1.647463e-02   1.067583e+01
   7.444810e-03   1.502782e+00   1.631293e+00   5.950734e+00     2.5254e-01   1.641540e-02   1.065450e+01
   7.462685e-03   1.501947e+00   1.630099e+00   5.950069e+00     2.5243e-01   1.634638e-02   1.063330e+01
   7.480561e-03   1.501112e+00   1.628936e+00   5.941756e+00     2.5264e-01   1.638241e-02   1.061194e+01
   7.498437e-03   1.500279e+00   1.627735e+00   5.940514e+00     2.5255e-01   1.632209e-02   1.059118e+01
   7.516313e-03   1.499448e+00   1.626547e+00   5.940009e+00     2.5243e-01   1.625204e-02   1.057051e+01
   7.534188e-03   1.498617e+00   1.625386e+00   5.931358e+00     2.5266e-01   1.629356e-02   1.054975e+01
   7.552064e-03   1.497788e+00   1.624192e+00   5.930344e+00     2.5256e-01   1.623129e-02   1.052954e+01
   7.569940e-03   1.496960e+00   1.623047e+00   5.922627e+00     2.5275e-01   1.626054e-02   1.050908e+01
   7.587816e-03   1.496133e+00   1.621852e+00   5.921112e+00     2.5268e-01   1.620579e-02   1.048924e+01
   7.605691e-03   1.495308e+00   1.620666e+00   5.920239e+00     2.5258e-01   1.614271e-02   1.046956e+01
   7.623567e-03   1.494484e+00   1.619526e+00   5.912242e+00     2.5278e-01   1.617659e-02   1.044962e+01
   7.641443e-03   1.493661e+00   1.618335e+00   5.910836e+00     2.5270e-01   1.612148e-02   1.043033e+01
   7.659319e-03   1.492839e+00   1.617156e+00   5.910141e+00     2.5259e-01   1.605710e-02   1.041117e+01
   7.677194e-03   1.492019e+00   1.616021e+00   5.902053e+00     2.5280e-01   1.609302e-02   1.039178e+01
   7.695070e-03   1.491200e+00   1.614837e+00   5.900747e+00     2.5271e-01   1.603765e-02   1.037301e+01
   7.712946e-03   1.490383e+00   1.613663e+00   5.900085e+00     2.5260e-01   1.597390e-02   1.035434e+01
   7.730822e-03   1.489566e+00   1.612532e+00   5.891772e+00     2.5282e-01   1.601365e-02   1.033546e+01
   7.748697e-03   1.488751e+00   1.611354e+00   5.890612e+00     2.5273e-01   1.595737e-02   1.031720e+01
   7.766573e-03   1.487937e+00   1.610187e+00   5.890052e+00     2.5262e-01   1.589331e-02   1.029902e+01
   7.784449e-03   1.487125e+00   1.609060e+00   5.881691e+00     2.5284e-01   1.593449e-02   1.028066e+01
   7.802325e-03   1.486313e+00   1.607887e+00   5.880518e+00     2.5275e-01   1.587942e-02   1.026288e+01
   7.820200e-03   1.485503e+00   1.606727e+00   5.880025e+00     2.5264e-01   1.581551e-02   1.024518e+01
   7.838076e-03   1.484695e+00   1.605606e+00   5.871560e+00     2.5286e-01   1.585881e-02   1.022730e+01
   7.855952e-03   1.483887e+00   1.604439e+00   5.870504e+00     2.5277e-01   1.580321e-02   1.021001e+01
   7.873828e-03   1.483081e+00   1.603283e+00   5.870025e+00     2.5265e-01   1.574013e-02   1.019277e+01
   7.891703e-03   1.482277e+00   1.602167e+00   5.861510e+00     2.5288e-01   1.578484e-02   1.017537e+01
   7.909579e-03   1.481473e+00   1.601007e+00   5.860473e+00     2.5279e-01   1.572997e-02   1.015854e+01
   7.927455e-03   1.480671e+00   1.599857e+00   5.860023e+00     2.5267e-01   1.566753e-02   1.014176e+01
   7.945331e-03   1.479870e+00   1.598745e+00   5.851544e+00     2.5290e-01   1.571245e-02   1.012482e+01
   7.963206e-03   1.479070e+00   1.597592e+00   5.850478e+00     2.5281e-01   1.565895e-02   1.010843e+01
   7.981082e-03   1.478272e+00   1.596447e+00   5.850016e+00     2.5270e-01   1.559767e-02   1.009210e+01
   7.998958e-03   1.477475e+00   1.595338e+00   5.841558e+00     2.5292e-01   1.564299e-02   1.007560e+01
   8.016834e-03   1.476679e+00   1.594194e+00   5.840523e+00     2.5283e-01   1.559003e-02   1.005966e+01
   8.034709e-03   1.475885e+00   1.593053e+00   5.840033e+00     2.5272e-01   1.553010e-02   1.004377e+01
   8.052585e-03   1.475092e+00   1.591949e+00   5.831583e+00     2.5295e-01   1.557597e-02   1.002768e+01
   8.070461e-03   1.474300e+00   1.590813e+00   5.830557e+00     2.5286e-01   1.552384e-02   1.001218e+01
   8.088337e-03   1.473510e+00   1.589676e+00   5.830059e+00     2.5274e-01   1.546497e-02   9.996722e+00
   8.106212e-03   1.472721e+00   1.588579e+00   5.821774e+00     2.5297e-01   1.550932e-02   9.981055e+00
   8.124088e-03   1.471933e+00   1.587451e+00   5.820682e+00     2.5288e-01   1.545898e-02   9.965960e+00
   8.141964e-03   1.471146e+00   1.586317e+00   5.820088e+00     2.5277e-01   1.540232e-02   9.950927e+00
   8.159840e-03   1.470361e+00   1.585224e+00   5.811984e+00     2.5299e-01   1.544491e-02   9.935662e+00
   8.177715e-03   1.469577e+00   1.584102e+00   5.810765e+00     2.5291e-01   1.539713e-02   9.920962e+00
   8.195591e-03   1.468794e+00   1.582975e+00   5.810137e+00     2.5280e-01   1.534185e-02   9.906350e+00
   8.213467e-03   1.468013e+00   1.581885e+00   5.802164e+00     2.5301e-01   1.538334e-02   9.891459e+00
   8.231343e-03   1.467233e+00   1.580769e+00   5.800968e+00     2.5293e-01   1.533614e-02   9.877165e+00
   8.249218e-03   1.466454e+00   1.579651e+00   5.800232e+00     2.5283e-01   1.528318e-02   9.862957e+00
   8.267094e-03   1.465676e+00   1.578565e+00   5.792491e+00     2.5303e-01   1.532226e-02   9.848454e+00
   8.284970e-03   1.464900e+00   1.577453e+00   5.791162e+00     2.5295e-01   1.527764e-02   9.834525e+00
   8.302846e-03   1.464125e+00   1.576343e+00   5.790338e+00     2.5286e-01   1.522671e-02   9.820717e+00
   8.320721e-03   1.463352e+00   1.575233e+00   5.790006e+00     2.5274e-01   1.516958e-02   9.806941e+00
   8.338597e-03   1.462580e+00   1.574155e+00   5.781444e+00     2.5298e-01   1.522032e-02   9.793021e+00
   8.356473e-03   1.461809e+00   1.573053e+00   5.780496e+00     2.5289e-01   1.517188e-02   9.779598e+00
   8.374349e-03   1.461039e+00   1.571946e+00   5.780047e+00     2.5277e-01   1.511714e-02   9.766216e+00
   8.392224e-03   1.460271e+00   1.570873e+00   5.771815e+00     2.5300e-01   1.516413e-02   9.752630e+00
   8.410100e-03   1.459504e+00   1.569776e+00   5.770728e+00     2.5291e-01   1.511833e-02   9.739571e+00
   8.427976e-03   1.458738e+00   1.568678e+00   5.770118e+00     2.5281e-01   1.506655e-02   9.726576e+00
   8.445852e-03   1.457973e+00   1.567608e+00   5.762214e+00     2.5302e-01   1.510984e-02   9.713315e+00
   8.463727e-03   1.457210e+00   1.566514e+00   5.760961e+00     2.5295e-01   1.506698e-02   9.700602e+00
   8.481603e-03   1.456448e+00   1.565428e+00   5.760267e+00     2.5284e-01   1.501713e-02   9.687990e+00
   8.499479e-03   1.455688e+00   1.564362e+00   5.752651e+00     2.5305e-01   1.505724e-02   9.675052e+00
   8.517355e-03   1.454928e+00   1.563273e+00   5.751364e+00     2.5297e-01   1.501560e-02   9.662681e+00
   8.535230e-03   1.454170e+00   1.562189e+00   5.750473e+00     2.5288e-01   1.496913e-02   9.650429e+00
   8.553106e-03   1.453414e+00   1.561105e+00   5.750045e+00     2.5277e-01   1.491687e-02   9.638212e+00
   8.570982e-03   1.452658e+00   1.560049e+00   5.741879e+00     2.5299e-01   1.496492e-02   9.625785e+00
   8.588858e-03   1.451904e+00   1.558968e+00   5.740770e+00     2.5291e-01   1.492205e-02   9.613866e+00
   8.606733e-03   1.451151e+00   1.557894e+00   5.740151e+00     2.5281e-01   1.487307e-02   9.602016e+00
   8.624609e-03   1.450400e+00   1.556841e+00   5.732345e+00     2.5302e-01   1.491697e-02   9.589864e+00
   8.642485e-03   1.449650e+00   1.555765e+00   5.731143e+00     2.5294e-01   1.487604e-02   9.578275e+00
   8.660361e-03   1.448901e+00   1.554694e+00   5.730324e+00     2.5285e-01   1.483045e-02   9.566781e+00
   8.678236e-03   1.448153e+00   1.553625e+00   5.730017e+00     2.5273e-01   1.477844e-02   9.555315e+00
   8.696112e-03   1.447407e+00   1.552579e+00   5.721669e+00     2.5297e-01   1.483013e-02   9.543647e+00
   8.713988e-03   1.446661e+00   1.551512e+00   5.720673e+00     2.5288e-01   1.478755e-02   9.532485e+00
   8.731864e-03   1.445918e+00   1.550454e+00   5.720142e+00     2.5278e-01   1.473922e-02   9.521373e+00
   8.749739e-03   1.445175e+00   1.549412e+00   5.712327e+00     2.5299e-01   1.478453e-02   9.509971e+00
   8.767615e-03   1.444434e+00   1.548347e+00   5.711126e+00     2.5292e-01   1.474530e-02   9.499105e+00
   8.785491e-03   1.443694e+00   1.547290e+00   5.710384e+00     2.5282e-01   1.470045e-02   9.488337e+00
   8.803367e-03   1.442955e+00   1.546237e+00   5.710019e+00     2.5271e-01   1.465095e-02   9.477589e+00
   8.821242e-03   1.442218e+00   1.545202e+00   5.701673e+00     2.5295e-01   1.470379e-02   9.466621e+00
   8.839118e-03   1.441482e+00   1.544147e+00   5.700755e+00     2.5286e-01   1.466192e-02   9.456178e+00
   8.856994e-03   1.440747e+00   1.543099e+00   5.700164e+00     2.5276e-01   1.461607e-02   9.445773e+00
   8.874870e-03   1.440013e+00   1.542075e+00   5.692499e+00     2.5297e-01   1.466068e-02   9.435066e+00
   8.892745e-03   1.439281e+00   1.541023e+00   5.691293e+00     2.5289e-01   1.462315e-02   9.424884e+00
   8.910621e-03   1.438550e+00   1.539976e+00   5.690465e+00     2.5280e-01   1.458105e-02   9.414806e+00
   8.928497e-03   1.437820e+00   1.538939e+00   5.690043e+00     2.5269e-01   1.453396e-02   9.404755e+00
   8.946373e-03   1.437092e+00   1.537917e+00   5.682004e+00     2.5292e-01   1.458403e-02   9.394452e+00
   8.964248e-03   1.436365e+00   1.536873e+00   5.680893e+00     2.5284e-01   1.454623e-02   9.384659e+00
   8.982124e-03   1.435639e+00   1.535836e+00   5.680276e+00     2.5274e-01   1.450237e-02   9.374943e+00
   9.000000e-03   1.434914e+00   1.534806e+00   5.680009e+00     2.5263e-01   1.445422e-02   9.365240e+00
