           rhoc              M             Mb              R              C             kl            lam
   9.787575e-05   8.085977e-02   8.088481e-02   1.976007e+01     4.0921e-03   1.946000e-02   1.130660e+10
   1.336273e-04   8.139675e-02   8.142416e-02   1.787059e+01     4.5548e-03   1.929626e-02   6.562065e+09
   1.515030e-04   8.185276e-02   8.188238e-02   1.675068e+01     4.8865e-03   1.926791e-02   4.610407e+09
   1.872545e-04   9.143304e-02   9.152097e-02   1.323055e+01     6.9108e-03   2.348856e-02   9.934322e+08
   2.230060e-04   1.154510e-01   1.157529e-01   1.092195e+01     1.0571e-02   3.689366e-02   1.863683e+08
   2.408818e-04   1.317978e-01   1.322950e-01   1.024147e+01     1.2869e-02   4.670895e-02   8.822248e+07
   2.766333e-04   1.713404e-01   1.724665e-01   9.440760e+00     1.8149e-02   6.960806e-02   2.356701e+07
   3.302605e-04   2.447298e-01   2.475900e-01   8.940331e+00     2.7374e-02   1.041196e-01   4.516214e+06
   3.481363e-04   2.723955e-01   2.760965e-01   8.861582e+00     3.0739e-02   1.144836e-01   2.781047e+06
   3.660120e-04   3.014806e-01   3.061743e-01   8.813226e+00     3.4208e-02   1.236054e-01   1.759235e+06
   3.838878e-04   3.318857e-01   3.377349e-01   8.790384e+00     3.7756e-02   1.312060e-01   1.140142e+06
   4.196393e-04   3.962726e-01   4.049708e-01   8.772214e+00     4.5174e-02   1.440513e-01   5.105071e+05
   4.375150e-04   4.300665e-01   4.404766e-01   8.780890e+00     4.8978e-02   1.485676e-01   3.514367e+05
   4.553908e-04   4.648042e-01   4.771297e-01   8.791465e+00     5.2870e-02   1.524644e-01   2.460556e+05
   4.732665e-04   5.003944e-01   5.148472e-01   8.810512e+00     5.6795e-02   1.551145e-01   1.749866e+05
   4.911423e-04   5.367471e-01   5.535449e-01   8.830481e+00     6.0783e-02   1.571398e-01   1.262607e+05
   5.090180e-04   5.737736e-01   5.931414e-01   8.850893e+00     6.4827e-02   1.585783e-01   9.233898e+04
   5.268938e-04   6.113868e-01   6.335529e-01   8.871887e+00     6.8913e-02   1.594240e-01   6.838520e+04
   5.447695e-04   6.495015e-01   6.746953e-01   8.900218e+00     7.2976e-02   1.590874e-01   5.124445e+04
   5.626453e-04   6.880345e-01   7.164927e-01   8.921060e+00     7.7125e-02   1.589200e-01   3.882564e+04
   5.805210e-04   7.269051e-01   7.588621e-01   8.942409e+00     8.1287e-02   1.582324e-01   2.972269e+04
   5.983968e-04   7.660350e-01   8.017218e-01   8.970236e+00     8.5397e-02   1.565338e-01   2.297699e+04
   6.162725e-04   8.053487e-01   8.450044e-01   8.990861e+00     8.9574e-02   1.550586e-01   1.792633e+04
   6.341483e-04   8.447736e-01   8.886291e-01   9.011341e+00     9.3746e-02   1.532176e-01   1.410791e+04
   6.520240e-04   8.842403e-01   9.325218e-01   9.031642e+00     9.7905e-02   1.510478e-01   1.119451e+04
   6.698998e-04   9.236825e-01   9.766150e-01   9.051420e+00     1.0205e-01   1.486118e-01   8.952246e+03
   6.877756e-04   9.630371e-01   1.020837e+00   9.070863e+00     1.0617e-01   1.459266e-01   7.212256e+03
   7.056513e-04   1.002244e+00   1.065127e+00   9.090154e+00     1.1026e-01   1.430100e-01   5.851444e+03
   7.235271e-04   1.041248e+00   1.109423e+00   9.101661e+00     1.1440e-01   1.404814e-01   4.779244e+03
   7.414028e-04   1.079996e+00   1.153653e+00   9.120144e+00     1.1842e-01   1.372199e-01   3.928474e+03
   7.592786e-04   1.118438e+00   1.197775e+00   9.130592e+00     1.2249e-01   1.343949e-01   3.248833e+03
   7.771543e-04   1.156527e+00   1.241726e+00   9.141017e+00     1.2652e-01   1.314163e-01   2.702409e+03
   7.950301e-04   1.194222e+00   1.285456e+00   9.151036e+00     1.3050e-01   1.283362e-01   2.260389e+03
   8.129058e-04   1.230805e+00   1.328115e+00   9.160577e+00     1.3436e-01   1.252280e-01   1.906678e+03
   8.307816e-04   1.258874e+00   1.361010e+00   9.162753e+00     1.3739e-01   1.230908e-01   1.676308e+03
   8.486573e-04   1.286000e+00   1.392919e+00   9.170600e+00     1.4023e-01   1.205257e-01   1.481739e+03
   8.665331e-04   1.312216e+00   1.423884e+00   9.171538e+00     1.4307e-01   1.183654e-01   1.316186e+03
   8.844088e-04   1.337555e+00   1.453930e+00   9.172360e+00     1.4582e-01   1.161605e-01   1.174398e+03
   9.022846e-04   1.362049e+00   1.483085e+00   9.172507e+00     1.4849e-01   1.139537e-01   1.052238e+03
   9.201603e-04   1.385732e+00   1.511381e+00   9.172316e+00     1.5108e-01   1.117310e-01   9.464137e+02
   9.380361e-04   1.408635e+00   1.538836e+00   9.171427e+00     1.5359e-01   1.095216e-01   8.542804e+02
   9.559118e-04   1.430788e+00   1.565489e+00   9.170520e+00     1.5602e-01   1.072919e-01   7.736943e+02
   9.737876e-04   1.452218e+00   1.591368e+00   9.170021e+00     1.5837e-01   1.050254e-01   7.029036e+02
   9.916633e-04   1.472953e+00   1.616497e+00   9.160903e+00     1.6079e-01   1.032382e-01   6.404670e+02
   1.027415e-03   1.512435e+00   1.664582e+00   9.150363e+00     1.6529e-01   9.920228e-02   5.360904e+02
   1.045291e-03   1.531230e+00   1.687595e+00   9.141052e+00     1.6751e-01   9.740064e-02   4.923215e+02
   1.063166e-03   1.549424e+00   1.709944e+00   9.131756e+00     1.6967e-01   9.559797e-02   4.531871e+02
   1.081042e-03   1.567037e+00   1.731646e+00   9.122347e+00     1.7178e-01   9.380550e-02   4.180936e+02
   1.098918e-03   1.584089e+00   1.752723e+00   9.112635e+00     1.7383e-01   9.203637e-02   3.865359e+02
   1.116794e-03   1.600600e+00   1.773192e+00   9.102625e+00     1.7584e-01   9.029314e-02   3.580826e+02
   1.134669e-03   1.616586e+00   1.793075e+00   9.092308e+00     1.7780e-01   8.857851e-02   3.323639e+02
   1.152545e-03   1.632066e+00   1.812379e+00   9.081857e+00     1.7971e-01   8.688620e-02   3.090614e+02
   1.170421e-03   1.647055e+00   1.831124e+00   9.071234e+00     1.8157e-01   8.522004e-02   2.878997e+02
   1.188297e-03   1.661571e+00   1.849338e+00   9.060517e+00     1.8339e-01   8.357799e-02   2.686404e+02
   1.206172e-03   1.675627e+00   1.867014e+00   9.050111e+00     1.8515e-01   8.194333e-02   2.510757e+02
   1.224048e-03   1.689239e+00   1.884208e+00   9.032208e+00     1.8702e-01   8.066563e-02   2.350234e+02
   1.241924e-03   1.702421e+00   1.900885e+00   9.021028e+00     1.8872e-01   7.910711e-02   2.203282e+02
   1.259800e-03   1.715185e+00   1.917068e+00   9.010157e+00     1.9036e-01   7.755993e-02   2.068488e+02
   1.277675e-03   1.727545e+00   1.932809e+00   8.991821e+00     1.9212e-01   7.635454e-02   1.944619e+02
   1.295551e-03   1.739514e+00   1.948068e+00   8.980478e+00     1.9370e-01   7.487427e-02   1.830624e+02
   1.313427e-03   1.751103e+00   1.962907e+00   8.962475e+00     1.9538e-01   7.369341e-02   1.725516e+02
   1.331303e-03   1.762323e+00   1.977288e+00   8.950621e+00     1.9689e-01   7.228287e-02   1.628478e+02
   1.349178e-03   1.773187e+00   1.991269e+00   8.932623e+00     1.9851e-01   7.114279e-02   1.538729e+02
   1.367054e-03   1.783704e+00   2.004814e+00   8.920629e+00     1.9995e-01   6.978750e-02   1.455625e+02
   1.384930e-03   1.793885e+00   2.017981e+00   8.902350e+00     2.0151e-01   6.870070e-02   1.378542e+02
   1.402806e-03   1.803740e+00   2.030733e+00   8.890385e+00     2.0289e-01   6.739444e-02   1.306970e+02
   1.420681e-03   1.813279e+00   2.043130e+00   8.871737e+00     2.0439e-01   6.636427e-02   1.240405e+02
   1.438557e-03   1.822510e+00   2.055131e+00   8.860112e+00     2.0570e-01   6.509564e-02   1.178438e+02
   1.456433e-03   1.831443e+00   2.066797e+00   8.840968e+00     2.0715e-01   6.412611e-02   1.120664e+02
   1.474309e-03   1.840087e+00   2.078125e+00   8.822568e+00     2.0857e-01   6.314897e-02   1.066740e+02
   1.492184e-03   1.848449e+00   2.089068e+00   8.810389e+00     2.0980e-01   6.197306e-02   1.016364e+02
   1.510060e-03   1.856539e+00   2.099699e+00   8.791400e+00     2.1118e-01   6.105874e-02   9.692301e+01
   1.527936e-03   1.864363e+00   2.109985e+00   8.780015e+00     2.1234e-01   5.990391e-02   9.250987e+01
   1.545812e-03   1.871929e+00   2.119980e+00   8.760463e+00     2.1368e-01   5.904983e-02   8.837220e+01
   1.563687e-03   1.879245e+00   2.129671e+00   8.741518e+00     2.1498e-01   5.819359e-02   8.448915e+01
   1.581563e-03   1.886318e+00   2.139025e+00   8.730019e+00     2.1607e-01   5.711222e-02   8.084238e+01
   1.599439e-03   1.893155e+00   2.148112e+00   8.710448e+00     2.1734e-01   5.631613e-02   7.741295e+01
   1.617315e-03   1.899761e+00   2.156924e+00   8.691413e+00     2.1858e-01   5.552031e-02   7.418520e+01
   1.635190e-03   1.905882e+00   2.165067e+00   8.680027e+00     2.1957e-01   5.455870e-02   7.126859e+01
   1.653066e-03   1.911758e+00   2.172927e+00   8.660679e+00     2.2074e-01   5.387379e-02   6.853007e+01
   1.670942e-03   1.917424e+00   2.180539e+00   8.642218e+00     2.2187e-01   5.317813e-02   6.594421e+01
   1.688818e-03   1.922886e+00   2.187840e+00   8.630229e+00     2.2281e-01   5.230327e-02   6.350121e+01
   1.706693e-03   1.928147e+00   2.194921e+00   8.611205e+00     2.2391e-01   5.165959e-02   6.118969e+01
   1.724569e-03   1.933215e+00   2.201734e+00   8.600008e+00     2.2479e-01   5.080013e-02   5.900198e+01
   1.742445e-03   1.938095e+00   2.208324e+00   8.580555e+00     2.2587e-01   5.020197e-02   5.692867e+01
   1.760321e-03   1.942791e+00   2.214684e+00   8.561934e+00     2.2691e-01   4.959394e-02   5.496244e+01
   1.778196e-03   1.947309e+00   2.220783e+00   8.550150e+00     2.2775e-01   4.880553e-02   5.309719e+01
   1.796072e-03   1.951655e+00   2.226687e+00   8.531111e+00     2.2877e-01   4.824000e-02   5.132500e+01
   1.813948e-03   1.955832e+00   2.232344e+00   8.520010e+00     2.2956e-01   4.746683e-02   4.964111e+01
   1.831824e-03   1.959847e+00   2.237823e+00   8.500526e+00     2.3056e-01   4.694259e-02   4.803906e+01
   1.849699e-03   1.963703e+00   2.243088e+00   8.481939e+00     2.3152e-01   4.640635e-02   4.651398e+01
   1.867575e-03   1.967405e+00   2.248120e+00   8.470185e+00     2.3227e-01   4.569889e-02   4.506201e+01
   1.885451e-03   1.970957e+00   2.253001e+00   8.451172e+00     2.3322e-01   4.520117e-02   4.367746e+01
   1.903327e-03   1.974364e+00   2.257644e+00   8.440015e+00     2.3393e-01   4.450831e-02   4.235741e+01
   1.921202e-03   1.977631e+00   2.262136e+00   8.420646e+00     2.3485e-01   4.404557e-02   4.109718e+01
   1.939078e-03   1.980760e+00   2.266454e+00   8.402146e+00     2.3574e-01   4.357145e-02   3.989351e+01
   1.956954e-03   1.983757e+00   2.270551e+00   8.390283e+00     2.3643e-01   4.293924e-02   3.874399e+01
   1.974830e-03   1.986624e+00   2.274526e+00   8.371419e+00     2.3731e-01   4.249839e-02   3.764425e+01
   1.992705e-03   1.989365e+00   2.278288e+00   8.360095e+00     2.3796e-01   4.187959e-02   3.659273e+01
   2.010581e-03   1.991985e+00   2.281917e+00   8.340990e+00     2.3882e-01   4.146755e-02   3.558567e+01
   2.028457e-03   1.994485e+00   2.285371e+00   8.330015e+00     2.3943e-01   4.086612e-02   3.462156e+01
   2.046333e-03   1.996871e+00   2.288682e+00   8.310667e+00     2.4028e-01   4.048159e-02   3.369732e+01
   2.064208e-03   1.999145e+00   2.291865e+00   8.292428e+00     2.4108e-01   4.007966e-02   3.281103e+01
   2.082084e-03   2.001310e+00   2.294856e+00   8.280454e+00     2.4169e-01   3.953834e-02   3.196142e+01
   2.099960e-03   2.003369e+00   2.297732e+00   8.262093e+00     2.4248e-01   3.915978e-02   3.114542e+01
   2.117836e-03   2.005326e+00   2.300437e+00   8.250282e+00     2.4306e-01   3.863745e-02   3.036241e+01
   2.135711e-03   2.007183e+00   2.303050e+00   8.231722e+00     2.4384e-01   3.828291e-02   2.960962e+01
   2.153587e-03   2.008942e+00   2.305483e+00   8.220210e+00     2.4439e-01   3.777555e-02   2.888662e+01
   2.171463e-03   2.010607e+00   2.307843e+00   8.201592e+00     2.4515e-01   3.744081e-02   2.819086e+01
   2.189339e-03   2.012181e+00   2.310025e+00   8.190202e+00     2.4568e-01   3.695165e-02   2.752203e+01
   2.207214e-03   2.013665e+00   2.312121e+00   8.171536e+00     2.4642e-01   3.663556e-02   2.687780e+01
   2.225090e-03   2.015063e+00   2.314069e+00   8.160199e+00     2.4694e-01   3.616530e-02   2.625799e+01
   2.242966e-03   2.016376e+00   2.315933e+00   8.141582e+00     2.4766e-01   3.586486e-02   2.566044e+01
   2.260842e-03   2.017608e+00   2.317644e+00   8.130212e+00     2.4816e-01   3.541450e-02   2.508509e+01
   2.278717e-03   2.018759e+00   2.319302e+00   8.111740e+00     2.4887e-01   3.512689e-02   2.452992e+01
   2.296593e-03   2.019833e+00   2.320790e+00   8.100300e+00     2.4935e-01   3.469634e-02   2.399498e+01
   2.314469e-03   2.020832e+00   2.322221e+00   8.081943e+00     2.5004e-01   3.442158e-02   2.347833e+01
   2.332345e-03   2.021757e+00   2.323514e+00   8.070450e+00     2.5051e-01   3.400961e-02   2.298021e+01
   2.350220e-03   2.022612e+00   2.324745e+00   8.052386e+00     2.5118e-01   3.374334e-02   2.249870e+01
   2.368096e-03   2.023396e+00   2.325834e+00   8.040689e+00     2.5164e-01   3.335229e-02   2.203414e+01
   2.385972e-03   2.024114e+00   2.326843e+00   8.030010e+00     2.5207e-01   3.294883e-02   2.158513e+01
   2.403848e-03   2.024765e+00   2.327791e+00   8.011034e+00     2.5275e-01   3.272269e-02   2.115082e+01
   2.421723e-03   2.025353e+00   2.328606e+00   8.000137e+00     2.5316e-01   3.233949e-02   2.073123e+01
   2.439599e-03   2.025879e+00   2.329383e+00   7.981715e+00     2.5381e-01   3.211497e-02   2.032497e+01
   2.457475e-03   2.026344e+00   2.330032e+00   7.970387e+00     2.5423e-01   3.175545e-02   1.993232e+01
   2.475351e-03   2.026751e+00   2.330632e+00   7.952608e+00     2.5485e-01   3.153063e-02   1.955182e+01
   2.493226e-03   2.027101e+00   2.331109e+00   7.940887e+00     2.5527e-01   3.119310e-02   1.918384e+01
   2.511102e-03   2.027395e+00   2.331520e+00   7.930116e+00     2.5566e-01   3.084438e-02   1.882743e+01
   2.528978e-03   2.027635e+00   2.331891e+00   7.911728e+00     2.5628e-01   3.064968e-02   1.848174e+01
   2.546854e-03   2.027822e+00   2.332137e+00   7.900535e+00     2.5667e-01   3.032263e-02   1.814718e+01
   2.564729e-03   2.027958e+00   2.332321e+00   7.890014e+00     2.5703e-01   2.998968e-02   1.782275e+01
   2.582605e-03   2.028044e+00   2.332477e+00   7.871324e+00     2.5765e-01   2.981762e-02   1.750788e+01
   2.600481e-03   2.028082e+00   2.332516e+00   7.860335e+00     2.5801e-01   2.950622e-02   1.720284e+01
   2.636232e-03   2.028018e+00   2.332427e+00   7.831155e+00     2.5897e-01   2.903562e-02   1.661921e+01
   2.654108e-03   2.027918e+00   2.332273e+00   7.820314e+00     2.5931e-01   2.873983e-02   1.634038e+01
   2.671984e-03   2.027775e+00   2.332069e+00   7.810001e+00     2.5964e-01   2.844053e-02   1.606954e+01
   2.689860e-03   2.027589e+00   2.331812e+00   7.791252e+00     2.6024e-01   2.829983e-02   1.580625e+01
   2.707735e-03   2.027363e+00   2.331469e+00   7.780401e+00     2.6057e-01   2.802147e-02   1.555078e+01
   2.743487e-03   2.026791e+00   2.330675e+00   7.751609e+00     2.6147e-01   2.760733e-02   1.506080e+01
   2.761363e-03   2.026447e+00   2.330160e+00   7.740618e+00     2.6179e-01   2.734762e-02   1.482620e+01
   2.779238e-03   2.026067e+00   2.329593e+00   7.730104e+00     2.6210e-01   2.708491e-02   1.459801e+01
   2.797114e-03   2.025652e+00   2.329019e+00   7.712193e+00     2.6266e-01   2.695591e-02   1.437569e+01
   2.814990e-03   2.025201e+00   2.328352e+00   7.701156e+00     2.6297e-01   2.671215e-02   1.415979e+01
   2.832866e-03   2.024716e+00   2.327638e+00   7.690375e+00     2.6328e-01   2.646904e-02   1.394967e+01
   2.850741e-03   2.024199e+00   2.326885e+00   7.680055e+00     2.6357e-01   2.622301e-02   1.374509e+01
   2.868617e-03   2.023649e+00   2.326111e+00   7.662107e+00     2.6411e-01   2.611106e-02   1.354561e+01
   2.886493e-03   2.023068e+00   2.325249e+00   7.651108e+00     2.6442e-01   2.588562e-02   1.335171e+01
   2.904369e-03   2.022457e+00   2.324347e+00   7.640475e+00     2.6470e-01   2.565873e-02   1.316284e+01
   2.922244e-03   2.021816e+00   2.323405e+00   7.630091e+00     2.6498e-01   2.543227e-02   1.297880e+01
   2.940120e-03   2.021146e+00   2.322476e+00   7.612443e+00     2.6551e-01   2.533035e-02   1.279915e+01
   2.957996e-03   2.020449e+00   2.321447e+00   7.601419e+00     2.6580e-01   2.512279e-02   1.262440e+01
   2.975872e-03   2.019724e+00   2.320378e+00   7.590780e+00     2.6608e-01   2.491328e-02   1.245407e+01
   2.993747e-03   2.018973e+00   2.319267e+00   7.580304e+00     2.6634e-01   2.470537e-02   1.228798e+01
   3.011623e-03   2.018196e+00   2.318121e+00   7.570057e+00     2.6660e-01   2.449791e-02   1.212597e+01
   3.029499e-03   2.017395e+00   2.316980e+00   7.552386e+00     2.6712e-01   2.441370e-02   1.196765e+01
   3.047375e-03   2.016569e+00   2.315760e+00   7.541547e+00     2.6739e-01   2.422333e-02   1.181352e+01
   3.065251e-03   2.015719e+00   2.314505e+00   7.530912e+00     2.6766e-01   2.403363e-02   1.166315e+01
   3.083126e-03   2.014847e+00   2.313218e+00   7.520506e+00     2.6791e-01   2.384419e-02   1.151639e+01
   3.101002e-03   2.013952e+00   2.311900e+00   7.510192e+00     2.6816e-01   2.365706e-02   1.137312e+01
   3.118878e-03   2.013035e+00   2.310553e+00   7.500039e+00     2.6840e-01   2.347116e-02   1.123322e+01
   3.136754e-03   2.012097e+00   2.309217e+00   7.482359e+00     2.6891e-01   2.340575e-02   1.109632e+01
   3.154629e-03   2.011139e+00   2.307799e+00   7.471750e+00     2.6917e-01   2.323367e-02   1.096295e+01
   3.172505e-03   2.010161e+00   2.306352e+00   7.461257e+00     2.6941e-01   2.306332e-02   1.083269e+01
   3.190381e-03   2.009164e+00   2.304875e+00   7.450846e+00     2.6966e-01   2.289517e-02   1.070543e+01
   3.208257e-03   2.008147e+00   2.303371e+00   7.440514e+00     2.6989e-01   2.272920e-02   1.058107e+01
   3.226132e-03   2.007113e+00   2.301840e+00   7.430289e+00     2.7013e-01   2.256492e-02   1.045953e+01
   3.244008e-03   2.006060e+00   2.300283e+00   7.420118e+00     2.7035e-01   2.240311e-02   1.034072e+01
   3.261884e-03   2.004991e+00   2.298702e+00   7.410038e+00     2.7058e-01   2.224315e-02   1.022457e+01
   3.297635e-03   2.002802e+00   2.295505e+00   7.382288e+00     2.7130e-01   2.204518e-02   9.999711e+00
   3.315511e-03   2.001684e+00   2.293847e+00   7.371924e+00     2.7153e-01   2.189828e-02   9.891127e+00
   3.333387e-03   2.000550e+00   2.292166e+00   7.361561e+00     2.7176e-01   2.175433e-02   9.784911e+00
   3.351263e-03   1.999401e+00   2.290459e+00   7.351195e+00     2.7198e-01   2.161332e-02   9.680996e+00
   3.369138e-03   1.998238e+00   2.288735e+00   7.341014e+00     2.7220e-01   2.147251e-02   9.579336e+00
   3.387014e-03   1.997061e+00   2.286988e+00   7.330816e+00     2.7242e-01   2.133476e-02   9.479846e+00
   3.404890e-03   1.995871e+00   2.285222e+00   7.320715e+00     2.7263e-01   2.119841e-02   9.382475e+00
   3.422766e-03   1.994667e+00   2.283433e+00   7.310564e+00     2.7285e-01   2.106549e-02   9.287156e+00
   3.440641e-03   1.993450e+00   2.281628e+00   7.300491e+00     2.7306e-01   2.093413e-02   9.193841e+00
   3.458517e-03   1.992221e+00   2.279802e+00   7.290395e+00     2.7327e-01   2.080575e-02   9.102472e+00
   3.476393e-03   1.990980e+00   2.277958e+00   7.280340e+00     2.7347e-01   2.067936e-02   9.012999e+00
   3.494269e-03   1.989728e+00   2.276097e+00   7.270289e+00     2.7368e-01   2.055546e-02   8.925371e+00
   3.512144e-03   1.988464e+00   2.274218e+00   7.260280e+00     2.7388e-01   2.043347e-02   8.839540e+00
   3.530020e-03   1.987189e+00   2.272323e+00   7.250262e+00     2.7409e-01   2.031407e-02   8.755457e+00
   3.547896e-03   1.985903e+00   2.270411e+00   7.240228e+00     2.7429e-01   2.019732e-02   8.673079e+00
   3.565772e-03   1.984607e+00   2.268485e+00   7.230240e+00     2.7449e-01   2.008228e-02   8.592360e+00
   3.583647e-03   1.983302e+00   2.266543e+00   7.220280e+00     2.7468e-01   1.996920e-02   8.513258e+00
   3.601523e-03   1.981986e+00   2.264587e+00   7.210251e+00     2.7488e-01   1.985935e-02   8.435729e+00
   3.619399e-03   1.980661e+00   2.262616e+00   7.200284e+00     2.7508e-01   1.975090e-02   8.359737e+00
   3.637275e-03   1.979328e+00   2.260630e+00   7.190329e+00     2.7528e-01   1.964451e-02   8.285239e+00
   3.655150e-03   1.977985e+00   2.258624e+00   7.180383e+00     2.7547e-01   1.954016e-02   8.212199e+00
   3.673026e-03   1.976635e+00   2.256607e+00   7.170459e+00     2.7566e-01   1.943765e-02   8.140579e+00
   3.690902e-03   1.975276e+00   2.254578e+00   7.160549e+00     2.7586e-01   1.933705e-02   8.070344e+00
   3.708778e-03   1.973909e+00   2.252536e+00   7.150617e+00     2.7605e-01   1.923881e-02   8.001457e+00
   3.726653e-03   1.972534e+00   2.250484e+00   7.140774e+00     2.7624e-01   1.914141e-02   7.933890e+00
   3.744529e-03   1.971153e+00   2.248421e+00   7.130929e+00     2.7642e-01   1.904603e-02   7.867605e+00
   3.762405e-03   1.969764e+00   2.246349e+00   7.121157e+00     2.7661e-01   1.895166e-02   7.802577e+00
   3.780281e-03   1.968368e+00   2.244266e+00   7.111346e+00     2.7679e-01   1.885974e-02   7.738765e+00
   3.798156e-03   1.966966e+00   2.242175e+00   7.101607e+00     2.7697e-01   1.876877e-02   7.676151e+00
   3.816032e-03   1.965557e+00   2.240075e+00   7.091980e+00     2.7715e-01   1.867825e-02   7.614713e+00
   3.833908e-03   1.964143e+00   2.237967e+00   7.082366e+00     2.7733e-01   1.858941e-02   7.554415e+00
   3.869659e-03   1.961296e+00   2.233652e+00   7.070048e+00     2.7741e-01   1.832805e-02   7.437398e+00
   3.887535e-03   1.959864e+00   2.231507e+00   7.060134e+00     2.7760e-01   1.824883e-02   7.380375e+00
   3.905411e-03   1.958428e+00   2.229358e+00   7.050288e+00     2.7778e-01   1.817043e-02   7.324381e+00
   3.923287e-03   1.956986e+00   2.227203e+00   7.040496e+00     2.7796e-01   1.809302e-02   7.269391e+00
   3.941162e-03   1.955539e+00   2.225043e+00   7.030802e+00     2.7814e-01   1.801601e-02   7.215384e+00
   3.959038e-03   1.954088e+00   2.222877e+00   7.021165e+00     2.7831e-01   1.793991e-02   7.162336e+00
   3.976914e-03   1.952632e+00   2.220692e+00   7.011597e+00     2.7849e-01   1.786454e-02   7.110229e+00
   3.994790e-03   1.951172e+00   2.218505e+00   7.002227e+00     2.7865e-01   1.778834e-02   7.059066e+00
   4.012665e-03   1.949708e+00   2.216262e+00   7.000005e+00     2.7853e-01   1.762406e-02   7.009041e+00
   4.030541e-03   1.948240e+00   2.214063e+00   6.990081e+00     2.7871e-01   1.755829e-02   6.959689e+00
   4.048417e-03   1.946768e+00   2.211862e+00   6.980280e+00     2.7890e-01   1.749247e-02   6.911188e+00
   4.066293e-03   1.945293e+00   2.209649e+00   6.970567e+00     2.7907e-01   1.742701e-02   6.863516e+00
   4.084168e-03   1.943815e+00   2.207427e+00   6.960998e+00     2.7924e-01   1.736119e-02   6.816657e+00
   4.102044e-03   1.942333e+00   2.205205e+00   6.951599e+00     2.7941e-01   1.729473e-02   6.770606e+00
   4.119920e-03   1.940848e+00   2.202979e+00   6.942319e+00     2.7957e-01   1.722826e-02   6.725353e+00
   4.137796e-03   1.939361e+00   2.200711e+00   6.940027e+00     2.7945e-01   1.707767e-02   6.681131e+00
   4.155671e-03   1.937870e+00   2.198471e+00   6.930205e+00     2.7963e-01   1.702101e-02   6.637442e+00
   4.173547e-03   1.936378e+00   2.196222e+00   6.920521e+00     2.7980e-01   1.696397e-02   6.594473e+00
   4.191423e-03   1.934882e+00   2.193976e+00   6.911038e+00     2.7997e-01   1.690579e-02   6.552211e+00
   4.209299e-03   1.933385e+00   2.191730e+00   6.901733e+00     2.8013e-01   1.684677e-02   6.510654e+00
   4.227174e-03   1.931885e+00   2.189484e+00   6.892621e+00     2.8028e-01   1.678677e-02   6.469814e+00
   4.245050e-03   1.930383e+00   2.187182e+00   6.890081e+00     2.8017e-01   1.664914e-02   6.429912e+00
   4.262926e-03   1.928879e+00   2.184915e+00   6.880408e+00     2.8034e-01   1.659878e-02   6.390434e+00
   4.280802e-03   1.927374e+00   2.182653e+00   6.870903e+00     2.8051e-01   1.654755e-02   6.351582e+00
   4.298677e-03   1.925867e+00   2.180395e+00   6.861617e+00     2.8067e-01   1.649492e-02   6.313355e+00
   4.316553e-03   1.924358e+00   2.178136e+00   6.852603e+00     2.8082e-01   1.644033e-02   6.275779e+00
   4.334429e-03   1.922848e+00   2.175810e+00   6.850155e+00     2.8070e-01   1.630932e-02   6.239091e+00
   4.352305e-03   1.921337e+00   2.173534e+00   6.840506e+00     2.8088e-01   1.626492e-02   6.202745e+00
   4.370180e-03   1.919825e+00   2.171266e+00   6.831153e+00     2.8104e-01   1.621811e-02   6.166960e+00
   4.388056e-03   1.918311e+00   2.169002e+00   6.822083e+00     2.8119e-01   1.616912e-02   6.131754e+00
   4.405932e-03   1.916797e+00   2.166668e+00   6.820048e+00     2.8105e-01   1.603904e-02   6.097383e+00
   4.423808e-03   1.915282e+00   2.164383e+00   6.810331e+00     2.8123e-01   1.600022e-02   6.063344e+00
   4.441683e-03   1.913766e+00   2.162110e+00   6.800934e+00     2.8140e-01   1.595865e-02   6.029813e+00
   4.459559e-03   1.912249e+00   2.159841e+00   6.791882e+00     2.8155e-01   1.591414e-02   5.996805e+00
   4.477435e-03   1.910732e+00   2.157499e+00   6.790016e+00     2.8140e-01   1.578762e-02   5.964583e+00
   4.495311e-03   1.909215e+00   2.155212e+00   6.780306e+00     2.8158e-01   1.575321e-02   5.932668e+00
   4.513186e-03   1.907697e+00   2.152939e+00   6.770953e+00     2.8175e-01   1.571559e-02   5.901214e+00
   4.531062e-03   1.906179e+00   2.150654e+00   6.761909e+00     2.8190e-01   1.567540e-02   5.870234e+00
   4.548938e-03   1.904661e+00   2.148314e+00   6.760039e+00     2.8175e-01   1.555422e-02   5.840025e+00
   4.566814e-03   1.903143e+00   2.146032e+00   6.750423e+00     2.8193e-01   1.552294e-02   5.810064e+00
   4.584689e-03   1.901625e+00   2.143753e+00   6.741192e+00     2.8209e-01   1.548813e-02   5.780525e+00
   4.602565e-03   1.900106e+00   2.141462e+00   6.732376e+00     2.8223e-01   1.544957e-02   5.751449e+00
   4.620441e-03   1.898589e+00   2.139128e+00   6.730134e+00     2.8210e-01   1.533762e-02   5.723096e+00
   4.638317e-03   1.897071e+00   2.136850e+00   6.720707e+00     2.8227e-01   1.530816e-02   5.694933e+00
   4.656192e-03   1.895554e+00   2.134559e+00   6.711707e+00     2.8242e-01   1.527471e-02   5.667170e+00
   4.674068e-03   1.894037e+00   2.132229e+00   6.710022e+00     2.8227e-01   1.516003e-02   5.640093e+00
   4.691944e-03   1.892521e+00   2.129951e+00   6.700393e+00     2.8245e-01   1.513582e-02   5.613233e+00
   4.709820e-03   1.891005e+00   2.127659e+00   6.691281e+00     2.8261e-01   1.510658e-02   5.586732e+00
   4.727695e-03   1.889490e+00   2.125377e+00   6.682564e+00     2.8275e-01   1.507380e-02   5.560635e+00
   4.745571e-03   1.887976e+00   2.123059e+00   6.680250e+00     2.8262e-01   1.497079e-02   5.535220e+00
   4.763447e-03   1.886462e+00   2.120766e+00   6.670969e+00     2.8279e-01   1.494624e-02   5.509914e+00
   4.781323e-03   1.884949e+00   2.118488e+00   6.662277e+00     2.8293e-01   1.491597e-02   5.484982e+00
   4.799198e-03   1.883438e+00   2.116174e+00   6.660170e+00     2.8279e-01   1.481391e-02   5.460706e+00
   4.817074e-03   1.881927e+00   2.113885e+00   6.650875e+00     2.8296e-01   1.479222e-02   5.436538e+00
   4.834950e-03   1.880417e+00   2.111611e+00   6.642128e+00     2.8310e-01   1.476524e-02   5.412705e+00
   4.852826e-03   1.878909e+00   2.109300e+00   6.640143e+00     2.8296e-01   1.466499e-02   5.389512e+00
   4.870701e-03   1.877401e+00   2.107015e+00   6.630840e+00     2.8313e-01   1.464596e-02   5.366415e+00
   4.888577e-03   1.875895e+00   2.104749e+00   6.622105e+00     2.8328e-01   1.462142e-02   5.343628e+00
   4.906453e-03   1.874390e+00   2.102438e+00   6.620139e+00     2.8313e-01   1.452403e-02   5.321470e+00
   4.924329e-03   1.872886e+00   2.100163e+00   6.610901e+00     2.8330e-01   1.450676e-02   5.299384e+00
   4.942204e-03   1.871384e+00   2.097903e+00   6.602253e+00     2.8345e-01   1.448375e-02   5.277595e+00
   4.960080e-03   1.869883e+00   2.095594e+00   6.600212e+00     2.8331e-01   1.439013e-02   5.256422e+00
   4.977956e-03   1.868384e+00   2.093327e+00   6.591035e+00     2.8347e-01   1.437455e-02   5.235287e+00
   4.995832e-03   1.866886e+00   2.091080e+00   6.582563e+00     2.8361e-01   1.435207e-02   5.214456e+00
   5.013707e-03   1.865390e+00   2.088768e+00   6.580343e+00     2.8348e-01   1.426319e-02   5.194216e+00
   5.031583e-03   1.863896e+00   2.086517e+00   6.571373e+00     2.8364e-01   1.424767e-02   5.173987e+00
   5.049459e-03   1.862403e+00   2.084229e+00   6.570015e+00     2.8347e-01   1.415132e-02   5.154296e+00
   5.067335e-03   1.860912e+00   2.081966e+00   6.560555e+00     2.8365e-01   1.414271e-02   5.134707e+00
   5.085210e-03   1.859422e+00   2.079729e+00   6.551779e+00     2.8380e-01   1.412729e-02   5.115334e+00
   5.103086e-03   1.857935e+00   2.077435e+00   6.550098e+00     2.8365e-01   1.403717e-02   5.096538e+00
   5.120962e-03   1.856449e+00   2.075192e+00   6.540888e+00     2.8382e-01   1.402797e-02   5.077760e+00
   5.138838e-03   1.854965e+00   2.072969e+00   6.532514e+00     2.8396e-01   1.401049e-02   5.059237e+00
   5.156713e-03   1.853483e+00   2.070672e+00   6.530365e+00     2.8383e-01   1.392793e-02   5.041261e+00
   5.174589e-03   1.852003e+00   2.068449e+00   6.521519e+00     2.8398e-01   1.391689e-02   5.023262e+00
   5.192465e-03   1.850525e+00   2.066170e+00   6.520065e+00     2.8382e-01   1.382863e-02   5.005783e+00
   5.210341e-03   1.849050e+00   2.063942e+00   6.510787e+00     2.8400e-01   1.382364e-02   4.988339e+00
   5.228216e-03   1.847576e+00   2.061736e+00   6.502334e+00     2.8414e-01   1.381048e-02   4.971100e+00
   5.246092e-03   1.846104e+00   2.059451e+00   6.500334e+00     2.8400e-01   1.373048e-02   4.954409e+00
   5.263968e-03   1.844635e+00   2.057247e+00   6.491535e+00     2.8416e-01   1.372233e-02   4.937668e+00
   5.281844e-03   1.843167e+00   2.054979e+00   6.490082e+00     2.8400e-01   1.363815e-02   4.921429e+00
   5.299719e-03   1.841702e+00   2.052771e+00   6.480904e+00     2.8417e-01   1.363537e-02   4.905199e+00
   5.317595e-03   1.840239e+00   2.050577e+00   6.472630e+00     2.8431e-01   1.362367e-02   4.889173e+00
   5.335471e-03   1.838779e+00   2.048312e+00   6.470432e+00     2.8418e-01   1.354960e-02   4.873651e+00
   5.353347e-03   1.837320e+00   2.046128e+00   6.461810e+00     2.8434e-01   1.354277e-02   4.858060e+00
   5.371222e-03   1.835864e+00   2.043871e+00   6.460200e+00     2.8418e-01   1.346413e-02   4.842994e+00
   5.389098e-03   1.834411e+00   2.041691e+00   6.451287e+00     2.8435e-01   1.346163e-02   4.827869e+00
   5.406974e-03   1.832959e+00   2.039446e+00   6.450044e+00     2.8418e-01   1.338061e-02   4.813197e+00
   5.424850e-03   1.831511e+00   2.037266e+00   6.440813e+00     2.8436e-01   1.338269e-02   4.798531e+00
   5.442725e-03   1.830064e+00   2.035087e+00   6.432554e+00     2.8450e-01   1.337517e-02   4.784027e+00
   5.460601e-03   1.828620e+00   2.032859e+00   6.430511e+00     2.8437e-01   1.330462e-02   4.770028e+00
   5.478477e-03   1.827179e+00   2.030691e+00   6.422060e+00     2.8452e-01   1.330027e-02   4.755932e+00
   5.496353e-03   1.825740e+00   2.028467e+00   6.420267e+00     2.8437e-01   1.322855e-02   4.742327e+00
   5.514228e-03   1.824304e+00   2.026308e+00   6.411560e+00     2.8453e-01   1.322798e-02   4.728632e+00
   5.532104e-03   1.822870e+00   2.024093e+00   6.410145e+00     2.8437e-01   1.315375e-02   4.715410e+00
   5.549980e-03   1.821438e+00   2.021942e+00   6.401206e+00     2.8455e-01   1.315674e-02   4.702119e+00
   5.567856e-03   1.820010e+00   2.019735e+00   6.400047e+00     2.8437e-01   1.308121e-02   4.689255e+00
   5.585731e-03   1.818584e+00   2.017593e+00   6.390929e+00     2.8456e-01   1.308717e-02   4.676361e+00
   5.603607e-03   1.817160e+00   2.015395e+00   6.390011e+00     2.8438e-01   1.301049e-02   4.663843e+00
   5.621483e-03   1.815740e+00   2.013261e+00   6.380759e+00     2.8456e-01   1.301893e-02   4.651338e+00
   5.639359e-03   1.814322e+00   2.011115e+00   6.372590e+00     2.8471e-01   1.301674e-02   4.638948e+00
   5.657234e-03   1.812906e+00   2.008944e+00   6.370560e+00     2.8458e-01   1.295332e-02   4.627021e+00
   5.675110e-03   1.811493e+00   2.006807e+00   6.362348e+00     2.8472e-01   1.295263e-02   4.614981e+00
   5.692986e-03   1.810084e+00   2.004642e+00   6.360461e+00     2.8458e-01   1.288902e-02   4.603400e+00
   5.710862e-03   1.808676e+00   2.002514e+00   6.352121e+00     2.8474e-01   1.289065e-02   4.591695e+00
   5.728737e-03   1.807272e+00   2.000359e+00   6.350398e+00     2.8459e-01   1.282663e-02   4.580453e+00
   5.746613e-03   1.805870e+00   1.998237e+00   6.341918e+00     2.8475e-01   1.283065e-02   4.569072e+00
   5.764489e-03   1.804471e+00   1.996093e+00   6.340320e+00     2.8460e-01   1.276659e-02   4.558161e+00
   5.782365e-03   1.803075e+00   1.993979e+00   6.331841e+00     2.8476e-01   1.277161e-02   4.547108e+00
   5.800240e-03   1.801682e+00   1.991844e+00   6.330282e+00     2.8461e-01   1.270834e-02   4.536509e+00
   5.818116e-03   1.800292e+00   1.989738e+00   6.321788e+00     2.8478e-01   1.271448e-02   4.525771e+00
   5.835992e-03   1.798904e+00   1.987612e+00   6.320276e+00     2.8462e-01   1.265188e-02   4.515480e+00
   5.853868e-03   1.797519e+00   1.985516e+00   6.311812e+00     2.8479e-01   1.265869e-02   4.505052e+00
   5.871743e-03   1.796138e+00   1.983397e+00   6.310307e+00     2.8464e-01   1.259714e-02   4.495059e+00
   5.889619e-03   1.794759e+00   1.981310e+00   6.301805e+00     2.8480e-01   1.260525e-02   4.484922e+00
   5.907495e-03   1.793383e+00   1.979200e+00   6.300308e+00     2.8465e-01   1.254476e-02   4.475227e+00
   5.925371e-03   1.792009e+00   1.977124e+00   6.291936e+00     2.8481e-01   1.255249e-02   4.465385e+00
   5.943246e-03   1.790639e+00   1.975020e+00   6.290347e+00     2.8466e-01   1.249398e-02   4.455970e+00
   5.961122e-03   1.789272e+00   1.972954e+00   6.282033e+00     2.8482e-01   1.250204e-02   4.446405e+00
   5.978998e-03   1.787907e+00   1.970858e+00   6.280437e+00     2.8468e-01   1.244467e-02   4.437275e+00
   5.996874e-03   1.786546e+00   1.968805e+00   6.272211e+00     2.8484e-01   1.245274e-02   4.427983e+00
   6.014749e-03   1.785187e+00   1.966713e+00   6.270495e+00     2.8470e-01   1.239759e-02   4.419122e+00
   6.032625e-03   1.783832e+00   1.964674e+00   6.262462e+00     2.8485e-01   1.240464e-02   4.410105e+00
   6.050501e-03   1.782479e+00   1.962589e+00   6.260625e+00     2.8471e-01   1.235168e-02   4.401501e+00
   6.068377e-03   1.781130e+00   1.960560e+00   6.252668e+00     2.8486e-01   1.235883e-02   4.392738e+00
   6.086253e-03   1.779783e+00   1.958484e+00   6.250804e+00     2.8473e-01   1.230714e-02   4.384397e+00
   6.104128e-03   1.778440e+00   1.956432e+00   6.250022e+00     2.8455e-01   1.224529e-02   4.376126e+00
   6.122004e-03   1.777099e+00   1.954398e+00   6.241019e+00     2.8474e-01   1.226406e-02   4.367797e+00
   6.139880e-03   1.775761e+00   1.952355e+00   6.240071e+00     2.8457e-01   1.220486e-02   4.359795e+00
   6.157756e-03   1.774427e+00   1.950331e+00   6.231325e+00     2.8476e-01   1.222187e-02   4.351691e+00
   6.175631e-03   1.773095e+00   1.948291e+00   6.230149e+00     2.8460e-01   1.216589e-02   4.343949e+00
   6.193507e-03   1.771767e+00   1.946285e+00   6.221681e+00     2.8477e-01   1.218094e-02   4.336064e+00
   6.211383e-03   1.770441e+00   1.944247e+00   6.220308e+00     2.8462e-01   1.212786e-02   4.328574e+00
   6.229259e-03   1.769118e+00   1.942259e+00   6.212095e+00     2.8479e-01   1.214118e-02   4.320910e+00
   6.247134e-03   1.767799e+00   1.940224e+00   6.210510e+00     2.8465e-01   1.209107e-02   4.313656e+00
   6.282886e-03   1.765169e+00   1.936224e+00   6.200827e+00     2.8467e-01   1.205483e-02   4.299187e+00
   6.300762e-03   1.763859e+00   1.934224e+00   6.200041e+00     2.8449e-01   1.199829e-02   4.292216e+00
   6.318637e-03   1.762552e+00   1.932244e+00   6.191255e+00     2.8468e-01   1.201915e-02   4.285157e+00
   6.336513e-03   1.761247e+00   1.930244e+00   6.190162e+00     2.8452e-01   1.196651e-02   4.278431e+00
   6.354389e-03   1.759946e+00   1.928284e+00   6.181750e+00     2.8470e-01   1.198443e-02   4.271556e+00
   6.372265e-03   1.758648e+00   1.926286e+00   6.180378e+00     2.8455e-01   1.193538e-02   4.265063e+00
   6.390140e-03   1.757353e+00   1.924345e+00   6.172323e+00     2.8472e-01   1.195055e-02   4.258379e+00
   6.408016e-03   1.756061e+00   1.922351e+00   6.170724e+00     2.8458e-01   1.190454e-02   4.252101e+00
   6.425892e-03   1.754772e+00   1.920385e+00   6.170028e+00     2.8440e-01   1.185020e-02   4.245861e+00
   6.443768e-03   1.753487e+00   1.918439e+00   6.161165e+00     2.8460e-01   1.187429e-02   4.239534e+00
   6.461643e-03   1.752204e+00   1.916470e+00   6.160163e+00     2.8444e-01   1.182379e-02   4.233535e+00
   6.479519e-03   1.750924e+00   1.914550e+00   6.151866e+00     2.8462e-01   1.184308e-02   4.227375e+00
   6.497395e-03   1.749648e+00   1.912581e+00   6.150464e+00     2.8447e-01   1.179725e-02   4.221588e+00
   6.515271e-03   1.748374e+00   1.910679e+00   6.142613e+00     2.8463e-01   1.181294e-02   4.215610e+00
   6.533146e-03   1.747104e+00   1.908716e+00   6.140851e+00     2.8451e-01   1.177130e-02   4.210004e+00
   6.551022e-03   1.745836e+00   1.906776e+00   6.140071e+00     2.8433e-01   1.172069e-02   4.204471e+00
   6.568898e-03   1.744572e+00   1.904875e+00   6.131576e+00     2.8452e-01   1.174358e-02   4.198799e+00
   6.586774e-03   1.743311e+00   1.902933e+00   6.130341e+00     2.8437e-01   1.169815e-02   4.193480e+00
   6.604649e-03   1.742053e+00   1.901055e+00   6.122405e+00     2.8454e-01   1.171632e-02   4.187968e+00
   6.622525e-03   1.740798e+00   1.899115e+00   6.120810e+00     2.8441e-01   1.167506e-02   4.182832e+00
   6.640401e-03   1.739546e+00   1.897200e+00   6.120064e+00     2.8424e-01   1.162607e-02   4.177744e+00
   6.658277e-03   1.738297e+00   1.895324e+00   6.111520e+00     2.8443e-01   1.165104e-02   4.172528e+00
   6.676152e-03   1.737052e+00   1.893404e+00   6.110318e+00     2.8428e-01   1.160720e-02   4.167654e+00
   6.694028e-03   1.735809e+00   1.891553e+00   6.102400e+00     2.8445e-01   1.162679e-02   4.162579e+00
   6.711904e-03   1.734569e+00   1.889638e+00   6.100869e+00     2.8432e-01   1.158680e-02   4.157883e+00
   6.729780e-03   1.733333e+00   1.887743e+00   6.100092e+00     2.8415e-01   1.154000e-02   4.153232e+00
   6.747655e-03   1.732100e+00   1.885895e+00   6.091626e+00     2.8434e-01   1.156574e-02   4.148433e+00
   6.765531e-03   1.730869e+00   1.883999e+00   6.090426e+00     2.8420e-01   1.152373e-02   4.143989e+00
   6.801283e-03   1.728418e+00   1.880283e+00   6.081074e+00     2.8423e-01   1.150572e-02   4.135044e+00
   6.819158e-03   1.727197e+00   1.878407e+00   6.080152e+00     2.8407e-01   1.146210e-02   4.130818e+00
   6.837034e-03   1.725979e+00   1.876591e+00   6.072012e+00     2.8425e-01   1.148624e-02   4.126413e+00
   6.854910e-03   1.724764e+00   1.874715e+00   6.070629e+00     2.8412e-01   1.144769e-02   4.122369e+00
   6.872786e-03   1.723552e+00   1.872862e+00   6.070029e+00     2.8394e-01   1.140204e-02   4.118350e+00
   6.890661e-03   1.722343e+00   1.871050e+00   6.061462e+00     2.8415e-01   1.143112e-02   4.114205e+00
   6.908537e-03   1.721137e+00   1.869193e+00   6.060356e+00     2.8400e-01   1.139098e-02   4.110388e+00
   6.926413e-03   1.719935e+00   1.867410e+00   6.052630e+00     2.8416e-01   1.141269e-02   4.106365e+00
   6.944289e-03   1.718735e+00   1.865555e+00   6.051034e+00     2.8404e-01   1.137775e-02   4.102686e+00
   6.962164e-03   1.717539e+00   1.863717e+00   6.050183e+00     2.8388e-01   1.133620e-02   4.099077e+00
   6.980040e-03   1.716345e+00   1.861944e+00   6.042145e+00     2.8406e-01   1.136166e-02   4.095278e+00
   6.997916e-03   1.715155e+00   1.860105e+00   6.040784e+00     2.8393e-01   1.132555e-02   4.091834e+00
   7.015792e-03   1.713967e+00   1.858285e+00   6.040073e+00     2.8377e-01   1.128362e-02   4.088420e+00
   7.033667e-03   1.712783e+00   1.856521e+00   6.031758e+00     2.8396e-01   1.131252e-02   4.084849e+00
   7.051543e-03   1.711602e+00   1.854699e+00   6.030560e+00     2.8382e-01   1.127584e-02   4.081620e+00
   7.069419e-03   1.710423e+00   1.852898e+00   6.030023e+00     2.8365e-01   1.123323e-02   4.078401e+00
   7.087295e-03   1.709248e+00   1.851143e+00   6.021470e+00     2.8386e-01   1.126517e-02   4.075057e+00
   7.105170e-03   1.708076e+00   1.849337e+00   6.020417e+00     2.8371e-01   1.122808e-02   4.072032e+00
   7.123046e-03   1.706907e+00   1.847554e+00   6.020004e+00     2.8354e-01   1.118522e-02   4.069005e+00
   7.140922e-03   1.705741e+00   1.845808e+00   6.011263e+00     2.8376e-01   1.121972e-02   4.065881e+00
   7.158798e-03   1.704578e+00   1.844019e+00   6.010322e+00     2.8361e-01   1.118250e-02   4.063050e+00
   7.176673e-03   1.703418e+00   1.842301e+00   6.002571e+00     2.8378e-01   1.120821e-02   4.060000e+00
   7.194549e-03   1.702260e+00   1.840517e+00   6.001137e+00     2.8366e-01   1.117612e-02   4.057302e+00
   7.212425e-03   1.701106e+00   1.838743e+00   6.000242e+00     2.8351e-01   1.113934e-02   4.054661e+00
   7.230301e-03   1.699955e+00   1.837041e+00   5.992495e+00     2.8368e-01   1.116580e-02   4.051814e+00
   7.248176e-03   1.698807e+00   1.835269e+00   5.991024e+00     2.8356e-01   1.113490e-02   4.049300e+00
   7.266052e-03   1.697662e+00   1.833511e+00   5.990231e+00     2.8341e-01   1.109806e-02   4.046849e+00
   7.283928e-03   1.696520e+00   1.831822e+00   5.982424e+00     2.8358e-01   1.112582e-02   4.044189e+00
   7.301804e-03   1.695381e+00   1.830066e+00   5.981022e+00     2.8346e-01   1.109514e-02   4.041866e+00
   7.319679e-03   1.694245e+00   1.828321e+00   5.980217e+00     2.8331e-01   1.105926e-02   4.039597e+00
   7.337555e-03   1.693112e+00   1.826646e+00   5.972412e+00     2.8349e-01   1.108773e-02   4.037118e+00
   7.355431e-03   1.691982e+00   1.824905e+00   5.971054e+00     2.8336e-01   1.105748e-02   4.034980e+00
   7.373307e-03   1.690855e+00   1.823173e+00   5.970256e+00     2.8321e-01   1.102236e-02   4.032892e+00
   7.391182e-03   1.689731e+00   1.821512e+00   5.962500e+00     2.8339e-01   1.105111e-02   4.030592e+00
   7.409058e-03   1.688610e+00   1.819788e+00   5.961117e+00     2.8327e-01   1.102189e-02   4.028626e+00
   7.426934e-03   1.687491e+00   1.818069e+00   5.960294e+00     2.8312e-01   1.098783e-02   4.026717e+00
   7.444810e-03   1.686376e+00   1.816420e+00   5.952633e+00     2.8330e-01   1.101640e-02   4.024590e+00
   7.462685e-03   1.685264e+00   1.814713e+00   5.951248e+00     2.8318e-01   1.098799e-02   4.022793e+00
   7.480561e-03   1.684154e+00   1.813007e+00   5.950374e+00     2.8303e-01   1.095519e-02   4.021060e+00
   7.498437e-03   1.683048e+00   1.811320e+00   5.950005e+00     2.8286e-01   1.091791e-02   4.019321e+00
   7.516313e-03   1.681945e+00   1.809681e+00   5.941452e+00     2.8309e-01   1.095567e-02   4.017468e+00
   7.534188e-03   1.680844e+00   1.807987e+00   5.940460e+00     2.8295e-01   1.092474e-02   4.015903e+00
   7.552064e-03   1.679746e+00   1.806311e+00   5.940030e+00     2.8278e-01   1.088882e-02   4.014341e+00
   7.569940e-03   1.678652e+00   1.804691e+00   5.931651e+00     2.8300e-01   1.092559e-02   4.012629e+00
   7.587816e-03   1.677560e+00   1.803009e+00   5.930575e+00     2.8287e-01   1.089620e-02   4.011232e+00
   7.605691e-03   1.676471e+00   1.801344e+00   5.930088e+00     2.8271e-01   1.086159e-02   4.009848e+00
   7.623567e-03   1.675385e+00   1.799738e+00   5.921953e+00     2.8291e-01   1.089675e-02   4.008274e+00
   7.641443e-03   1.674302e+00   1.798075e+00   5.920830e+00     2.8278e-01   1.086853e-02   4.007040e+00
   7.659319e-03   1.673222e+00   1.796420e+00   5.920187e+00     2.8263e-01   1.083612e-02   4.005828e+00
   7.677194e-03   1.672144e+00   1.794828e+00   5.912421e+00     2.8282e-01   1.086855e-02   4.004405e+00
   7.695070e-03   1.671070e+00   1.793183e+00   5.911150e+00     2.8270e-01   1.084236e-02   4.003309e+00
   7.712946e-03   1.669998e+00   1.791537e+00   5.910353e+00     2.8255e-01   1.081210e-02   4.002264e+00
   7.730822e-03   1.668930e+00   1.789910e+00   5.910008e+00     2.8239e-01   1.077788e-02   4.001214e+00
   7.748697e-03   1.667864e+00   1.788333e+00   5.901505e+00     2.8262e-01   1.081791e-02   4.000026e+00
   7.766573e-03   1.666801e+00   1.786697e+00   5.900581e+00     2.8248e-01   1.078955e-02   3.999144e+00
   7.784449e-03   1.665741e+00   1.785078e+00   5.900085e+00     2.8232e-01   1.075744e-02   3.998265e+00
   7.802325e-03   1.664684e+00   1.783518e+00   5.892080e+00     2.8253e-01   1.079351e-02   3.997202e+00
   7.820200e-03   1.663629e+00   1.781902e+00   5.890927e+00     2.8241e-01   1.076790e-02   3.996456e+00
   7.838076e-03   1.662578e+00   1.780289e+00   5.890242e+00     2.8226e-01   1.073824e-02   3.995744e+00
   7.873828e-03   1.660483e+00   1.777148e+00   5.881372e+00     2.8233e-01   1.074730e-02   3.994189e+00
   7.891703e-03   1.659440e+00   1.775545e+00   5.880518e+00     2.8219e-01   1.071988e-02   3.993638e+00
   7.909579e-03   1.658400e+00   1.773957e+00   5.880067e+00     2.8204e-01   1.068895e-02   3.993087e+00
   7.927455e-03   1.657363e+00   1.772428e+00   5.872029e+00     2.8225e-01   1.072671e-02   3.992352e+00
   7.945331e-03   1.656328e+00   1.770845e+00   5.870936e+00     2.8212e-01   1.070211e-02   3.991935e+00
   7.963206e-03   1.655296e+00   1.769263e+00   5.870278e+00     2.8198e-01   1.067377e-02   3.991549e+00
   7.981082e-03   1.654267e+00   1.767699e+00   5.870006e+00     2.8182e-01   1.064205e-02   3.991156e+00
   7.998958e-03   1.653241e+00   1.766184e+00   5.861497e+00     2.8205e-01   1.068490e-02   3.990629e+00
   8.016834e-03   1.652217e+00   1.764614e+00   5.860635e+00     2.8192e-01   1.065908e-02   3.990397e+00
   8.034709e-03   1.651197e+00   1.763054e+00   5.860120e+00     2.8177e-01   1.063025e-02   3.990168e+00
   8.052585e-03   1.650179e+00   1.761555e+00   5.852327e+00     2.8197e-01   1.066713e-02   3.989739e+00
   8.070461e-03   1.649163e+00   1.760007e+00   5.851115e+00     2.8185e-01   1.064505e-02   3.989617e+00
   8.088337e-03   1.648151e+00   1.758455e+00   5.850416e+00     2.8172e-01   1.061858e-02   3.989551e+00
   8.106212e-03   1.647141e+00   1.756917e+00   5.850038e+00     2.8156e-01   1.058932e-02   3.989479e+00
   8.124088e-03   1.646134e+00   1.755433e+00   5.841919e+00     2.8178e-01   1.062990e-02   3.989230e+00
   8.141964e-03   1.645130e+00   1.753901e+00   5.840932e+00     2.8166e-01   1.060665e-02   3.989295e+00
   8.159840e-03   1.644129e+00   1.752367e+00   5.840283e+00     2.8152e-01   1.058052e-02   3.989383e+00
   8.177715e-03   1.643130e+00   1.750850e+00   5.840010e+00     2.8136e-01   1.055110e-02   3.989466e+00
   8.195591e-03   1.642134e+00   1.749381e+00   5.831645e+00     2.8159e-01   1.059464e-02   3.989397e+00
   8.213467e-03   1.641141e+00   1.747864e+00   5.830759e+00     2.8146e-01   1.057127e-02   3.989630e+00
   8.231343e-03   1.640150e+00   1.746350e+00   5.830201e+00     2.8132e-01   1.054510e-02   3.989873e+00
   8.267094e-03   1.638177e+00   1.743398e+00   5.821485e+00     2.8140e-01   1.056144e-02   3.990218e+00
   8.284970e-03   1.637194e+00   1.741896e+00   5.820644e+00     2.8127e-01   1.053844e-02   3.990608e+00
   8.302846e-03   1.636215e+00   1.740401e+00   5.820162e+00     2.8113e-01   1.051234e-02   3.991006e+00
   8.320721e-03   1.635237e+00   1.738962e+00   5.812525e+00     2.8133e-01   1.055048e-02   3.991177e+00
   8.338597e-03   1.634263e+00   1.737484e+00   5.811446e+00     2.8121e-01   1.053016e-02   3.991673e+00
   8.356473e-03   1.633291e+00   1.735998e+00   5.810637e+00     2.8109e-01   1.050762e-02   3.992215e+00
   8.374349e-03   1.632322e+00   1.734520e+00   5.810148e+00     2.8094e-01   1.048233e-02   3.992764e+00
   8.392224e-03   1.631355e+00   1.733098e+00   5.802516e+00     2.8115e-01   1.052112e-02   3.993092e+00
   8.410100e-03   1.630392e+00   1.731635e+00   5.801403e+00     2.8103e-01   1.050182e-02   3.993733e+00
   8.427976e-03   1.629430e+00   1.730167e+00   5.800628e+00     2.8091e-01   1.047972e-02   3.994429e+00
   8.445852e-03   1.628472e+00   1.728706e+00   5.800149e+00     2.8076e-01   1.045508e-02   3.995130e+00
   8.463727e-03   1.627516e+00   1.727301e+00   5.792636e+00     2.8096e-01   1.049349e-02   3.995616e+00
   8.481603e-03   1.626562e+00   1.725855e+00   5.791509e+00     2.8085e-01   1.047502e-02   3.996397e+00
   8.499479e-03   1.625612e+00   1.724404e+00   5.790720e+00     2.8073e-01   1.045376e-02   3.997239e+00
   8.517355e-03   1.624663e+00   1.722958e+00   5.790185e+00     2.8059e-01   1.043034e-02   3.998089e+00
   8.535230e-03   1.623718e+00   1.721527e+00   5.790003e+00     2.8043e-01   1.040386e-02   3.998937e+00
   8.553106e-03   1.622775e+00   1.720140e+00   5.781638e+00     2.8068e-01   1.045078e-02   3.999636e+00
   8.570982e-03   1.621834e+00   1.718707e+00   5.780775e+00     2.8056e-01   1.043088e-02   4.000620e+00
   8.588858e-03   1.620897e+00   1.717277e+00   5.780255e+00     2.8042e-01   1.040804e-02   4.001623e+00
   8.606733e-03   1.619961e+00   1.715860e+00   5.780019e+00     2.8027e-01   1.038276e-02   4.002620e+00
   8.624609e-03   1.619029e+00   1.714491e+00   5.771917e+00     2.8050e-01   1.042792e-02   4.003450e+00
   8.642485e-03   1.618099e+00   1.713078e+00   5.770989e+00     2.8038e-01   1.040928e-02   4.004567e+00
   8.660361e-03   1.617171e+00   1.711662e+00   5.770394e+00     2.8025e-01   1.038780e-02   4.005715e+00
   8.678236e-03   1.616246e+00   1.710258e+00   5.770063e+00     2.8011e-01   1.036407e-02   4.006861e+00
   8.696112e-03   1.615324e+00   1.708906e+00   5.762254e+00     2.8033e-01   1.040721e-02   4.007813e+00
   8.713988e-03   1.614404e+00   1.707513e+00   5.761256e+00     2.8022e-01   1.038983e-02   4.009059e+00
   8.731864e-03   1.613486e+00   1.706112e+00   5.760568e+00     2.8009e-01   1.036987e-02   4.010349e+00
   8.749739e-03   1.612571e+00   1.704721e+00   5.760151e+00     2.7995e-01   1.034759e-02   4.011643e+00
   8.767615e-03   1.611659e+00   1.703385e+00   5.752660e+00     2.8016e-01   1.038848e-02   4.012713e+00
   8.785491e-03   1.610749e+00   1.702008e+00   5.751609e+00     2.8005e-01   1.037219e-02   4.014082e+00
   8.803367e-03   1.609842e+00   1.700629e+00   5.750819e+00     2.7993e-01   1.035379e-02   4.015507e+00
   8.821242e-03   1.608937e+00   1.699250e+00   5.750326e+00     2.7980e-01   1.033286e-02   4.016950e+00
   8.839118e-03   1.608035e+00   1.697884e+00   5.750043e+00     2.7966e-01   1.031014e-02   4.018388e+00
   8.856994e-03   1.607135e+00   1.696566e+00   5.742083e+00     2.7989e-01   1.035599e-02   4.019629e+00
   8.874870e-03   1.606237e+00   1.695210e+00   5.741215e+00     2.7977e-01   1.033891e-02   4.021181e+00
   8.892745e-03   1.605343e+00   1.693845e+00   5.740570e+00     2.7965e-01   1.031998e-02   4.022762e+00
   8.910621e-03   1.604450e+00   1.692489e+00   5.740156e+00     2.7951e-01   1.029910e-02   4.024347e+00
   8.928497e-03   1.603560e+00   1.691146e+00   5.740003e+00     2.7937e-01   1.027598e-02   4.025931e+00
   8.946373e-03   1.602673e+00   1.689846e+00   5.731760e+00     2.7961e-01   1.032514e-02   4.027361e+00
   8.964248e-03   1.601787e+00   1.688504e+00   5.730934e+00     2.7950e-01   1.030844e-02   4.029066e+00
   8.982124e-03   1.600905e+00   1.687159e+00   5.730355e+00     2.7937e-01   1.028967e-02   4.030793e+00
   9.000000e-03   1.600025e+00   1.685826e+00   5.730075e+00     2.7923e-01   1.026833e-02   4.032523e+00
