           rhoc              M             Mb              R              C             kl            lam
   2.766333e-04   1.057075e-01   1.076255e-01   1.281107e+01     8.2513e-03   5.725784e-03   9.980248e+07
   2.945090e-04   1.247248e-01   1.271875e-01   1.128394e+01     1.1053e-02   1.247980e-02   5.042612e+07
   3.123848e-04   1.450881e-01   1.481961e-01   1.040059e+01     1.3950e-02   2.146572e-02   2.708855e+07
   3.302605e-04   1.667434e-01   1.706053e-01   9.831443e+00     1.6960e-02   3.213877e-02   1.526795e+07
   3.481363e-04   1.896508e-01   1.943848e-01   9.443324e+00     2.0083e-02   4.388443e-02   8.955091e+06
   3.660120e-04   2.136597e-01   2.193892e-01   9.184793e+00     2.3262e-02   5.564264e-02   5.445657e+06
   3.838878e-04   2.385274e-01   2.453753e-01   9.010766e+00     2.6471e-02   6.683351e-02   3.427839e+06
   4.017635e-04   2.639862e-01   2.720708e-01   8.882619e+00     2.9719e-02   7.755953e-02   2.230195e+06
   4.196393e-04   2.897910e-01   2.992187e-01   8.787439e+00     3.2978e-02   8.757465e-02   1.496837e+06
   4.375150e-04   3.158731e-01   3.267586e-01   8.731412e+00     3.6177e-02   9.592489e-02   1.032046e+06
   4.553908e-04   3.422508e-01   3.547058e-01   8.685251e+00     3.9406e-02   1.037285e-01   7.277731e+05
   4.732665e-04   3.689687e-01   3.831132e-01   8.653335e+00     4.2639e-02   1.105524e-01   5.229340e+05
   4.911423e-04   3.960881e-01   4.120484e-01   8.632280e+00     4.5885e-02   1.164406e-01   3.816647e+05
   5.268938e-04   4.515238e-01   4.715134e-01   8.610254e+00     5.2440e-02   1.258471e-01   2.115575e+05
   5.447695e-04   4.797005e-01   5.019134e-01   8.603563e+00     5.5756e-02   1.296654e-01   1.604256e+05
   5.626453e-04   5.080804e-01   5.326404e-01   8.602915e+00     5.9059e-02   1.326216e-01   1.230520e+05
   5.805210e-04   5.365851e-01   5.636151e-01   8.602033e+00     6.2379e-02   1.351842e-01   9.542172e+04
   5.983968e-04   5.651404e-01   5.947621e-01   8.610492e+00     6.5634e-02   1.366041e-01   7.477055e+04
   6.162725e-04   5.936984e-01   6.260354e-01   8.611808e+00     6.8940e-02   1.381971e-01   5.916299e+04
   6.341483e-04   6.222256e-01   6.573891e-01   8.620426e+00     7.2180e-02   1.388333e-01   4.723966e+04
   6.698998e-04   6.790711e-01   7.202310e-01   8.630583e+00     7.8682e-02   1.396457e-01   3.087169e+04
   6.877756e-04   7.073386e-01   7.516695e-01   8.633337e+00     8.1931e-02   1.397707e-01   2.523955e+04
   7.056513e-04   7.354728e-01   7.830581e-01   8.640773e+00     8.5117e-02   1.392346e-01   2.077714e+04
   7.235271e-04   7.634521e-01   8.144191e-01   8.643054e+00     8.8331e-02   1.388521e-01   1.721426e+04
   7.414028e-04   7.912507e-01   8.456799e-01   8.651152e+00     9.1462e-02   1.377635e-01   1.434967e+04
   7.592786e-04   8.188441e-01   8.768435e-01   8.653470e+00     9.4626e-02   1.369161e-01   1.203119e+04
   7.771543e-04   8.462091e-01   9.078443e-01   8.660735e+00     9.7706e-02   1.354790e-01   1.014299e+04
   7.950301e-04   8.733245e-01   9.387078e-01   8.662338e+00     1.0082e-01   1.343042e-01   8.595988e+03
   8.129058e-04   9.001707e-01   9.693781e-01   8.662600e+00     1.0391e-01   1.330657e-01   7.321357e+03
   8.307816e-04   9.267297e-01   9.998161e-01   8.670603e+00     1.0688e-01   1.310883e-01   6.265472e+03
   8.486573e-04   9.529849e-01   1.030044e+00   8.671189e+00     1.0990e-01   1.295436e-01   5.386265e+03
   8.665331e-04   9.789220e-01   1.060011e+00   8.671145e+00     1.1289e-01   1.279249e-01   4.650566e+03
   8.844088e-04   1.004529e+00   1.089722e+00   8.672357e+00     1.1583e-01   1.261072e-01   4.032021e+03
   9.022846e-04   1.029794e+00   1.119134e+00   8.671433e+00     1.1876e-01   1.243508e-01   3.509616e+03
   9.201603e-04   1.054709e+00   1.148244e+00   8.671148e+00     1.2163e-01   1.224651e-01   3.066485e+03
   9.380361e-04   1.079265e+00   1.177057e+00   8.671237e+00     1.2446e-01   1.204822e-01   2.689033e+03
   9.559118e-04   1.103455e+00   1.205531e+00   8.670617e+00     1.2726e-01   1.184880e-01   2.366246e+03
   9.737876e-04   1.127273e+00   1.233685e+00   8.670030e+00     1.3002e-01   1.164403e-01   2.089150e+03
   9.916633e-04   1.150713e+00   1.261520e+00   8.662097e+00     1.3284e-01   1.148360e-01   1.850403e+03
   1.009539e-03   1.173772e+00   1.288965e+00   8.660739e+00     1.3553e-01   1.127538e-01   1.643979e+03
   1.027415e-03   1.196445e+00   1.316056e+00   8.660004e+00     1.3816e-01   1.106040e-01   1.464894e+03
   1.063166e-03   1.240625e+00   1.369192e+00   8.643358e+00     1.4354e-01   1.071902e-01   1.172933e+03
   1.081042e-03   1.262128e+00   1.395155e+00   8.640930e+00     1.4606e-01   1.050869e-01   1.053763e+03
   1.098918e-03   1.283238e+00   1.420779e+00   8.632711e+00     1.4865e-01   1.033244e-01   9.491000e+02
   1.116794e-03   1.303954e+00   1.445957e+00   8.630085e+00     1.5109e-01   1.012213e-01   8.569273e+02
   1.134669e-03   1.324278e+00   1.470809e+00   8.620928e+00     1.5361e-01   9.949850e-02   7.755323e+02
   1.152545e-03   1.344209e+00   1.495254e+00   8.611708e+00     1.5609e-01   9.777398e-02   7.034690e+02
   1.170421e-03   1.363748e+00   1.519310e+00   8.603133e+00     1.5852e-01   9.601175e-02   6.395070e+02
   1.188297e-03   1.382898e+00   1.542904e+00   8.600071e+00     1.6080e-01   9.395130e-02   5.826003e+02
   1.241924e-03   1.438032e+00   1.611465e+00   8.570559e+00     1.6779e-01   8.893552e-02   4.458488e+02
   1.259800e-03   1.455646e+00   1.633513e+00   8.560723e+00     1.7004e-01   8.728376e-02   4.093689e+02
   1.277675e-03   1.472885e+00   1.655160e+00   8.550708e+00     1.7225e-01   8.565477e-02   3.765531e+02
   1.313427e-03   1.506248e+00   1.697273e+00   8.530325e+00     1.7658e-01   8.246163e-02   3.202621e+02
   1.349178e-03   1.538153e+00   1.737855e+00   8.502863e+00     1.8090e-01   7.967185e-02   2.741843e+02
   1.367054e-03   1.553568e+00   1.757554e+00   8.492849e+00     1.8293e-01   7.812795e-02   2.542908e+02
   1.384930e-03   1.568632e+00   1.776822e+00   8.481669e+00     1.8494e-01   7.665881e-02   2.361959e+02
   1.402806e-03   1.583349e+00   1.795737e+00   8.470916e+00     1.8692e-01   7.519170e-02   2.197090e+02
   1.420681e-03   1.597723e+00   1.814244e+00   8.460315e+00     1.8885e-01   7.374034e-02   2.046630e+02
   1.438557e-03   1.611760e+00   1.832385e+00   8.450003e+00     1.9074e-01   7.229990e-02   1.909103e+02
   1.456433e-03   1.625464e+00   1.850223e+00   8.432151e+00     1.9277e-01   7.120115e-02   1.783204e+02
   1.474309e-03   1.638841e+00   1.867612e+00   8.420896e+00     1.9462e-01   6.984301e-02   1.667783e+02
   1.492184e-03   1.651895e+00   1.884626e+00   8.410205e+00     1.9642e-01   6.848550e-02   1.561810e+02
   1.510060e-03   1.664632e+00   1.901358e+00   8.392650e+00     1.9834e-01   6.742766e-02   1.464374e+02
   1.563687e-03   1.700988e+00   1.949236e+00   8.352437e+00     2.0365e-01   6.387500e-02   1.215623e+02
   1.599439e-03   1.723734e+00   1.979429e+00   8.323257e+00     2.0710e-01   6.170239e-02   1.079758e+02
   1.635190e-03   1.745332e+00   2.008192e+00   8.300378e+00     2.1027e-01   5.938524e-02   9.631324e+01
   1.653066e-03   1.755715e+00   2.022155e+00   8.282436e+00     2.1198e-01   5.849154e-02   9.110080e+01
   1.670942e-03   1.765826e+00   2.035703e+00   8.270770e+00     2.1350e-01   5.739648e-02   8.625492e+01
   1.688818e-03   1.775671e+00   2.048946e+00   8.260006e+00     2.1497e-01   5.629386e-02   8.174453e+01
   1.706693e-03   1.785255e+00   2.061940e+00   8.241246e+00     2.1662e-01   5.548374e-02   7.754199e+01
   1.742445e-03   1.803660e+00   2.086936e+00   8.211678e+00     2.1965e-01   5.365029e-02   6.996269e+01
   1.760321e-03   1.812491e+00   2.098922e+00   8.200215e+00     2.2103e-01   5.265552e-02   6.654258e+01
   1.778196e-03   1.821080e+00   2.110694e+00   8.182019e+00     2.2257e-01   5.189588e-02   6.334301e+01
   1.796072e-03   1.829433e+00   2.122074e+00   8.170364e+00     2.2391e-01   5.094761e-02   6.034719e+01
   1.813948e-03   1.837554e+00   2.133280e+00   8.152268e+00     2.2540e-01   5.021850e-02   5.753927e+01
   1.849699e-03   1.853119e+00   2.154755e+00   8.122498e+00     2.2815e-01   4.861362e-02   5.243227e+01
   1.867575e-03   1.860572e+00   2.165003e+00   8.110501e+00     2.2940e-01   4.775247e-02   5.010843e+01
   1.885451e-03   1.867811e+00   2.175076e+00   8.092451e+00     2.3081e-01   4.708657e-02   4.792267e+01
   1.903327e-03   1.874842e+00   2.184798e+00   8.080664e+00     2.3202e-01   4.625565e-02   4.586541e+01
   1.921202e-03   1.881668e+00   2.194388e+00   8.062737e+00     2.3338e-01   4.561708e-02   4.392721e+01
   1.939078e-03   1.888294e+00   2.203584e+00   8.050679e+00     2.3455e-01   4.482901e-02   4.210009e+01
   1.956954e-03   1.894723e+00   2.212623e+00   8.032966e+00     2.3587e-01   4.421434e-02   4.037597e+01
   1.974830e-03   1.900960e+00   2.221310e+00   8.020649e+00     2.3701e-01   4.346709e-02   3.874822e+01
   1.992705e-03   1.907010e+00   2.229910e+00   8.003019e+00     2.3829e-01   4.287905e-02   3.720989e+01
   2.010581e-03   1.912875e+00   2.238109e+00   7.990709e+00     2.3939e-01   4.216384e-02   3.575543e+01
   2.046333e-03   1.924071e+00   2.253929e+00   7.960879e+00     2.4169e-01   4.091654e-02   3.307556e+01
   2.064208e-03   1.929409e+00   2.261482e+00   7.950005e+00     2.4269e-01   4.021192e-02   3.184046e+01
   2.099960e-03   1.939582e+00   2.275946e+00   7.920021e+00     2.4490e-01   3.905498e-02   2.955804e+01
   2.117836e-03   1.944426e+00   2.282922e+00   7.901176e+00     2.4609e-01   3.859037e-02   2.850293e+01
   2.135711e-03   1.949112e+00   2.289595e+00   7.890040e+00     2.4703e-01   3.795074e-02   2.750055e+01
   2.153587e-03   1.953644e+00   2.296118e+00   7.871257e+00     2.4820e-01   3.750793e-02   2.654762e+01
   2.171463e-03   1.958025e+00   2.302370e+00   7.860132e+00     2.4911e-01   3.689535e-02   2.564121e+01
   2.189339e-03   1.962259e+00   2.308542e+00   7.841394e+00     2.5024e-01   3.647380e-02   2.477848e+01
   2.207214e-03   1.966349e+00   2.314375e+00   7.830214e+00     2.5112e-01   3.588861e-02   2.395691e+01
   2.242966e-03   1.974110e+00   2.325617e+00   7.800343e+00     2.5308e-01   3.492713e-02   2.242765e+01
   2.260842e-03   1.977787e+00   2.331021e+00   7.782260e+00     2.5414e-01   3.453283e-02   2.171561e+01
   2.278717e-03   1.981333e+00   2.336110e+00   7.770598e+00     2.5498e-01   3.400721e-02   2.103609e+01
   2.296593e-03   1.984750e+00   2.341183e+00   7.752959e+00     2.5600e-01   3.362313e-02   2.038708e+01
   2.314469e-03   1.988042e+00   2.345928e+00   7.740804e+00     2.5683e-01   3.313081e-02   1.976712e+01
   2.350220e-03   1.994260e+00   2.355023e+00   7.711297e+00     2.5862e-01   3.228885e-02   1.860757e+01
   2.368096e-03   1.997192e+00   2.359293e+00   7.700200e+00     2.5937e-01   3.180701e-02   1.806518e+01
   2.385972e-03   2.000010e+00   2.363501e+00   7.681997e+00     2.6035e-01   3.148160e-02   1.754589e+01
   2.403848e-03   2.002716e+00   2.367419e+00   7.670429e+00     2.6110e-01   3.102972e-02   1.704859e+01
   2.421723e-03   2.005312e+00   2.371347e+00   7.652738e+00     2.6204e-01   3.071082e-02   1.657198e+01
   2.439599e-03   2.007802e+00   2.374982e+00   7.641050e+00     2.6277e-01   3.028066e-02   1.611517e+01
   2.457475e-03   2.010187e+00   2.378452e+00   7.630121e+00     2.6345e-01   2.984560e-02   1.567702e+01
   2.475351e-03   2.012471e+00   2.381908e+00   7.611917e+00     2.6438e-01   2.956148e-02   1.525657e+01
   2.493226e-03   2.014655e+00   2.385101e+00   7.600452e+00     2.6507e-01   2.915497e-02   1.485303e+01
   2.511102e-03   2.016742e+00   2.388301e+00   7.583048e+00     2.6595e-01   2.887052e-02   1.446541e+01
   2.528978e-03   2.018734e+00   2.391206e+00   7.571236e+00     2.6663e-01   2.848787e-02   1.409311e+01
   2.546854e-03   2.020634e+00   2.393988e+00   7.560192e+00     2.6727e-01   2.809971e-02   1.373526e+01
   2.564729e-03   2.022442e+00   2.396807e+00   7.542344e+00     2.6815e-01   2.784568e-02   1.339114e+01
   2.582605e-03   2.024163e+00   2.399308e+00   7.530786e+00     2.6879e-01   2.748313e-02   1.306019e+01
   2.600481e-03   2.025797e+00   2.401722e+00   7.520087e+00     2.6938e-01   2.711339e-02   1.274171e+01
   2.618357e-03   2.027346e+00   2.404127e+00   7.501947e+00     2.7024e-01   2.688501e-02   1.243510e+01
   2.636232e-03   2.028814e+00   2.406291e+00   7.490671e+00     2.7085e-01   2.654074e-02   1.213989e+01
   2.654108e-03   2.030200e+00   2.408355e+00   7.480053e+00     2.7142e-01   2.619278e-02   1.185548e+01
   2.671984e-03   2.031509e+00   2.410407e+00   7.462028e+00     2.7225e-01   2.598126e-02   1.158137e+01
   2.689860e-03   2.032741e+00   2.412205e+00   7.450659e+00     2.7283e-01   2.566048e-02   1.131716e+01
   2.707735e-03   2.033897e+00   2.413928e+00   7.440074e+00     2.7337e-01   2.533362e-02   1.106234e+01
   2.725611e-03   2.034981e+00   2.415677e+00   7.422094e+00     2.7418e-01   2.513897e-02   1.081650e+01
   2.743487e-03   2.035994e+00   2.417150e+00   7.410768e+00     2.7473e-01   2.483784e-02   1.057929e+01
   2.761363e-03   2.036936e+00   2.418549e+00   7.400131e+00     2.7526e-01   2.453206e-02   1.035029e+01
   2.779238e-03   2.037811e+00   2.419980e+00   7.382548e+00     2.7603e-01   2.434729e-02   1.012911e+01
   2.797114e-03   2.038620e+00   2.421171e+00   7.371253e+00     2.7656e-01   2.406471e-02   9.915509e+00
   2.832866e-03   2.040044e+00   2.423284e+00   7.350004e+00     2.7756e-01   2.349695e-02   9.509571e+00
   2.850741e-03   2.040662e+00   2.424323e+00   7.332037e+00     2.7832e-01   2.333903e-02   9.316633e+00
   2.868617e-03   2.041221e+00   2.425123e+00   7.320880e+00     2.7882e-01   2.307801e-02   9.130063e+00
   2.886493e-03   2.041720e+00   2.425860e+00   7.310274e+00     2.7929e-01   2.281422e-02   8.949552e+00
   2.904369e-03   2.042163e+00   2.426668e+00   7.292866e+00     2.8002e-01   2.266158e-02   8.774822e+00
   2.922244e-03   2.042549e+00   2.427214e+00   7.281799e+00     2.8050e-01   2.241549e-02   8.605736e+00
   2.940120e-03   2.042881e+00   2.427694e+00   7.270970e+00     2.8096e-01   2.217123e-02   8.442000e+00
   2.957996e-03   2.043159e+00   2.428089e+00   7.260303e+00     2.8142e-01   2.192993e-02   8.283404e+00
   2.975872e-03   2.043385e+00   2.428417e+00   7.250036e+00     2.8184e-01   2.168797e-02   8.129747e+00
   2.993747e-03   2.043561e+00   2.428790e+00   7.232144e+00     2.8257e-01   2.156461e-02   7.980818e+00
   3.011623e-03   2.043687e+00   2.428963e+00   7.221359e+00     2.8301e-01   2.133978e-02   7.836484e+00
   3.029499e-03   2.043765e+00   2.429052e+00   7.210563e+00     2.8344e-01   2.112007e-02   7.696533e+00
   3.047375e-03   2.043796e+00   2.429072e+00   7.200219e+00     2.8385e-01   2.089861e-02   7.560795e+00
   3.065251e-03   2.043780e+00   2.429043e+00   7.190011e+00     2.8425e-01   2.068005e-02   7.429114e+00
   3.083126e-03   2.043720e+00   2.429054e+00   7.172166e+00     2.8495e-01   2.057539e-02   7.301319e+00
   3.101002e-03   2.043616e+00   2.428861e+00   7.161496e+00     2.8536e-01   2.037188e-02   7.177313e+00
   3.118878e-03   2.043470e+00   2.428597e+00   7.150829e+00     2.8577e-01   2.017276e-02   7.056921e+00
   3.136754e-03   2.043281e+00   2.428283e+00   7.140439e+00     2.8616e-01   1.997413e-02   6.940012e+00
   3.154629e-03   2.043053e+00   2.427911e+00   7.130092e+00     2.8654e-01   1.977921e-02   6.826460e+00
   3.172505e-03   2.042784e+00   2.427642e+00   7.113034e+00     2.8719e-01   1.968099e-02   6.716109e+00
   3.190381e-03   2.042477e+00   2.427130e+00   7.102310e+00     2.8758e-01   1.949891e-02   6.608927e+00
   3.208257e-03   2.042133e+00   2.426554e+00   7.091435e+00     2.8797e-01   1.932285e-02   6.504751e+00
   3.226132e-03   2.041752e+00   2.425949e+00   7.081127e+00     2.8834e-01   1.914296e-02   6.403468e+00
   3.244008e-03   2.041335e+00   2.425279e+00   7.070681e+00     2.8870e-01   1.896881e-02   6.304985e+00
   3.261884e-03   2.040883e+00   2.424561e+00   7.060417e+00     2.8906e-01   1.879600e-02   6.209201e+00
   3.279760e-03   2.040397e+00   2.423789e+00   7.050176e+00     2.8941e-01   1.862661e-02   6.116026e+00
   3.315511e-03   2.039327e+00   2.422098e+00   7.030002e+00     2.9009e-01   1.829471e-02   5.937142e+00
   3.333387e-03   2.038744e+00   2.421289e+00   7.012384e+00     2.9073e-01   1.823159e-02   5.851246e+00
   3.351263e-03   2.038130e+00   2.420309e+00   7.002044e+00     2.9108e-01   1.807697e-02   5.767647e+00
   3.369138e-03   2.037487e+00   2.419277e+00   6.991611e+00     2.9142e-01   1.792688e-02   5.686242e+00
   3.387014e-03   2.036815e+00   2.418200e+00   6.981254e+00     2.9175e-01   1.777907e-02   5.606958e+00
   3.404890e-03   2.036114e+00   2.417085e+00   6.971077e+00     2.9208e-01   1.763217e-02   5.529723e+00
   3.422766e-03   2.035386e+00   2.415924e+00   6.960859e+00     2.9240e-01   1.748895e-02   5.454474e+00
   3.440641e-03   2.034630e+00   2.414717e+00   6.950580e+00     2.9273e-01   1.734956e-02   5.381146e+00
   3.458517e-03   2.033849e+00   2.413477e+00   6.940506e+00     2.9304e-01   1.721063e-02   5.309675e+00
   3.476393e-03   2.033042e+00   2.412194e+00   6.930391e+00     2.9335e-01   1.707521e-02   5.240004e+00
   3.494269e-03   2.032210e+00   2.410875e+00   6.920346e+00     2.9366e-01   1.694182e-02   5.172074e+00
   3.512144e-03   2.031354e+00   2.409511e+00   6.910196e+00     2.9396e-01   1.681257e-02   5.105832e+00
   3.530020e-03   2.030474e+00   2.408113e+00   6.900124e+00     2.9427e-01   1.668516e-02   5.041224e+00
   3.547896e-03   2.029572e+00   2.406683e+00   6.890138e+00     2.9456e-01   1.655946e-02   4.978200e+00
   3.565772e-03   2.028647e+00   2.405217e+00   6.880131e+00     2.9486e-01   1.643669e-02   4.916710e+00
   3.583647e-03   2.027700e+00   2.403714e+00   6.870101e+00     2.9515e-01   1.631685e-02   4.856707e+00
   3.601523e-03   2.026732e+00   2.402177e+00   6.860071e+00     2.9544e-01   1.619958e-02   4.798147e+00
   3.619399e-03   2.025744e+00   2.400610e+00   6.850091e+00     2.9573e-01   1.608425e-02   4.740985e+00
   3.655150e-03   2.023708e+00   2.397373e+00   6.830103e+00     2.9629e-01   1.586134e-02   4.630691e+00
   3.673026e-03   2.022661e+00   2.395704e+00   6.820106e+00     2.9657e-01   1.575352e-02   4.577479e+00
   3.690902e-03   2.021596e+00   2.394006e+00   6.810176e+00     2.9685e-01   1.564727e-02   4.525506e+00
   3.708778e-03   2.020513e+00   2.392272e+00   6.800190e+00     2.9713e-01   1.554395e-02   4.474737e+00
   3.726653e-03   2.019412e+00   2.390509e+00   6.790238e+00     2.9740e-01   1.544250e-02   4.425136e+00
   3.744529e-03   2.018295e+00   2.388719e+00   6.780316e+00     2.9767e-01   1.534293e-02   4.376669e+00
   3.762405e-03   2.017161e+00   2.386915e+00   6.770426e+00     2.9794e-01   1.524516e-02   4.329304e+00
   3.780281e-03   2.016011e+00   2.385076e+00   6.760509e+00     2.9820e-01   1.514984e-02   4.283010e+00
   3.798156e-03   2.014846e+00   2.383210e+00   6.750698e+00     2.9846e-01   1.505541e-02   4.237756e+00
   3.816032e-03   2.013665e+00   2.381323e+00   6.740837e+00     2.9873e-01   1.496362e-02   4.193513e+00
   3.833908e-03   2.012470e+00   2.379418e+00   6.730948e+00     2.9899e-01   1.487414e-02   4.150253e+00
   3.851784e-03   2.011261e+00   2.377508e+00   6.721342e+00     2.9923e-01   1.478352e-02   4.107947e+00
   3.869659e-03   2.010038e+00   2.375559e+00   6.711422e+00     2.9950e-01   1.469833e-02   4.066572e+00
   3.887535e-03   2.008801e+00   2.373599e+00   6.701949e+00     2.9973e-01   1.461016e-02   4.026097e+00
   3.905411e-03   2.007552e+00   2.371598e+00   6.692314e+00     2.9998e-01   1.452565e-02   3.986502e+00
   3.923287e-03   2.006290e+00   2.369578e+00   6.682893e+00     3.0021e-01   1.444068e-02   3.947758e+00
   3.941162e-03   2.005015e+00   2.367383e+00   6.680020e+00     3.0015e-01   1.428744e-02   3.909879e+00
   3.959038e-03   2.003729e+00   2.365308e+00   6.670134e+00     3.0040e-01   1.421141e-02   3.872786e+00
   3.994790e-03   2.001123e+00   2.361159e+00   6.650582e+00     3.0089e-01   1.406220e-02   3.800946e+00
   4.012665e-03   1.999803e+00   2.359052e+00   6.640807e+00     3.0114e-01   1.399014e-02   3.766158e+00
   4.048417e-03   1.997133e+00   2.354768e+00   6.621863e+00     3.0160e-01   1.384458e-02   3.698742e+00
   4.066293e-03   1.995783e+00   2.352619e+00   6.612509e+00     3.0182e-01   1.377300e-02   3.666077e+00
   4.084168e-03   1.994424e+00   2.350285e+00   6.610027e+00     3.0173e-01   1.363204e-02   3.634111e+00
   4.102044e-03   1.993056e+00   2.348102e+00   6.600161e+00     3.0197e-01   1.356918e-02   3.602783e+00
   4.119920e-03   1.991678e+00   2.345896e+00   6.590351e+00     3.0221e-01   1.350727e-02   3.572096e+00
   4.137796e-03   1.990292e+00   2.343662e+00   6.580749e+00     3.0244e-01   1.344470e-02   3.542032e+00
   4.155671e-03   1.988898e+00   2.341417e+00   6.571310e+00     3.0266e-01   1.338196e-02   3.512575e+00
   4.173547e-03   1.987496e+00   2.339178e+00   6.562056e+00     3.0288e-01   1.331878e-02   3.483708e+00
   4.191423e-03   1.986086e+00   2.336926e+00   6.552905e+00     3.0308e-01   1.325600e-02   3.455416e+00
   4.209299e-03   1.984669e+00   2.334524e+00   6.550059e+00     3.0300e-01   1.313139e-02   3.427721e+00
   4.227174e-03   1.983244e+00   2.332218e+00   6.540365e+00     3.0323e-01   1.307713e-02   3.400555e+00
   4.245050e-03   1.981813e+00   2.329909e+00   6.530926e+00     3.0345e-01   1.302165e-02   3.373925e+00
   4.262926e-03   1.980375e+00   2.327601e+00   6.521596e+00     3.0366e-01   1.296643e-02   3.347817e+00
   4.280802e-03   1.978930e+00   2.325302e+00   6.512383e+00     3.0387e-01   1.291137e-02   3.322218e+00
   4.298677e-03   1.977480e+00   2.322850e+00   6.510034e+00     3.0376e-01   1.279007e-02   3.297142e+00
   4.316553e-03   1.976023e+00   2.320474e+00   6.500299e+00     3.0399e-01   1.274295e-02   3.272540e+00
   4.334429e-03   1.974561e+00   2.318122e+00   6.490863e+00     3.0421e-01   1.269414e-02   3.248413e+00
   4.352305e-03   1.973093e+00   2.315775e+00   6.481719e+00     3.0441e-01   1.264370e-02   3.224747e+00
   4.370180e-03   1.971621e+00   2.313437e+00   6.472405e+00     3.0462e-01   1.259615e-02   3.201536e+00
   4.423808e-03   1.967173e+00   2.306114e+00   6.451305e+00     3.0493e-01   1.239487e-02   3.134559e+00
   4.441683e-03   1.965681e+00   2.303758e+00   6.442250e+00     3.0512e-01   1.234970e-02   3.113065e+00
   4.459559e-03   1.964185e+00   2.301187e+00   6.440045e+00     3.0500e-01   1.224045e-02   3.091997e+00
   4.477435e-03   1.962685e+00   2.298751e+00   6.430428e+00     3.0522e-01   1.220306e-02   3.071312e+00
   4.495311e-03   1.961181e+00   2.296342e+00   6.421052e+00     3.0543e-01   1.216445e-02   3.051013e+00
   4.513186e-03   1.959674e+00   2.293960e+00   6.412144e+00     3.0562e-01   1.212249e-02   3.031087e+00
   4.566814e-03   1.955131e+00   2.286498e+00   6.391337e+00     3.0590e-01   1.194772e-02   2.973534e+00
   4.620441e-03   1.950562e+00   2.278980e+00   6.370635e+00     3.0618e-01   1.178219e-02   2.919102e+00
   4.638317e-03   1.949034e+00   2.276558e+00   6.361674e+00     3.0637e-01   1.174819e-02   2.901612e+00
   4.656192e-03   1.947504e+00   2.274079e+00   6.353017e+00     3.0655e-01   1.171233e-02   2.884431e+00
   4.674068e-03   1.945971e+00   2.271444e+00   6.350341e+00     3.0644e-01   1.162269e-02   2.867598e+00
   4.691944e-03   1.944437e+00   2.269012e+00   6.341136e+00     3.0664e-01   1.159390e-02   2.851046e+00
   4.709820e-03   1.942901e+00   2.266532e+00   6.332502e+00     3.0681e-01   1.156079e-02   2.834785e+00
   4.727695e-03   1.941363e+00   2.263885e+00   6.330150e+00     3.0669e-01   1.147164e-02   2.818843e+00
   4.745571e-03   1.939823e+00   2.261448e+00   6.320958e+00     3.0689e-01   1.144555e-02   2.803170e+00
   4.763447e-03   1.938282e+00   2.258950e+00   6.312025e+00     3.0708e-01   1.141799e-02   2.787773e+00
   4.781323e-03   1.936739e+00   2.256309e+00   6.310113e+00     3.0693e-01   1.132816e-02   2.772669e+00
   4.817074e-03   1.933651e+00   2.251355e+00   6.291910e+00     3.0732e-01   1.128061e-02   2.743236e+00
   4.834950e-03   1.932106e+00   2.248714e+00   6.290071e+00     3.0717e-01   1.119333e-02   2.728924e+00
   4.852826e-03   1.930559e+00   2.246242e+00   6.280489e+00     3.0739e-01   1.117600e-02   2.714855e+00
   4.870701e-03   1.929012e+00   2.243738e+00   6.271826e+00     3.0757e-01   1.115130e-02   2.701030e+00
   4.888577e-03   1.927465e+00   2.241109e+00   6.270058e+00     3.0741e-01   1.106645e-02   2.687464e+00
   4.906453e-03   1.925916e+00   2.238637e+00   6.260731e+00     3.0762e-01   1.104931e-02   2.674127e+00
   4.942204e-03   1.922819e+00   2.233506e+00   6.250138e+00     3.0764e-01   1.094660e-02   2.648157e+00
   4.995832e-03   1.918173e+00   2.225900e+00   6.230294e+00     3.0788e-01   1.083364e-02   2.610882e+00
   5.013707e-03   1.916624e+00   2.223369e+00   6.221061e+00     3.0809e-01   1.082033e-02   2.598886e+00
   5.031583e-03   1.915075e+00   2.220894e+00   6.212905e+00     3.0824e-01   1.079836e-02   2.587086e+00
   5.049459e-03   1.913527e+00   2.218269e+00   6.210321e+00     3.0812e-01   1.072902e-02   2.575525e+00
   5.067335e-03   1.911980e+00   2.215760e+00   6.201536e+00     3.0831e-01   1.071404e-02   2.564142e+00
   5.085210e-03   1.910433e+00   2.213165e+00   6.200086e+00     3.0813e-01   1.063669e-02   2.552968e+00
   5.103086e-03   1.908886e+00   2.210649e+00   6.190871e+00     3.0834e-01   1.062685e-02   2.541979e+00
   5.120962e-03   1.907340e+00   2.208158e+00   6.182364e+00     3.0851e-01   1.061160e-02   2.531172e+00
   5.156713e-03   1.904251e+00   2.203048e+00   6.171455e+00     3.0856e-01   1.053108e-02   2.510146e+00
   5.174589e-03   1.902708e+00   2.200463e+00   6.170045e+00     3.0838e-01   1.045764e-02   2.499906e+00
   5.192465e-03   1.901165e+00   2.197935e+00   6.160702e+00     3.0860e-01   1.045227e-02   2.489837e+00
   5.246092e-03   1.896545e+00   2.190373e+00   6.141674e+00     3.0880e-01   1.036394e-02   2.460659e+00
   5.263968e-03   1.895008e+00   2.187798e+00   6.140041e+00     3.0863e-01   1.029632e-02   2.451275e+00
   5.281844e-03   1.893472e+00   2.185276e+00   6.130818e+00     3.0884e-01   1.029312e-02   2.442044e+00
   5.299719e-03   1.891937e+00   2.182734e+00   6.130000e+00     3.0864e-01   1.022022e-02   2.432977e+00
   5.335471e-03   1.888872e+00   2.177765e+00   6.112145e+00     3.0904e-01   1.021189e-02   2.415295e+00
   5.353347e-03   1.887342e+00   2.175177e+00   6.110294e+00     3.0888e-01   1.014975e-02   2.406697e+00
   5.371222e-03   1.885814e+00   2.172701e+00   6.101640e+00     3.0907e-01   1.014481e-02   2.398232e+00
   5.389098e-03   1.884288e+00   2.170146e+00   6.100096e+00     3.0889e-01   1.008157e-02   2.389925e+00
   5.406974e-03   1.882763e+00   2.167653e+00   6.091091e+00     3.0910e-01   1.008069e-02   2.381752e+00
   5.424850e-03   1.881240e+00   2.165126e+00   6.090009e+00     3.0891e-01   1.001506e-02   2.373727e+00
   5.442725e-03   1.879719e+00   2.162618e+00   6.080608e+00     3.0913e-01   1.001857e-02   2.365837e+00
   5.460601e-03   1.878200e+00   2.160232e+00   6.072633e+00     3.0929e-01   1.001088e-02   2.358070e+00
   5.478477e-03   1.876683e+00   2.157602e+00   6.070474e+00     3.0915e-01   9.956049e-03   2.350466e+00
   5.496353e-03   1.875168e+00   2.155212e+00   6.062253e+00     3.0932e-01   9.951510e-03   2.342970e+00
   5.514228e-03   1.873656e+00   2.152613e+00   6.060354e+00     3.0917e-01   9.895852e-03   2.335625e+00
   5.532104e-03   1.872145e+00   2.150207e+00   6.051881e+00     3.0935e-01   9.894467e-03   2.328389e+00
   5.549980e-03   1.870637e+00   2.147637e+00   6.050233e+00     3.0918e-01   9.838028e-03   2.321295e+00
   5.567856e-03   1.869131e+00   2.145210e+00   6.041350e+00     3.0939e-01   9.841050e-03   2.314312e+00
   5.585731e-03   1.867627e+00   2.142676e+00   6.040134e+00     3.0920e-01   9.782348e-03   2.307460e+00
   5.621483e-03   1.864626e+00   2.137733e+00   6.030110e+00     3.0922e-01   9.728317e-03   2.294105e+00
   5.657234e-03   1.861636e+00   2.132803e+00   6.020090e+00     3.0924e-01   9.676453e-03   2.281216e+00
   5.675110e-03   1.860144e+00   2.130375e+00   6.011064e+00     3.0945e-01   9.683605e-03   2.274938e+00
   5.710862e-03   1.857169e+00   2.125470e+00   6.001068e+00     3.0947e-01   9.634649e-03   2.262719e+00
   5.728737e-03   1.855685e+00   2.123139e+00   5.993146e+00     3.0963e-01   9.634343e-03   2.256753e+00
   5.746613e-03   1.854204e+00   2.120585e+00   5.991109e+00     3.0949e-01   9.587477e-03   2.250930e+00
   5.764489e-03   1.852725e+00   2.118105e+00   5.990053e+00     3.0930e-01   9.533388e-03   2.245197e+00
   5.800240e-03   1.849777e+00   2.113240e+00   5.980087e+00     3.0932e-01   9.489407e-03   2.234029e+00
   5.818116e-03   1.848306e+00   2.110880e+00   5.971320e+00     3.0953e-01   9.498175e-03   2.228592e+00
   5.835992e-03   1.846839e+00   2.108390e+00   5.970104e+00     3.0935e-01   9.447520e-03   2.223261e+00
   5.853868e-03   1.845375e+00   2.106059e+00   5.961423e+00     3.0955e-01   9.456478e-03   2.218018e+00
   5.871743e-03   1.843913e+00   2.103556e+00   5.960063e+00     3.0938e-01   9.407997e-03   2.212880e+00
   5.889619e-03   1.842454e+00   2.101255e+00   5.951476e+00     3.0958e-01   9.417085e-03   2.207826e+00
   5.907495e-03   1.840999e+00   2.098756e+00   5.950117e+00     3.0941e-01   9.369599e-03   2.202875e+00
   5.925371e-03   1.839546e+00   2.096478e+00   5.941736e+00     3.0960e-01   9.377912e-03   2.198004e+00
   5.978998e-03   1.835206e+00   2.089218e+00   5.930511e+00     3.0945e-01   9.296028e-03   2.183951e+00
   5.996874e-03   1.833765e+00   2.086972e+00   5.922436e+00     3.0963e-01   9.303580e-03   2.179426e+00
   6.032625e-03   1.830893e+00   2.082239e+00   5.912781e+00     3.0965e-01   9.269101e-03   2.170651e+00
   6.050501e-03   1.829462e+00   2.079787e+00   5.910939e+00     3.0950e-01   9.229233e-03   2.166405e+00
   6.068377e-03   1.828034e+00   2.077369e+00   5.910012e+00     3.0931e-01   9.182739e-03   2.162228e+00
   6.086253e-03   1.826609e+00   2.075116e+00   5.901246e+00     3.0953e-01   9.197654e-03   2.158126e+00
   6.104128e-03   1.825187e+00   2.072686e+00   5.900179e+00     3.0934e-01   9.153144e-03   2.154110e+00
   6.122004e-03   1.823769e+00   2.070465e+00   5.891823e+00     3.0954e-01   9.165636e-03   2.150161e+00
   6.139880e-03   1.822353e+00   2.068018e+00   5.890406e+00     3.0938e-01   9.124713e-03   2.146304e+00
   6.157756e-03   1.820941e+00   2.065817e+00   5.882307e+00     3.0956e-01   9.135960e-03   2.142505e+00
   6.175631e-03   1.819532e+00   2.063389e+00   5.880622e+00     3.0941e-01   9.097971e-03   2.138803e+00
   6.193507e-03   1.818127e+00   2.061182e+00   5.872933e+00     3.0958e-01   9.106775e-03   2.135147e+00
   6.211383e-03   1.816725e+00   2.058810e+00   5.871135e+00     3.0943e-01   9.070507e-03   2.131597e+00
   6.229259e-03   1.815326e+00   2.056423e+00   5.870124e+00     3.0925e-01   9.028614e-03   2.128106e+00
   6.247134e-03   1.813930e+00   2.054230e+00   5.861517e+00     3.0946e-01   9.045602e-03   2.124679e+00
   6.265010e-03   1.812538e+00   2.051834e+00   5.860370e+00     3.0929e-01   9.005554e-03   2.121332e+00
   6.282886e-03   1.811149e+00   2.049664e+00   5.852230e+00     3.0948e-01   9.019648e-03   2.118039e+00
   6.318637e-03   1.808382e+00   2.044964e+00   5.850017e+00     3.0912e-01   8.941005e-03   2.111690e+00
   6.336513e-03   1.807003e+00   2.042802e+00   5.841348e+00     3.0935e-01   8.960159e-03   2.108606e+00
   6.354389e-03   1.805628e+00   2.040430e+00   5.840148e+00     3.0917e-01   8.922530e-03   2.105597e+00
   6.372265e-03   1.804256e+00   2.038302e+00   5.832137e+00     3.0936e-01   8.937326e-03   2.102638e+00
   6.408016e-03   1.801522e+00   2.033799e+00   5.822886e+00     3.0939e-01   8.916227e-03   2.096925e+00
   6.425892e-03   1.800161e+00   2.031520e+00   5.821219e+00     3.0924e-01   8.883675e-03   2.094181e+00
   6.443768e-03   1.798803e+00   2.029185e+00   5.820175e+00     3.0906e-01   8.846760e-03   2.091488e+00
   6.461643e-03   1.797448e+00   2.027064e+00   5.811747e+00     3.0928e-01   8.866380e-03   2.088846e+00
   6.479519e-03   1.796097e+00   2.024773e+00   5.810592e+00     3.0911e-01   8.831012e-03   2.086278e+00
   6.515271e-03   1.793405e+00   2.020394e+00   5.801307e+00     3.0914e-01   8.814341e-03   2.081303e+00
   6.551022e-03   1.790728e+00   2.016004e+00   5.792230e+00     3.0916e-01   8.797394e-03   2.076557e+00
   6.568898e-03   1.789394e+00   2.013754e+00   5.790783e+00     3.0901e-01   8.766032e-03   2.074283e+00
   6.586774e-03   1.788064e+00   2.011493e+00   5.790058e+00     3.0882e-01   8.729595e-03   2.072057e+00
   6.622525e-03   1.785415e+00   2.007164e+00   5.780462e+00     3.0887e-01   8.719186e-03   2.067768e+00
   6.640401e-03   1.784095e+00   2.005076e+00   5.772575e+00     3.0906e-01   8.737738e-03   2.065690e+00
   6.676152e-03   1.781467e+00   2.000639e+00   5.770252e+00     3.0873e-01   8.674414e-03   2.061739e+00
   6.694028e-03   1.780158e+00   1.998598e+00   5.762306e+00     3.0893e-01   8.694265e-03   2.059823e+00
   6.711904e-03   1.778853e+00   1.996400e+00   5.760738e+00     3.0879e-01   8.666478e-03   2.057981e+00
   6.729780e-03   1.777552e+00   1.994180e+00   5.760035e+00     3.0860e-01   8.632529e-03   2.056181e+00
   6.747655e-03   1.776254e+00   1.992166e+00   5.751920e+00     3.0881e-01   8.654494e-03   2.054422e+00
   6.765531e-03   1.774959e+00   1.989977e+00   5.750645e+00     3.0865e-01   8.625455e-03   2.052729e+00
   6.783407e-03   1.773668e+00   1.987794e+00   5.750043e+00     3.0846e-01   8.591720e-03   2.051079e+00
   6.801283e-03   1.772381e+00   1.985777e+00   5.741418e+00     3.0870e-01   8.618322e-03   2.049471e+00
   6.819158e-03   1.771097e+00   1.983604e+00   5.740465e+00     3.0853e-01   8.587790e-03   2.047921e+00
   6.837034e-03   1.769817e+00   1.981458e+00   5.740001e+00     3.0833e-01   8.553963e-03   2.046416e+00
   6.854910e-03   1.768541e+00   1.979453e+00   5.731197e+00     3.0858e-01   8.582685e-03   2.044953e+00
   6.872786e-03   1.767268e+00   1.977292e+00   5.730345e+00     3.0841e-01   8.552307e-03   2.043544e+00
   6.890661e-03   1.765998e+00   1.975289e+00   5.722525e+00     3.0860e-01   8.574225e-03   2.042164e+00
   6.908537e-03   1.764733e+00   1.973193e+00   5.721234e+00     3.0845e-01   8.547701e-03   2.040854e+00
   6.926413e-03   1.763471e+00   1.971044e+00   5.720351e+00     3.0828e-01   8.518444e-03   2.039583e+00
   6.944289e-03   1.762212e+00   1.969061e+00   5.712449e+00     3.0849e-01   8.541753e-03   2.038339e+00
   6.962164e-03   1.760957e+00   1.966977e+00   5.711053e+00     3.0834e-01   8.516875e-03   2.037164e+00
   6.980040e-03   1.759706e+00   1.964849e+00   5.710259e+00     3.0817e-01   8.487809e-03   2.036025e+00
   6.997916e-03   1.758458e+00   1.962900e+00   5.702705e+00     3.0836e-01   8.509264e-03   2.034910e+00
   7.015792e-03   1.757214e+00   1.960823e+00   5.701047e+00     3.0823e-01   8.487188e-03   2.033868e+00
   7.033667e-03   1.755973e+00   1.958715e+00   5.700243e+00     3.0805e-01   8.459033e-03   2.032857e+00
   7.051543e-03   1.754736e+00   1.956781e+00   5.692691e+00     3.0824e-01   8.481220e-03   2.031870e+00
   7.069419e-03   1.753503e+00   1.954733e+00   5.691247e+00     3.0811e-01   8.458357e-03   2.030952e+00
   7.087295e-03   1.752273e+00   1.952646e+00   5.690348e+00     3.0794e-01   8.431723e-03   2.030067e+00
   7.105170e-03   1.751047e+00   1.950716e+00   5.682695e+00     3.0814e-01   8.455396e-03   2.029203e+00
   7.123046e-03   1.749824e+00   1.948694e+00   5.681397e+00     3.0799e-01   8.432241e-03   2.028407e+00
   7.140922e-03   1.748605e+00   1.946633e+00   5.680410e+00     3.0783e-01   8.407045e-03   2.027644e+00
   7.158798e-03   1.747390e+00   1.944595e+00   5.680012e+00     3.0764e-01   8.377799e-03   2.026916e+00
   7.194549e-03   1.744970e+00   1.940681e+00   5.670580e+00     3.0772e-01   8.383822e-03   2.025576e+00
   7.212425e-03   1.743765e+00   1.938777e+00   5.663096e+00     3.0792e-01   8.407653e-03   2.024943e+00
   7.248176e-03   1.741367e+00   1.934776e+00   5.660625e+00     3.0763e-01   8.363720e-03   2.023853e+00
   7.266052e-03   1.740173e+00   1.932751e+00   5.660120e+00     3.0744e-01   8.336761e-03   2.023355e+00
   7.283928e-03   1.738983e+00   1.930892e+00   5.651962e+00     3.0768e-01   8.366466e-03   2.022884e+00
   7.301804e-03   1.737796e+00   1.928935e+00   5.651007e+00     3.0752e-01   8.343276e-03   2.022464e+00
   7.319679e-03   1.736613e+00   1.926925e+00   5.650189e+00     3.0735e-01   8.319338e-03   2.022077e+00
   7.337555e-03   1.735433e+00   1.925084e+00   5.642649e+00     3.0756e-01   8.345142e-03   2.021707e+00
   7.355431e-03   1.734257e+00   1.923134e+00   5.641249e+00     3.0742e-01   8.325965e-03   2.021401e+00
   7.391182e-03   1.731916e+00   1.919332e+00   5.632988e+00     3.0746e-01   8.328470e-03   2.020853e+00
   7.409058e-03   1.730750e+00   1.917398e+00   5.631893e+00     3.0731e-01   8.307733e-03   2.020650e+00
   7.426934e-03   1.729588e+00   1.915455e+00   5.630582e+00     3.0718e-01   8.288816e-03   2.020478e+00
   7.444810e-03   1.728430e+00   1.913497e+00   5.630107e+00     3.0700e-01   8.263990e-03   2.020333e+00
   7.498437e-03   1.724976e+00   1.907879e+00   5.620473e+00     3.0691e-01   8.251142e-03   2.020094e+00
   7.552064e-03   1.721555e+00   1.902300e+00   5.610758e+00     3.0683e-01   8.240824e-03   2.020147e+00
   7.569940e-03   1.720421e+00   1.900380e+00   5.610122e+00     3.0666e-01   8.218726e-03   2.020231e+00
   7.605691e-03   1.718164e+00   1.896761e+00   5.601250e+00     3.0675e-01   8.230867e-03   2.020485e+00
   7.659319e-03   1.714805e+00   1.891276e+00   5.592135e+00     3.0665e-01   8.219863e-03   2.021097e+00
   7.695070e-03   1.712584e+00   1.887579e+00   5.590310e+00     3.0635e-01   8.182408e-03   2.021670e+00
   7.712946e-03   1.711478e+00   1.885728e+00   5.590024e+00     3.0617e-01   8.159432e-03   2.021997e+00
   7.748697e-03   1.709277e+00   1.882205e+00   5.580743e+00     3.0628e-01   8.177718e-03   2.022734e+00
   7.784449e-03   1.707090e+00   1.878554e+00   5.580014e+00     3.0593e-01   8.134291e-03   2.023591e+00
   7.802325e-03   1.706001e+00   1.876874e+00   5.571764e+00     3.0619e-01   8.170463e-03   2.024053e+00
   7.820200e-03   1.704917e+00   1.875079e+00   5.570795e+00     3.0605e-01   8.153631e-03   2.024557e+00
   7.838076e-03   1.703835e+00   1.873254e+00   5.570149e+00     3.0589e-01   8.134633e-03   2.025085e+00
   7.855952e-03   1.702757e+00   1.871473e+00   5.570002e+00     3.0570e-01   8.112220e-03   2.025638e+00
   7.891703e-03   1.700611e+00   1.868047e+00   5.560866e+00     3.0582e-01   8.132429e-03   2.026825e+00
   7.909579e-03   1.699543e+00   1.866245e+00   5.560242e+00     3.0566e-01   8.114026e-03   2.027462e+00
   7.945331e-03   1.697417e+00   1.862845e+00   5.551648e+00     3.0575e-01   8.131397e-03   2.028805e+00
   7.963206e-03   1.696360e+00   1.861101e+00   5.550793e+00     3.0561e-01   8.115217e-03   2.029525e+00
   7.981082e-03   1.695305e+00   1.859327e+00   5.550196e+00     3.0545e-01   8.097346e-03   2.030267e+00
   7.998958e-03   1.694254e+00   1.857587e+00   5.550015e+00     3.0527e-01   8.076641e-03   2.031034e+00
   8.016834e-03   1.693207e+00   1.855977e+00   5.541874e+00     3.0553e-01   8.114143e-03   2.031817e+00
   8.034709e-03   1.692163e+00   1.854257e+00   5.540951e+00     3.0539e-01   8.099174e-03   2.032641e+00
   8.052585e-03   1.691122e+00   1.852516e+00   5.540382e+00     3.0524e-01   8.081799e-03   2.033486e+00
   8.070461e-03   1.690084e+00   1.850781e+00   5.540019e+00     3.0507e-01   8.063121e-03   2.034354e+00
   8.088337e-03   1.689050e+00   1.849199e+00   5.532167e+00     3.0531e-01   8.099202e-03   2.035235e+00
   8.106212e-03   1.688019e+00   1.847507e+00   5.531240e+00     3.0518e-01   8.084956e-03   2.036160e+00
   8.195591e-03   1.682915e+00   1.839160e+00   5.520589e+00     3.0484e-01   8.060124e-03   2.041113e+00
   8.213467e-03   1.681904e+00   1.837465e+00   5.520188e+00     3.0468e-01   8.043040e-03   2.042175e+00
   8.231343e-03   1.680896e+00   1.835920e+00   5.512812e+00     3.0491e-01   8.076980e-03   2.043241e+00
   8.249218e-03   1.679891e+00   1.834257e+00   5.511641e+00     3.0479e-01   8.065853e-03   2.044361e+00
   8.267094e-03   1.678890e+00   1.832620e+00   5.510947e+00     3.0465e-01   8.051379e-03   2.045496e+00
   8.284970e-03   1.677892e+00   1.830959e+00   5.510396e+00     3.0450e-01   8.036031e-03   2.046652e+00
   8.320721e-03   1.675906e+00   1.827774e+00   5.502189e+00     3.0459e-01   8.057633e-03   2.049016e+00
   8.338597e-03   1.674918e+00   1.826156e+00   5.501268e+00     3.0446e-01   8.045458e-03   2.050245e+00
   8.410100e-03   1.670997e+00   1.819794e+00   5.492149e+00     3.0425e-01   8.037905e-03   2.055343e+00
   8.427976e-03   1.670025e+00   1.818205e+00   5.491323e+00     3.0412e-01   8.025800e-03   2.056680e+00
   8.463727e-03   1.668091e+00   1.814982e+00   5.490208e+00     3.0383e-01   7.998129e-03   2.059410e+00
   8.553106e-03   1.663310e+00   1.807205e+00   5.480120e+00     3.0352e-01   7.984735e-03   2.066589e+00
   8.570982e-03   1.662363e+00   1.805661e+00   5.480010e+00     3.0335e-01   7.968607e-03   2.068087e+00
   8.606733e-03   1.660479e+00   1.802688e+00   5.471192e+00     3.0349e-01   7.999391e-03   2.071138e+00
   8.624609e-03   1.659541e+00   1.801138e+00   5.470631e+00     3.0335e-01   7.986940e-03   2.072699e+00
   8.642485e-03   1.658607e+00   1.799573e+00   5.470191e+00     3.0321e-01   7.973755e-03   2.074277e+00
   8.660361e-03   1.657676e+00   1.798158e+00   5.462748e+00     3.0345e-01   8.011806e-03   2.075856e+00
   8.696112e-03   1.655822e+00   1.795133e+00   5.461276e+00     3.0319e-01   7.990416e-03   2.079123e+00
   8.713988e-03   1.654900e+00   1.793606e+00   5.460542e+00     3.0307e-01   7.979919e-03   2.080781e+00
   8.731864e-03   1.653982e+00   1.792073e+00   5.460202e+00     3.0292e-01   7.966676e-03   2.082456e+00
   8.749739e-03   1.653066e+00   1.790688e+00   5.452921e+00     3.0315e-01   8.004248e-03   2.084129e+00
   8.767615e-03   1.652153e+00   1.789198e+00   5.452415e+00     3.0301e-01   7.992464e-03   2.085848e+00
   8.803367e-03   1.650337e+00   1.786223e+00   5.450897e+00     3.0276e-01   7.973025e-03   2.089341e+00
   8.821242e-03   1.649433e+00   1.784718e+00   5.450429e+00     3.0262e-01   7.961371e-03   2.091110e+00
   8.839118e-03   1.648532e+00   1.783223e+00   5.450092e+00     3.0248e-01   7.948906e-03   2.092897e+00
   8.856994e-03   1.647635e+00   1.781874e+00   5.442662e+00     3.0273e-01   7.988359e-03   2.094685e+00
   8.874870e-03   1.646740e+00   1.780420e+00   5.441901e+00     3.0260e-01   7.979234e-03   2.096516e+00
   8.892745e-03   1.645848e+00   1.778962e+00   5.441160e+00     3.0248e-01   7.970088e-03   2.098362e+00
   8.910621e-03   1.644960e+00   1.777490e+00   5.440547e+00     3.0235e-01   7.960131e-03   2.100224e+00
   8.928497e-03   1.644074e+00   1.776017e+00   5.440264e+00     3.0220e-01   7.947888e-03   2.102101e+00
   8.946373e-03   1.643191e+00   1.774572e+00   5.440019e+00     3.0206e-01   7.935503e-03   2.103996e+00
   8.964248e-03   1.642312e+00   1.773257e+00   5.432485e+00     3.0231e-01   7.976500e-03   2.105892e+00
   9.000000e-03   1.640561e+00   1.770397e+00   5.431028e+00     3.0207e-01   7.959393e-03   2.109780e+00
