rhoc M Mb R C kl_1 kl_2 kl_3 kl_4
0.000395477386934673 0.254983355872957 0.2626204287066 8.87307659788948 0.0287367468385888 0 0.0759814545930896 0.017042915410408 0.00520962158349271
0.000420100502512563 0.290460424471635 0.299926343125847 8.75111779245363 0.0331912369779902 0 0.0895530877180659 0.0215136444289078 0.0070162136959372
0.000444723618090452 0.326472598232496 0.337976641709659 8.67604008615627 0.0376292173607433 0 0.10119610184824 0.0256037392188238 0.00879656409767402
0.000469346733668342 0.363077938356522 0.376838530933571 8.63039877797638 0.0420696595484148 0 0.110978706365182 0.0292455039841586 0.0104607491195655
0.000493969849246231 0.400417572160678 0.416677669823139 8.60334743398862 0.046542066937664 0 0.119101873734136 0.0324042828471948 0.011969100584001
0.000518592964824121 0.438530394659415 0.457531837939101 8.5891479014663 0.0510563329087104 0 0.125692313261683 0.0350856952668249 0.0132929383985793
0.00054321608040201 0.477242699233802 0.499257978962471 8.5839414645858 0.0555971521011334 0 0.130885390233696 0.0372816715424939 0.0144135483927449
0.0005678391959799 0.516353227558111 0.541618800933763 8.58461333539748 0.0601486878190539 0 0.134813599000938 0.0390136908186361 0.0153286263715683
0.000592462311557789 0.555658378426641 0.584401070070577 8.5889675313597 0.0646944322932697 0 0.137673218836298 0.0403404933331885 0.0160486706685401
0.000617085427135678 0.594996535133138 0.627460554404675 8.59669621330954 0.06921223227732 0 0.139496709315463 0.0412557299424009 0.0165682412499595
0.000641708542713568 0.634274081015699 0.670677967529993 8.60488759856605 0.0737109083355601 0 0.140575948594945 0.0418722308698591 0.0169359479867494
0.000666331658291457 0.673414650079301 0.7139645244129 8.61349375198783 0.0781813593263349 0 0.140931021158813 0.0421910966092787 0.0171590003291407
0.000690954773869347 0.712352587367326 0.757256343045238 8.62265445965503 0.0826140709569644 0 0.140678791676956 0.0422557410655754 0.0172436405997967
0.000715577889447236 0.751030725679819 0.800479235587375 8.63149285296832 0.087010525116932 0 0.139907028503677 0.0420982702015931 0.0172164314769764
0.000740201005025126 0.789387966483484 0.843573355971308 8.64019449544945 0.091362291311756 0 0.138676664615919 0.0417531793957493 0.0170856677561066
0.000764824120603015 0.827358934930742 0.886483902234135 8.645581278986 0.0956973173037799 0 0.137293408888418 0.0413380568404774 0.0169190516486871
0.000789447236180905 0.864884070858567 0.929089467482136 8.65222015105604 0.0999609413259098 0 0.13544158386543 0.0407263722349029 0.016647654722596
0.000814070351758794 0.901909891388735 0.971370412570191 8.65629307869103 0.104191237887837 0 0.133466245352452 0.0400564867611871 0.0163480231735408
0.000838693467336683 0.938388786586438 1.01322774226771 8.66129379477848 0.108342795986455 0 0.131141363894417 0.039247817808722 0.0159714616687111
0.000863316582914573 0.974279017439558 1.0546477766776 8.66300444034356 0.112464333147787 0 0.128831664706252 0.0384413945550292 0.0155967923587632
0.000887939698492462 1.00954647662117 1.0955573133358 8.66392054111469 0.116523053487201 0 0.126368066632787 0.0375718355046975 0.0151904031467904
0.000912562814070352 1.0441631694606 1.13592603841093 8.66392811862552 0.120518447886921 0 0.123799365507693 0.0366574689749144 0.0147616246545017
0.000937185929648241 1.07810552955458 1.17571068575504 8.66305077114101 0.124448714204244 0 0.121148755370237 0.0357128624229873 0.0143166671210249
0.000961809045226131 1.1113540520143 1.21487492144621 8.66158558258149 0.128308384350463 0 0.118420492423058 0.0347364451936379 0.0138570047517511
0.00098643216080402 1.14389295544817 1.25338695813789 8.66003000260389 0.132088798203265 0 0.115603963365489 0.0337265914069344 0.0133811369173411
0.00101105527638191 1.17570986085896 1.29129867749274 8.65275938732514 0.135876869820416 0 0.113088312972168 0.0328405867544706 0.0129701451857455
0.0010356783919598 1.20679542521326 1.32845596576728 8.65001795934835 0.139513632328247 0 0.110216491476097 0.0318143187807289 0.0124879376676694
0.00106030150753769 1.23714255385113 1.36497432874253 8.64145197582626 0.1431637365239 0 0.10767177592362 0.0309220689108505 0.0120748659134248
0.00108492462311558 1.26674641115949 1.4007692988478 8.63279262066684 0.146736573762575 0 0.105093237485191 0.030017432967097 0.0116575110337955
0.00110954773869347 1.2956044863906 1.43582515381482 8.62377085901571 0.150236422972221 0 0.10251425542358 0.0291148550538408 0.0112421878375193
0.00113417085427136 1.32371638231966 1.47014278196399 8.61405788793827 0.153669315848595 0 0.0999572895961376 0.02822180062907 0.0108350265130559
0.00115879396984925 1.35108361332138 1.50372475616023 8.60388077049588 0.157031884722819 0 0.0974326161074975 0.0273487058559581 0.0104351358498341
0.00118341708542714 1.37770941646441 1.53653885266888 8.59310324516368 0.160327343586824 0 0.094942750552203 0.0264896022283258 0.0100454790788832
0.00120804020100503 1.40359857367624 1.56859302235125 8.58197403978066 0.163551948207957 0 0.0924848596175972 0.0256457270862058 0.0096645877312356
0.00123266331658291 1.4287572451766 1.59988617246946 8.57073096474739 0.166701912713545 0 0.0900510298334552 0.0248138137927523 0.00929121865648506
0.0012572864321608 1.45319281088392 1.63047371786945 8.55471966423816 0.169870301765562 0 0.0878936798352123 0.0240903837802697 0.00897017810790101
0.00128190954773869 1.47691370893707 1.66025567173189 8.54195836274029 0.172901066268282 0 0.0855791358936478 0.0233091144193675 0.0086251083178025
0.00130653266331658 1.4999293017299 1.68928145010232 8.53029569958174 0.175835557705631 0 0.0832650280734619 0.0225298066262584 0.00827874910194902
0.00133115577889447 1.522249756443 1.71761649392155 8.51247366302002 0.178825781635716 0 0.0812727757007466 0.0218744244382612 0.00799401522572546
0.00135577889447236 1.54388593907456 1.74511895618937 8.50017136533542 0.181629978116758 0 0.0790523048685914 0.0211357346649219 0.00767088518665689
0.00138040201005025 1.56484931409177 1.77197492145335 8.48169767594333 0.184497181328468 0 0.0771571246077502 0.0205200384164943 0.00740631640093501
0.00140502512562814 1.58515185427477 1.79809044107568 8.46374245066395 0.187287345227574 0 0.075270175752182 0.0199087109658122 0.00714479909258399
0.00142964824120603 1.60480595638376 1.82341186791414 8.45042570490345 0.189908297217802 0 0.0732201238668805 0.0192391742472579 0.00685700828972052
0.00145427135678392 1.62382436505434 1.8480882485957 8.43145469170502 0.192591246045819 0 0.0714553253147496 0.0186760245306291 0.00661921722064843
0.00147889447236181 1.64222010277479 1.87204536047913 8.41275030287192 0.195206091189247 0 0.0697195864951722 0.0181242678469019 0.00638699075059499
0.0015035175879397 1.66000638390065 1.89530417645283 8.3939614497972 0.197761973750875 0 0.0680200196969573 0.0175869341836045 0.0061629163134399
0.00152814070351759 1.67719653074043 1.91779707405161 8.38016830587262 0.200138764464323 0 0.0661660393703 0.0169955118762859 0.00591469960885604
0.00155276381909548 1.69380396286806 1.9397044130482 8.3605666479255 0.202594397508732 0 0.0645852873142222 0.0165033800676194 0.00571186188366475
0.00157738693467337 1.70984215721628 1.96095226479207 8.34100785855268 0.204992272661996 0 0.0630426456237698 0.0160257051002144 0.00551591770189338
0.00160201005025126 1.72532460715643 1.98150598236622 8.32116433294263 0.207341729849758 0 0.0615400970467134 0.0155630736495928 0.00532870548086544
0.00162663316582915 1.74026478653843 2.00146489696341 8.30174368096668 0.209626417463155 0 0.0600789286886337 0.015115832780051 0.00514600864089577
0.00165125628140704 1.75467611659562 2.02075543950229 8.28210947352582 0.211863429504829 0 0.0586591847311146 0.0146837109176599 0.00497137369823473
0.00167587939698492 1.76857193708349 2.03945101665563 8.26225670708478 0.214054343720277 0 0.057281211330689 0.0142668119763957 0.00480456883152162
0.00170050251256281 1.7819654803965 2.05751100371625 8.2422395308669 0.216199186364713 0 0.0559431720437037 0.0138647215154913 0.00464505320968447
0.0017251256281407 1.79486984878663 2.07500916815561 8.2224973938477 0.218287676214966 0 0.0546460444610225 0.013477114580215 0.00449041351010747
0.00174974874371859 1.80729799404991 2.09188591861078 8.20247242948624 0.220335759685462 0 0.0533880499632825 0.0131032243129891 0.0043432671957549
0.00177437185929648 1.81926270000158 2.10823415367018 8.18245079990334 0.22233713889524 0 0.0521681816621456 0.0127433117232225 0.0042019791732399
0.00179899497487437 1.83077656404241 2.12397573764595 8.16230451919431 0.22429652798878 0 0.0509859540963804 0.0123962972199382 0.00406694142202346
0.00182361809045226 1.84185197614592 2.13919283882555 8.14218122175613 0.226211125247918 0 0.049839798324931 0.0120618070553713 0.00393727254465109
0.00184824120603015 1.8525011154784 2.1538832927037 8.12199542219398 0.22808448160612 0 0.0487288569509383 0.0117396436599158 0.00381315621965707
0.00187286432160804 1.86273594290651 2.16802170398014 8.10181709923377 0.229915822597709 0 0.0476517451875011 0.0114289115413589 0.0036940954109476
0.00189748743718593 1.8725681935323 2.1816708630283 8.08166251316878 0.231705814302566 0 0.0466081432840831 0.0111300696322328 0.00357984230320522
0.00192211055276382 1.88200937080243 2.1948216619659 8.06124865353337 0.233463753779326 0 0.0455962570715717 0.010841505351278 0.00347132139489273
0.00194673366834171 1.8910707413851 2.2074667646692 8.04123855156852 0.235171575778737 0 0.0446153685174405 0.0105635144517726 0.00336576579927547
0.0019713567839196 1.8997633316338 2.21964319863148 8.02105434902372 0.236847083808257 0 0.0436648274670357 0.0102953716286815 0.00326524894453286
0.00199597989949749 1.90809792529939 2.23138250126379 8.00088563059895 0.238485839367828 0 0.042743442531802 0.0100373615161127 0.00316886788062242
0.00202060301507538 1.91608506107127 2.24263243087777 7.9807476913076 0.240088414667991 0 0.0418504920209282 0.00978856732893726 0.00307640535676304
0.00204522613065327 1.92373503291536 2.25343914562618 7.9606002040951 0.24165703384096 0 0.0409851055381344 0.00954861166799879 0.00298784365251506
0.00206984924623116 1.93105788897195 2.26382967717694 7.94049430981427 0.243191143224573 0 0.0401465503757155 0.00931752928119087 0.00290285267547511
0.00209447236180904 1.93806343254834 2.27381897139201 7.92039396325474 0.244692807143135 0 0.0393340016453153 0.00909479687291097 0.00282140508262489
0.00211909547738693 1.94476122345062 2.2833694158942 7.90029057501558 0.246163252475911 0 0.0385467786471741 0.00888016275920368 0.00274338081811022
0.00214371859296482 1.95116057915033 2.29251679112597 7.88024298250794 0.247601575672399 0 0.0377841454501339 0.00867330061737012 0.00266845613539803
0.00216834170854271 1.95727057481747 2.30128641619634 7.86019519141309 0.249010428768449 0 0.0370454381669167 0.00847408702766753 0.00259667217699457
0.0021929648241206 1.96310004521862 2.30968498885743 7.84014405190163 0.250390813258395 0 0.0363296525855721 0.00828220895634277 0.00252790462548965
0.00221758793969849 1.96865759132783 2.31772763015522 7.82017058156561 0.251741003702467 0 0.0356369724626211 0.00809732693397976 0.00246179544170716
0.00224221105527638 1.97395158346431 2.32537114991605 7.80007781525882 0.253068191140708 0 0.0349657621993025 0.00791922315135356 0.0023987824234977
0.00226683417085427 1.97899016505098 2.33268038243727 7.78013156967017 0.254364614187994 0 0.0343159434455217 0.00774767148163328 0.00233800542284036
0.00229145728643216 1.98378125578724 2.33965822285767 7.7601310992546 0.255637595604253 0 0.0336861130733267 0.00758233028020522 0.00227990945449547
0.00231608040201005 1.98833255654826 2.34631427362015 7.74015571916809 0.256885342968521 0 0.0330769364831294 0.00742311381115328 0.00222417147168794
0.00234070351758794 1.99265155252592 2.35263265315752 7.7201628555997 0.258110041173624 0 0.0324865182742774 0.00726970371079242 0.00217079967641534
0.00236532663316583 1.99674551778678 2.35862837718669 7.70029056482876 0.259307814552733 0 0.0319145386171824 0.00712185038434004 0.00211934983550751
0.00238994974874372 2.00062151966869 2.36433187580844 7.68039315751636 0.260484258896408 0 0.0313603959465671 0.00697912774800231 0.0020700993166732
0.00241457286432161 2.00428642321766 2.36974626053103 7.66052681153755 0.261638197023082 0 0.0308233032184429 0.00684185987455278 0.00202281978557928
0.0024391959798995 2.00774689537909 2.37488427826141 7.64071153588844 0.262769623738404 0 0.0303026803525163 0.00670922044536628 0.00197738176412949
0.00246381909547739 2.01100940977482 2.37970238437681 7.62085549226568 0.263882370137548 0 0.0297973956423429 0.00658124490323855 0.00193391932009626
0.00248844221105528 2.01408025107974 2.38426840643635 7.60113492744729 0.264970990556556 0 0.0293073494370352 0.00645748073230866 0.00189195187340411
0.00251306532663317 2.01696551957371 2.38858716479937 7.5816300031736 0.266033230153598 0 0.0288305139000755 0.00633871047832229 0.00185124363827159
0.00253768844221105 2.01967113564377 2.3926540813647 7.56196309395771 0.267082913596545 0 0.0283681499521407 0.00622207847532691 0.00181256484333261
0.00256231155778894 2.02220284439703 2.39642023277332 7.54203914679393 0.268124151179546 0 0.027918486763953 0.00611040088425809 0.00177602911723568
0.00258693467336683 2.02456622017097 2.39999257807704 7.52329538343399 0.269106304748978 0 0.0274806631295957 0.00600156824601971 0.00173853522253274
0.00261155778894472 2.02676666967261 2.40318041334052 7.51005134535839 0.269873876551491 0 0.0269488749697036 0.00586414334035763 0.0016914249134832
0.00263618090452261 2.02880943820195 2.40626744709336 7.49035896436039 0.270856102872393 0 0.0265477605428822 0.00576611451994873 0.00165903937431645
0.0026608040201005 2.03069961371068 2.40912556637585 7.47074222212746 0.27182032967166 0 0.0261570648296375 0.00567107077971026 0.00162784255822337
0.00268542713567839 2.03244213087363 2.41179336553514 7.451359737563 0.272761241230631 0 0.0257748497433197 0.00557979058062179 0.00159748024812537
0.00271005025125628 2.03404177560678 2.41425886030178 7.43206786415668 0.273684499763053 0 0.0254022702469866 0.00548832037083366 0.00156819432964259
0.00273467336683417 2.03550318910954 2.41648991876304 7.41319140805556 0.274578528607485 0 0.0250375779543387 0.00540041879534802 0.00153933074285561
0.00275929648241206 2.03683087142261 2.41839318973986 7.40017526119573 0.275240896266758 0 0.0245865839397604 0.00528628066585809 0.0015009411630239
0.00278391959798995 2.03802918617043 2.42024939968662 7.38060982507702 0.276132898835248 0 0.0242547813701206 0.00520778223114388 0.00147580468772423
0.00280854271356784 2.03910236401517 2.42190925912389 7.36152306343531 0.27699463092677 0 0.0239281146452361 0.00513083413799131 0.00145086280527582
0.00283316582914573 2.04005450649341 2.42341317660784 7.34254724084833 0.277840160856453 0 0.0236073208054654 0.0050548031346883 0.00142675240533462
0.00288241206030151 2.0416114684305 2.42571308366257 7.31058134572094 0.279268005084917 0 0.022905911781247 0.00488482125674574 0.00137136094395174
0.0029070351758794 2.04222387839663 2.42670643590818 7.29163006163822 0.280077823632457 0 0.0226175900022702 0.00481798398421509 0.00135021622223655
0.00293165829145729 2.0427304415971 2.42753807238648 7.27304711615727 0.28086308379044 0 0.0223320906525559 0.00475182130454815 0.00132933854941472
0.00295628140703518 2.04313466831539 2.42805847233556 7.26040942384994 0.2814076381979 0 0.0219679709274857 0.00466200774311657 0.0012997365707192
0.00298090452261307 2.04343996073298 2.42857857375062 7.24129283102303 0.282192697963892 0 0.0217084498990098 0.00460397723692686 0.00128152940403755
0.00300552763819095 2.04364961668015 2.4289482706328 7.22269432127895 0.282948374356548 0 0.0214494909430704 0.00454412609393529 0.00126327464110276
0.00303015075376884 2.04376683243994 2.42903720250017 7.21027398573712 0.283452034760785 0 0.0211104744708077 0.00446114347376434 0.00123623612659041
0.00305477386934673 2.0437947050976 2.42911765703068 7.19127789859709 0.284204662080479 0 0.0208750876645102 0.00440885964185679 0.00122020504601823
0.00307939698492462 2.04373623711185 2.42910746151507 7.1730448822356 0.284918925040224 0 0.0206378205848607 0.00435560392047817 0.00120370494332101
0.00310402010050251 2.04359433787984 2.42876584194062 7.16041814165465 0.285401536258272 0 0.02032694173015 0.00428010660381059 0.00117958605455439
0.0031286432160804 2.04337182666296 2.42850453838272 7.14183173039144 0.286113129488555 0 0.0201103025608188 0.004232572576925 0.00116506295385854
0.00315326633165829 2.0430714368924 2.42793722192793 7.13008689207869 0.286542291533949 0 0.0198050157542097 0.00415857609756883 0.00114128204978248
0.00317788944723618 2.04269581659735 2.42742207971792 7.11108130971029 0.287255303044843 0 0.0196081181309993 0.00411616782664855 0.0011286949282517
0.00320251256281407 2.04224753310174 2.42679191768501 7.09298400128037 0.287925016147377 0 0.0194052117400317 0.00407201995728157 0.00111538701229246
0.00322713567839196 2.04172907432637 2.42588801937289 7.08056924480836 0.288356628363378 0 0.0191321002267871 0.00400676017000358 0.00109475001470441
0.00325175879396985 2.04114285133829 2.42504245856045 7.06237019583851 0.289016689119614 0 0.0189450630860795 0.00396668403615964 0.00108279595845568
0.00327638190954774 2.04049120156979 2.42393901400863 7.05038741247977 0.28941547211405 0 0.0186812328268394 0.00390409105154941 0.00106292725912722
0.00332562814070352 2.03900061087817 2.42159427763966 7.02025894422983 0.290445213926772 0 0.0182552434222904 0.00380762021835404 0.00103344093389761
0.00335025125628141 2.03816599272245 2.42036478221062 7.00190167540734 0.291087491256991 0 0.0180948429975333 0.00377473109758391 0.00102386489293485
0.00339949748743719 2.0363284243225 2.41747409680808 6.97172920695602 0.292083694571895 0 0.0177032927133279 0.00368705201233207 0.000997644208456285
0.00342412060301508 2.03532940979748 2.41579968045511 6.96024780427493 0.292421975054882 0 0.0174745009770316 0.00363356359132504 0.000980721158583684
0.00344874371859296 2.03427943106474 2.41425429283129 6.94228037970977 0.293027552878782 0 0.0173319796882907 0.00360504292802223 0.000972524204854
0.00347336683417085 2.03318030841445 2.41243843672287 6.93056940961369 0.29336410736961 0 0.0171164175312296 0.00355464627886523 0.000956949590940171
0.00349798994974874 2.03203380525564 2.41072879702092 6.91292859887479 0.29394688172917 0 0.0169795537462049 0.00352723396084502 0.000949201065080111
0.00352261306532663 2.03084163107498 2.40876226949827 6.90101478050682 0.294281594181115 0 0.0167769823779222 0.00348060850349341 0.00093486246352198
0.00354723618090452 2.02960544304026 2.40673605827853 6.89005436403557 0.294570308999928 0 0.0165692490408046 0.00343237013454741 0.000919875437184857
0.00357185929648241 2.02832684656101 2.40479221682291 6.87157532061693 0.295176397248442 0 0.0164548602580813 0.0034108585442437 0.000914358374928787
0.0035964824120603 2.0270073990593 2.40264199786195 6.86041349187431 0.295464318799464 0 0.016261646532963 0.00336650294391548 0.000900511071147779
0.00362110552763819 2.02564860857684 2.40056178176867 6.84259364586564 0.296035204399542 0 0.0161473162638435 0.00334465471756706 0.000894928784680688
0.00364572864321608 2.02425193837054 2.39828247986518 6.83115113193352 0.296326621864327 0 0.0159679325028341 0.00330396460213282 0.000882257619527048
0.00367035175879397 2.02281880565776 2.39595307829521 6.82021453663678 0.29659166801742 0 0.0157855735989472 0.00326216923741082 0.000869441503853466
0.00369497487437186 2.02135058434124 2.39370825085818 6.80235617590613 0.297154475900695 0 0.0156862463404426 0.00324445135414359 0.000864935973333326
0.00371959798994975 2.01984860684695 2.39123527743292 6.79103459356321 0.297428702360231 0 0.0155179807711964 0.0032062311514458 0.000853330356740224
0.00374422110552764 2.01831416430656 2.38873837672586 6.7801441339347 0.297680126622216 0 0.0153479486992821 0.00316758697329197 0.000841641126898781
0.00376884422110553 2.01674850782851 2.38637190214282 6.76255471523271 0.298222874749652 0 0.0152590858965446 0.00315276051069233 0.000837772177226092
0.00379346733668342 2.01515285138719 2.3837358991395 6.75117992754841 0.298488986075499 0 0.0151029538536533 0.00311745050107497 0.000827326304253308
0.00381809045226131 2.01352837104744 2.381076461212 6.74033264384728 0.298728338413006 0 0.0149458761994664 0.00308217972726439 0.000816664004924261
0.0038427135678392 2.01187620695509 2.37856614669598 6.72309094809445 0.299248697137635 0 0.0148628910843719 0.00306778374611675 0.000813277680431126
0.00386733668341708 2.01019746445043 2.37583532427696 6.71179772230831 0.299502092825152 0 0.0147193100329668 0.00303609316217905 0.000803748394720716
0.00389195979899497 2.00849321561642 2.37303760503609 6.70081317126083 0.299738727865248 0 0.0145753734122412 0.00300405131534016 0.000794218007950617
0.00391658291457286 2.0067644992478 2.37020062875337 6.69019279798806 0.299956153707752 0 0.0144315432221118 0.00297202293358412 0.000784629783337233
0.00394120603015075 2.0050123222847 2.36751880617312 6.67296932057303 0.300467786672293 0 0.0143625139684732 0.00296140117429606 0.000782285254935255
0.00396582914572864 2.00323766153802 2.36462283603586 6.66181169566341 0.300704636074005 0 0.0142314702026118 0.00293278036334812 0.000773840749286534
0.00401507537688442 1.99962464708377 2.35873546677463 6.64038315457884 0.301130913764357 0 0.0139712282171975 0.00287565839022322 0.000756913901771488
0.00403969849246231 1.99778810093941 2.35572930740013 6.63001141630417 0.30132498656436 0 0.013842170054084 0.00284713805069457 0.000748536396784528
0.0040643216080402 1.99593268793747 2.3528556138784 6.61260786937336 0.301837448608095 0 0.0137905235041714 0.00284090389155776 0.00074754895923175
0.00408894472361809 1.99405924516614 2.34979806882873 6.6017327354824 0.302050889526116 0 0.0136735341946603 0.00281563615255185 0.000740182629915519
0.00411356783919598 1.99216858331479 2.34670290838603 6.59105572149416 0.302253336566115 0 0.0135575277914955 0.00279059335164944 0.000732876623003204
0.00413819095477387 1.99026148865467 2.34360230701042 6.58054284330774 0.302446399339034 0 0.013443025291434 0.00276590621731374 0.000725662974887642
0.00416281407035176 1.9883387233558 2.34047855269212 6.57019531195059 0.302630078551728 0 0.0133300275423735 0.00274135667437929 0.000718537684660233
0.00418743718592965 1.9864010264281 2.33746816995605 6.55321161514776 0.303118706228948 0 0.01321850797219 0.00271730105924021 0.000718154278308746
0.00421206030150754 1.9844491144584 2.33426650471553 6.54244327598708 0.303319269383959 0 0.0131808292362027 0.00271434506125237 0.000711884008971
0.00423668341708543 1.98248368232082 2.33105158783637 6.53208027187679 0.303499589687561 0 0.013079377938289 0.00269293935806338 0.000705444466303245
0.00426130653266332 1.98050540338255 2.32781058887045 6.52154950330626 0.303686325217417 0 0.012978972703676 0.00267178441406031 0.000699395231170795
0.00428592964824121 1.97851493051014 2.32455381207476 6.51109021833536 0.303868455844553 0 0.0128816549396611 0.00265109692465115 0.00069349577959681
0.00433517587939699 1.97449991614169 2.31801060720333 6.49060286837229 0.304209016663633 0 0.0126908521505599 0.00261114149923775 0.00068192339107915
0.00435979899497487 1.97247658315245 2.314711504834 6.48043031037798 0.304374322179448 0 0.0125986022549983 0.00259168033760529 0.000676380929418917
0.00438442211055276 1.97044347475757 2.31138736576087 6.47026021703858 0.304538520656196 0 0.0125082088478698 0.00257296732252423 0.000671036694800316
0.00440904522613065 1.96840115016733 2.30805283009546 6.46014465666771 0.304699237367027 0 0.0124199279195151 0.00255445497872845 0.000665837230797395
0.00443366834170854 1.96635015143452 2.30487398266173 6.44338592182068 0.30517342516695 0 0.0123338298647261 0.00253664534304588 0.00066696672086259
0.00445829145728643 1.96429100418482 2.3013524504576 6.44002774380579 0.305012817075848 0 0.012249804058047 0.00251925300175071 0.00065590085191016
0.00448291457286432 1.96222421762299 2.29814357520079 6.42316841046224 0.30549163469338 0 0.0122322314864965 0.002521087768601 0.000657422821970854
0.00450753768844221 1.96015028572787 2.29475690220178 6.41307004014802 0.305649287074156 0 0.0121535646161126 0.0025051107873454 0.000652910694986631
0.0045321608040201 1.95806968708859 2.29135174702511 6.40284430897805 0.305812478423532 0 0.0120777418939047 0.00248937798409968 0.000648689603841867
0.00455678391959799 1.95598288592003 2.28794015307178 6.39278216210285 0.305967392024606 0 0.0120021869138264 0.0024743500035891 0.000644487016670829
0.00463065326633166 1.9496896951478 2.27764088497074 6.36267678517626 0.306426015492438 0 0.011787072018147 0.00243160875489059 0.000632785518680971
0.00467989949748744 1.94547110613619 2.27075176228836 6.34308680967498 0.30670731215105 0 0.0116519169556166 0.00240485227242847 0.000625334021118622
0.00472914572864322 1.9412376914608 2.26367143400778 6.33004259856157 0.306670557304294 0 0.0114637348857123 0.00236227500383228 0.000612767945797714
0.00475376884422111 1.93911634936219 2.26019990951273 6.3200104934465 0.306821697744481 0 0.0114036735808595 0.00235084768077318 0.000609786192431112
0.00487688442211055 1.92847697661351 2.24284061839798 6.27088394601411 0.307528730114561 0 0.0111251178441223 0.00229855533215295 0.000595998110625664
0.00490150753768844 1.92634480053386 2.2393443727982 6.26119547565321 0.307664056812232 0 0.0110729456017266 0.00228893960914447 0.000593508904721361
0.00492613065326633 1.92421188846453 2.23584867038614 6.251597762629 0.307795216763168 0 0.011021690344983 0.00227947578744884 0.000591065190526999
0.00497537688442211 1.91994496949601 2.22887744117919 6.23250194798862 0.308053649323868 0 0.0109219818233241 0.00226130132847341 0.00058645347803821
0.005 1.9178114975244 2.22540270420125 6.22317623039644 0.308172455113363 0 0.0108142941037993 0.0022524251927776 0.000584133824589472
