           rhoc              M             Mb              R              C             kl            lam
   9.787575e-05   8.085977e-02   8.088481e-02   1.976007e+01     4.0921e-03   1.946000e-02   1.130660e+10
   1.336273e-04   8.139675e-02   8.142416e-02   1.787059e+01     4.5548e-03   1.929626e-02   6.562065e+09
   1.693788e-04   8.178074e-02   8.181002e-02   1.655146e+01     4.9410e-03   1.917217e-02   4.340164e+09
   1.872545e-04   8.193613e-02   8.196622e-02   1.602124e+01     5.1142e-03   1.912610e-02   3.644504e+09
   2.230060e-04   8.219592e-02   8.222742e-02   1.514183e+01     5.4284e-03   1.901636e-02   2.689532e+09
   2.408818e-04   8.230597e-02   8.233810e-02   1.477071e+01     5.5722e-03   1.895630e-02   2.352407e+09
   2.587575e-04   8.240551e-02   8.243822e-02   1.443117e+01     5.7102e-03   1.891988e-02   2.077559e+09
   2.945090e-04   8.351475e-02   8.355441e-02   1.307052e+01     6.3896e-03   1.905540e-02   1.192821e+09
   3.302605e-04   9.070217e-02   9.079542e-02   1.109000e+01     8.1787e-03   2.216393e-02   4.037622e+08
   3.481363e-04   9.738187e-02   9.753511e-02   1.023297e+01     9.5165e-03   2.561517e-02   2.187878e+08
   3.660120e-04   1.060762e-01   1.063209e-01   9.541185e+00     1.1118e-02   3.028013e-02   1.188469e+08
   3.838878e-04   1.166614e-01   1.170359e-01   8.990789e+00     1.2976e-02   3.637899e-02   6.593456e+07
   4.017635e-04   1.290139e-01   1.295653e-01   8.570242e+00     1.5054e-02   4.362092e-02   3.761721e+07
   4.196393e-04   1.430300e-01   1.438144e-01   8.242860e+00     1.7352e-02   5.211119e-02   2.208479e+07
   4.375150e-04   1.586278e-01   1.597103e-01   8.001302e+00     1.9825e-02   6.118246e-02   1.331811e+07
   4.553908e-04   1.757428e-01   1.771994e-01   7.821517e+00     2.2469e-02   7.069537e-02   8.229373e+06
   4.732665e-04   1.943231e-01   1.962394e-01   7.690498e+00     2.5268e-02   8.031279e-02   5.198082e+06
   4.911423e-04   2.143246e-01   2.167983e-01   7.591243e+00     2.8233e-02   9.012974e-02   3.349509e+06
   5.090180e-04   2.357074e-01   2.388480e-01   7.522549e+00     3.1333e-02   9.957761e-02   2.198009e+06
   5.268938e-04   2.584335e-01   2.623608e-01   7.480391e+00     3.4548e-02   1.082853e-01   1.466749e+06
   5.447695e-04   2.824646e-01   2.873140e-01   7.451476e+00     3.7907e-02   1.167132e-01   9.940767e+05
   5.626453e-04   3.077615e-01   3.136763e-01   7.440493e+00     4.1363e-02   1.241403e-01   6.835316e+05
   5.805210e-04   3.342826e-01   3.414201e-01   7.440110e+00     4.4930e-02   1.308366e-01   4.763936e+05
   5.983968e-04   3.619839e-01   3.705183e-01   7.442214e+00     4.8639e-02   1.373124e-01   3.362663e+05
   6.162725e-04   3.908184e-01   4.009264e-01   7.460176e+00     5.2387e-02   1.421719e-01   2.402110e+05
   6.341483e-04   4.207364e-01   4.326151e-01   7.480268e+00     5.6246e-02   1.465417e-01   1.735423e+05
   6.520240e-04   4.516851e-01   4.655405e-01   7.501340e+00     6.0214e-02   1.504652e-01   1.267244e+05
   6.698998e-04   4.836092e-01   4.996553e-01   7.530672e+00     6.4219e-02   1.531495e-01   9.348036e+04
   6.877756e-04   5.164504e-01   5.349147e-01   7.560535e+00     6.8309e-02   1.553242e-01   6.962537e+04
   7.056513e-04   5.501485e-01   5.712693e-01   7.591018e+00     7.2474e-02   1.569611e-01   5.233610e+04
   7.235271e-04   5.846411e-01   6.086632e-01   7.622165e+00     7.6703e-02   1.580457e-01   3.968593e+04
   7.414028e-04   6.198640e-01   6.470338e-01   7.660204e+00     8.0920e-02   1.579336e-01   3.034612e+04
   7.592786e-04   6.557518e-01   6.863369e-01   7.691336e+00     8.5258e-02   1.580592e-01   2.339053e+04
   7.771543e-04   6.922379e-01   7.264969e-01   7.730070e+00     8.9551e-02   1.569463e-01   1.816771e+04
   7.950301e-04   7.292553e-01   7.674658e-01   7.760814e+00     9.3966e-02   1.562057e-01   1.421491e+04
   8.129058e-04   7.668472e-01   8.092973e-01   7.792371e+00     9.8410e-02   1.549636e-01   1.119289e+04
   8.307816e-04   8.062020e-01   8.533248e-01   7.830452e+00     1.0296e-01   1.527332e-01   8.801501e+03
   8.486573e-04   8.460498e-01   8.981728e-01   7.861623e+00     1.0762e-01   1.508039e-01   6.964702e+03
   8.844088e-04   9.269018e-01   9.899794e-01   7.930257e+00     1.1688e-01   1.453381e-01   4.441768e+03
   9.022846e-04   9.677471e-01   1.036778e+00   7.960429e+00     1.2157e-01   1.425432e-01   3.578725e+03
   9.201603e-04   1.008768e+00   1.084077e+00   7.990473e+00     1.2625e-01   1.394947e-01   2.899825e+03
   9.380361e-04   1.049890e+00   1.131784e+00   8.020213e+00     1.3091e-01   1.362378e-01   2.362740e+03
   9.559118e-04   1.091040e+00   1.179822e+00   8.050010e+00     1.3553e-01   1.327712e-01   1.935492e+03
   9.737876e-04   1.132147e+00   1.228134e+00   8.071182e+00     1.4027e-01   1.298219e-01   1.593782e+03
   9.916633e-04   1.173142e+00   1.276613e+00   8.100058e+00     1.4483e-01   1.260861e-01   1.319058e+03
   1.009539e-03   1.213961e+00   1.325199e+00   8.120619e+00     1.4949e-01   1.228563e-01   1.097056e+03
   1.027415e-03   1.254541e+00   1.373825e+00   8.141268e+00     1.5410e-01   1.194857e-01   9.167716e+02
   1.045291e-03   1.294823e+00   1.422408e+00   8.161510e+00     1.5865e-01   1.160356e-01   7.696623e+02
   1.063166e-03   1.334752e+00   1.470883e+00   8.181217e+00     1.6315e-01   1.125360e-01   6.490629e+02
   1.081042e-03   1.374275e+00   1.519185e+00   8.200583e+00     1.6758e-01   1.089933e-01   5.497476e+02
   1.098918e-03   1.413343e+00   1.567251e+00   8.220031e+00     1.7194e-01   1.053989e-01   4.675993e+02
   1.116794e-03   1.451911e+00   1.615037e+00   8.230949e+00     1.7640e-01   1.023069e-01   3.993591e+02
   1.134669e-03   1.489935e+00   1.662464e+00   8.242500e+00     1.8076e-01   9.913229e-02   3.424376e+02
   1.152545e-03   1.527379e+00   1.709450e+00   8.260084e+00     1.8491e-01   9.558361e-02   2.947684e+02
   1.170421e-03   1.564205e+00   1.755984e+00   8.270182e+00     1.8914e-01   9.246824e-02   2.546880e+02
   1.188297e-03   1.600382e+00   1.802026e+00   8.280117e+00     1.9328e-01   8.936073e-02   2.208613e+02
   1.206172e-03   1.635881e+00   1.847490e+00   8.290004e+00     1.9733e-01   8.626714e-02   1.922068e+02
   1.224048e-03   1.670677e+00   1.892387e+00   8.291463e+00     2.0149e-01   8.361975e-02   1.678458e+02
   1.241924e-03   1.704747e+00   1.936605e+00   8.300257e+00     2.0538e-01   8.061976e-02   1.470644e+02
   1.259800e-03   1.738072e+00   1.980161e+00   8.301578e+00     2.0937e-01   7.800808e-02   1.292745e+02
   1.277675e-03   1.770634e+00   2.022985e+00   8.310049e+00     2.1307e-01   7.509519e-02   1.139972e+02
   1.295551e-03   1.802421e+00   2.065080e+00   8.310362e+00     2.1689e-01   7.259037e-02   1.008339e+02
   1.313427e-03   1.833419e+00   2.106410e+00   8.310636e+00     2.2061e-01   7.012045e-02   8.945732e+01
   1.331303e-03   1.863621e+00   2.146938e+00   8.310681e+00     2.2424e-01   6.769914e-02   7.959513e+01
   1.349178e-03   1.893021e+00   2.186640e+00   8.310487e+00     2.2779e-01   6.533107e-02   7.102058e+01
   1.367054e-03   1.921612e+00   2.225505e+00   8.310167e+00     2.3124e-01   6.301539e-02   6.354409e+01
   1.384930e-03   1.949395e+00   2.263553e+00   8.302579e+00     2.3479e-01   6.101643e-02   5.700616e+01
   1.402806e-03   1.976367e+00   2.300670e+00   8.301072e+00     2.3809e-01   5.883862e-02   5.127483e+01
   1.420681e-03   2.002531e+00   2.336904e+00   8.300087e+00     2.4127e-01   5.669687e-02   4.623655e+01
   1.438557e-03   2.027889e+00   2.372294e+00   8.291158e+00     2.4458e-01   5.487404e-02   4.179564e+01
   1.456433e-03   2.052446e+00   2.406722e+00   8.290010e+00     2.4758e-01   5.284424e-02   3.787241e+01
   1.474309e-03   2.076209e+00   2.440277e+00   8.280399e+00     2.5074e-01   5.113452e-02   3.439729e+01
   1.492184e-03   2.099184e+00   2.472933e+00   8.271072e+00     2.5380e-01   4.945897e-02   3.131199e+01
   1.510060e-03   2.121380e+00   2.504645e+00   8.261791e+00     2.5677e-01   4.782666e-02   2.856654e+01
   1.527936e-03   2.142806e+00   2.535448e+00   8.252305e+00     2.5966e-01   4.624554e-02   2.611802e+01
   1.545812e-03   2.163474e+00   2.565358e+00   8.242573e+00     2.6248e-01   4.471670e-02   2.392953e+01
   1.563687e-03   2.183394e+00   2.594310e+00   8.232594e+00     2.6521e-01   4.323984e-02   2.196928e+01
   1.581563e-03   2.202578e+00   2.622381e+00   8.222299e+00     2.6788e-01   4.181607e-02   2.020979e+01
   1.599439e-03   2.221039e+00   2.649517e+00   8.211781e+00     2.7047e-01   4.044231e-02   1.862731e+01
   1.617315e-03   2.238791e+00   2.675791e+00   8.201148e+00     2.7299e-01   3.911520e-02   1.720123e+01
   1.635190e-03   2.252898e+00   2.696740e+00   8.191173e+00     2.7504e-01   3.808070e-02   1.613007e+01
   1.653066e-03   2.266083e+00   2.716443e+00   8.181170e+00     2.7699e-01   3.711051e-02   1.517411e+01
   1.670942e-03   2.278689e+00   2.735351e+00   8.171077e+00     2.7887e-01   3.617407e-02   1.429808e+01
   1.688818e-03   2.290728e+00   2.753464e+00   8.160911e+00     2.8070e-01   3.526931e-02   1.349372e+01
   1.706693e-03   2.302216e+00   2.770839e+00   8.150631e+00     2.8246e-01   3.439563e-02   1.275374e+01
   1.724569e-03   2.313172e+00   2.787491e+00   8.140379e+00     2.8416e-01   3.354881e-02   1.207174e+01
   1.742445e-03   2.323610e+00   2.803381e+00   8.130150e+00     2.8580e-01   3.272795e-02   1.144206e+01
   1.760321e-03   2.333548e+00   2.818576e+00   8.120013e+00     2.8738e-01   3.193078e-02   1.085970e+01
   1.778196e-03   2.343004e+00   2.833169e+00   8.102000e+00     2.8919e-01   3.130935e-02   1.031999e+01
   1.796072e-03   2.351993e+00   2.846998e+00   8.091143e+00     2.9069e-01   3.057126e-02   9.819550e+00
   1.813948e-03   2.360531e+00   2.860187e+00   8.080463e+00     2.9213e-01   2.985257e-02   9.354561e+00
   1.831824e-03   2.368634e+00   2.872757e+00   8.070068e+00     2.9351e-01   2.915075e-02   8.921844e+00
   1.849699e-03   2.376317e+00   2.884803e+00   8.052066e+00     2.9512e-01   2.860448e-02   8.518385e+00
   1.867575e-03   2.383596e+00   2.896149e+00   8.040908e+00     2.9643e-01   2.795582e-02   8.142229e+00
   1.885451e-03   2.390484e+00   2.906932e+00   8.030203e+00     2.9769e-01   2.731926e-02   7.790788e+00
   1.903327e-03   2.396995e+00   2.917277e+00   8.012332e+00     2.9916e-01   2.682093e-02   7.461763e+00
   1.921202e-03   2.403143e+00   2.926947e+00   8.000969e+00     3.0036e-01   2.623133e-02   7.153916e+00
   1.939078e-03   2.408941e+00   2.936111e+00   7.990153e+00     3.0149e-01   2.565091e-02   6.865249e+00
   1.956954e-03   2.414401e+00   2.944816e+00   7.972033e+00     3.0286e-01   2.520251e-02   6.594031e+00
   1.974830e-03   2.419535e+00   2.952953e+00   7.960659e+00     3.0394e-01   2.466366e-02   6.339448e+00
   1.992705e-03   2.424356e+00   2.960632e+00   7.950034e+00     3.0495e-01   2.412973e-02   6.099915e+00
   2.010581e-03   2.428875e+00   2.967946e+00   7.931284e+00     3.0624e-01   2.373266e-02   5.874182e+00
   2.028457e-03   2.433101e+00   2.974718e+00   7.920233e+00     3.0720e-01   2.323512e-02   5.661642e+00
   2.046333e-03   2.437047e+00   2.981107e+00   7.901985e+00     3.0841e-01   2.285552e-02   5.460863e+00
   2.064208e-03   2.440722e+00   2.986994e+00   7.890529e+00     3.0932e-01   2.239183e-02   5.271538e+00
   2.082084e-03   2.444136e+00   2.992511e+00   7.880002e+00     3.1017e-01   2.192905e-02   5.092525e+00
   2.099960e-03   2.447299e+00   2.997717e+00   7.860901e+00     3.1133e-01   2.159728e-02   4.923056e+00
   2.117836e-03   2.450219e+00   3.002412e+00   7.850054e+00     3.1213e-01   2.116468e-02   4.762765e+00
   2.135711e-03   2.452906e+00   3.006848e+00   7.831325e+00     3.1322e-01   2.084903e-02   4.610700e+00
   2.153587e-03   2.455367e+00   3.010849e+00   7.820185e+00     3.1398e-01   2.044446e-02   4.466703e+00
   2.171463e-03   2.457612e+00   3.014580e+00   7.801742e+00     3.1501e-01   2.014516e-02   4.329826e+00
   2.189339e-03   2.459649e+00   3.017867e+00   7.790353e+00     3.1573e-01   1.976636e-02   4.200064e+00
   2.207214e-03   2.461484e+00   3.020999e+00   7.772159e+00     3.1671e-01   1.948295e-02   4.076496e+00
   2.225090e-03   2.463125e+00   3.023641e+00   7.760578e+00     3.1739e-01   1.912769e-02   3.959218e+00
   2.242966e-03   2.464580e+00   3.026099e+00   7.742645e+00     3.1831e-01   1.885917e-02   3.847367e+00
   2.260842e-03   2.465855e+00   3.028165e+00   7.730808e+00     3.1896e-01   1.852675e-02   3.741065e+00
   2.278717e-03   2.466956e+00   3.029984e+00   7.720032e+00     3.1955e-01   1.819165e-02   3.639729e+00
   2.296593e-03   2.467891e+00   3.031552e+00   7.701126e+00     3.2046e-01   1.796036e-02   3.542948e+00
   2.314469e-03   2.468666e+00   3.032808e+00   7.690121e+00     3.2102e-01   1.764629e-02   3.450773e+00
   2.332345e-03   2.469286e+00   3.033920e+00   7.671524e+00     3.2188e-01   1.742659e-02   3.362580e+00
   2.350220e-03   2.469757e+00   3.034636e+00   7.660283e+00     3.2241e-01   1.713240e-02   3.278536e+00
   2.368096e-03   2.470085e+00   3.035286e+00   7.642077e+00     3.2322e-01   1.692275e-02   3.197994e+00
   2.385972e-03   2.470274e+00   3.035553e+00   7.630525e+00     3.2374e-01   1.664807e-02   3.121178e+00
   2.421723e-03   2.470261e+00   3.035522e+00   7.600905e+00     3.2500e-01   1.619094e-02   2.977099e+00
   2.439599e-03   2.470067e+00   3.035191e+00   7.590074e+00     3.2543e-01   1.593125e-02   2.909679e+00
   2.457475e-03   2.469755e+00   3.034677e+00   7.571468e+00     3.2619e-01   1.575899e-02   2.844910e+00
   2.475351e-03   2.469329e+00   3.033907e+00   7.560292e+00     3.2662e-01   1.551690e-02   2.782991e+00
   2.493226e-03   2.468794e+00   3.033095e+00   7.542201e+00     3.2733e-01   1.535096e-02   2.723396e+00
   2.511102e-03   2.468153e+00   3.031927e+00   7.530705e+00     3.2775e-01   1.512517e-02   2.666410e+00
   2.528978e-03   2.467411e+00   3.030626e+00   7.520036e+00     3.2811e-01   1.489759e-02   2.611661e+00
   2.546854e-03   2.466571e+00   3.029303e+00   7.501356e+00     3.2882e-01   1.475436e-02   2.558935e+00
   2.564729e-03   2.465638e+00   3.027625e+00   7.490287e+00     3.2918e-01   1.454286e-02   2.508440e+00
   2.582605e-03   2.464615e+00   3.025961e+00   7.472456e+00     3.2983e-01   1.440141e-02   2.459716e+00
   2.600481e-03   2.463506e+00   3.024018e+00   7.460875e+00     3.3019e-01   1.420605e-02   2.413030e+00
   2.618357e-03   2.462313e+00   3.021936e+00   7.450122e+00     3.3051e-01   1.400854e-02   2.368109e+00
   2.636232e-03   2.461041e+00   3.019798e+00   7.431896e+00     3.3115e-01   1.388533e-02   2.324710e+00
   2.654108e-03   2.459692e+00   3.017434e+00   7.420645e+00     3.3147e-01   1.370293e-02   2.283110e+00
   2.671984e-03   2.458269e+00   3.014984e+00   7.410062e+00     3.3175e-01   1.351952e-02   2.243014e+00
   2.689860e-03   2.456776e+00   3.012450e+00   7.391740e+00     3.3237e-01   1.341050e-02   2.204241e+00
   2.707735e-03   2.455215e+00   3.009700e+00   7.380605e+00     3.3266e-01   1.324176e-02   2.167040e+00
   2.725611e-03   2.453589e+00   3.006873e+00   7.370060e+00     3.3291e-01   1.307247e-02   2.131144e+00
   2.743487e-03   2.451900e+00   3.004048e+00   7.351816e+00     3.3351e-01   1.297488e-02   2.096387e+00
   2.761363e-03   2.450152e+00   3.000951e+00   7.340703e+00     3.3378e-01   1.281951e-02   2.063021e+00
   2.779238e-03   2.448346e+00   2.997780e+00   7.330115e+00     3.3401e-01   1.266394e-02   2.030802e+00
   2.797114e-03   2.446485e+00   2.994682e+00   7.312201e+00     3.3458e-01   1.257464e-02   1.999549e+00
   2.814990e-03   2.444572e+00   2.991320e+00   7.301021e+00     3.3483e-01   1.243229e-02   1.969537e+00
   2.832866e-03   2.442608e+00   2.987840e+00   7.290323e+00     3.3505e-01   1.228996e-02   1.940548e+00
   2.850741e-03   2.440596e+00   2.984303e+00   7.280013e+00     3.3525e-01   1.214825e-02   1.912511e+00
   2.868617e-03   2.438538e+00   2.980811e+00   7.261715e+00     3.3581e-01   1.207600e-02   1.885301e+00
   2.886493e-03   2.436435e+00   2.977120e+00   7.250807e+00     3.3602e-01   1.194670e-02   1.859149e+00
   2.904369e-03   2.434291e+00   2.973367e+00   7.240241e+00     3.3622e-01   1.181823e-02   1.833852e+00
   2.922244e-03   2.432106e+00   2.969505e+00   7.230008e+00     3.3639e-01   1.169056e-02   1.809363e+00
   2.940120e-03   2.429882e+00   2.965684e+00   7.211812e+00     3.3693e-01   1.162977e-02   1.785565e+00
   2.957996e-03   2.427622e+00   2.961696e+00   7.200957e+00     3.3712e-01   1.151380e-02   1.762679e+00
   2.975872e-03   2.425327e+00   2.957656e+00   7.190376e+00     3.3730e-01   1.139896e-02   1.740527e+00
   2.993747e-03   2.422998e+00   2.953577e+00   7.180084e+00     3.3746e-01   1.128502e-02   1.719069e+00
   3.011623e-03   2.420638e+00   2.949523e+00   7.162494e+00     3.3796e-01   1.123047e-02   1.698163e+00
   3.029499e-03   2.418247e+00   2.945288e+00   7.151593e+00     3.3814e-01   1.112722e-02   1.678056e+00
   3.047375e-03   2.415827e+00   2.941004e+00   7.140946e+00     3.3831e-01   1.102509e-02   1.658594e+00
   3.065251e-03   2.413380e+00   2.936677e+00   7.130478e+00     3.3846e-01   1.092449e-02   1.639737e+00
   3.083126e-03   2.410907e+00   2.932312e+00   7.120158e+00     3.3860e-01   1.082558e-02   1.621456e+00
   3.101002e-03   2.408410e+00   2.927916e+00   7.110023e+00     3.3873e-01   1.072803e-02   1.603732e+00
   3.118878e-03   2.405889e+00   2.923623e+00   7.092288e+00     3.3923e-01   1.068953e-02   1.586433e+00
   3.136754e-03   2.403346e+00   2.919108e+00   7.081645e+00     3.3938e-01   1.060096e-02   1.569797e+00
   3.154629e-03   2.400782e+00   2.914555e+00   7.071133e+00     3.3952e-01   1.051404e-02   1.553675e+00
   3.172505e-03   2.398198e+00   2.909969e+00   7.060737e+00     3.3965e-01   1.042880e-02   1.538042e+00
   3.190381e-03   2.395596e+00   2.905351e+00   7.050432e+00     3.3978e-01   1.034535e-02   1.522877e+00
   3.208257e-03   2.392976e+00   2.900708e+00   7.040238e+00     3.3990e-01   1.026348e-02   1.508165e+00
   3.226132e-03   2.390339e+00   2.896037e+00   7.030103e+00     3.4001e-01   1.018355e-02   1.493890e+00
   3.244008e-03   2.387688e+00   2.891342e+00   7.020029e+00     3.4013e-01   1.010547e-02   1.480037e+00
   3.261884e-03   2.385021e+00   2.886623e+00   7.010001e+00     3.4023e-01   1.002934e-02   1.466596e+00
   3.279760e-03   2.382341e+00   2.882000e+00   6.992322e+00     3.4071e-01   1.000927e-02   1.453444e+00
   3.297635e-03   2.379649e+00   2.877224e+00   6.982001e+00     3.4083e-01   9.939376e-03   1.440797e+00
   3.315511e-03   2.376945e+00   2.872425e+00   6.971729e+00     3.4094e-01   9.871245e-03   1.428524e+00
   3.333387e-03   2.374230e+00   2.867606e+00   6.961489e+00     3.4105e-01   9.804943e-03   1.416611e+00
   3.351263e-03   2.371505e+00   2.862769e+00   6.951321e+00     3.4116e-01   9.740169e-03   1.405050e+00
   3.369138e-03   2.368771e+00   2.857913e+00   6.941156e+00     3.4126e-01   9.677332e-03   1.393824e+00
   3.387014e-03   2.366028e+00   2.853045e+00   6.931075e+00     3.4137e-01   9.615850e-03   1.382929e+00
   3.404890e-03   2.363278e+00   2.848161e+00   6.920999e+00     3.4146e-01   9.556211e-03   1.372349e+00
   3.422766e-03   2.360521e+00   2.843263e+00   6.910949e+00     3.4156e-01   9.498237e-03   1.362076e+00
   3.440641e-03   2.357757e+00   2.838354e+00   6.900925e+00     3.4166e-01   9.441890e-03   1.352101e+00
   3.458517e-03   2.354988e+00   2.833435e+00   6.890935e+00     3.4175e-01   9.387081e-03   1.342415e+00
   3.476393e-03   2.352214e+00   2.828504e+00   6.880928e+00     3.4185e-01   9.334102e-03   1.333008e+00
   3.494269e-03   2.349435e+00   2.823569e+00   6.870979e+00     3.4194e-01   9.282432e-03   1.323874e+00
   3.512144e-03   2.346653e+00   2.818627e+00   6.861082e+00     3.4202e-01   9.232082e-03   1.315004e+00
   3.530020e-03   2.343868e+00   2.813681e+00   6.851200e+00     3.4211e-01   9.183247e-03   1.306390e+00
   3.547896e-03   2.341080e+00   2.808731e+00   6.841331e+00     3.4220e-01   9.135904e-03   1.298023e+00
   3.565772e-03   2.338290e+00   2.803778e+00   6.831511e+00     3.4228e-01   9.089803e-03   1.289899e+00
   3.583647e-03   2.335498e+00   2.798824e+00   6.821717e+00     3.4236e-01   9.045055e-03   1.282008e+00
   3.601523e-03   2.332706e+00   2.793873e+00   6.812015e+00     3.4244e-01   9.001231e-03   1.274350e+00
   3.619399e-03   2.329913e+00   2.788922e+00   6.802350e+00     3.4252e-01   8.958646e-03   1.266915e+00
   3.637275e-03   2.327120e+00   2.783860e+00   6.800002e+00     3.4222e-01   8.870449e-03   1.259811e+00
   3.655150e-03   2.324328e+00   2.778874e+00   6.790034e+00     3.4231e-01   8.832903e-03   1.252809e+00
   3.673026e-03   2.321536e+00   2.773897e+00   6.780100e+00     3.4240e-01   8.796496e-03   1.246010e+00
   3.690902e-03   2.318746e+00   2.768929e+00   6.770242e+00     3.4249e-01   8.760931e-03   1.239407e+00
   3.708778e-03   2.315958e+00   2.763971e+00   6.760438e+00     3.4258e-01   8.726317e-03   1.232994e+00
   3.726653e-03   2.313171e+00   2.759026e+00   6.750692e+00     3.4266e-01   8.692596e-03   1.226763e+00
   3.744529e-03   2.310388e+00   2.754095e+00   6.741108e+00     3.4273e-01   8.659109e-03   1.220715e+00
   3.762405e-03   2.307607e+00   2.749174e+00   6.731556e+00     3.4280e-01   8.626655e-03   1.214841e+00
   3.780281e-03   2.304829e+00   2.744265e+00   6.722135e+00     3.4287e-01   8.594629e-03   1.209145e+00
   3.798156e-03   2.302055e+00   2.739191e+00   6.720009e+00     3.4257e-01   8.518330e-03   1.203743e+00
   3.816032e-03   2.299285e+00   2.734249e+00   6.710102e+00     3.4266e-01   8.492028e-03   1.198400e+00
   3.833908e-03   2.296519e+00   2.729333e+00   6.700315e+00     3.4275e-01   8.466081e-03   1.193210e+00
   3.851784e-03   2.293758e+00   2.724443e+00   6.690719e+00     3.4283e-01   8.440007e-03   1.188168e+00
   3.869659e-03   2.291001e+00   2.719576e+00   6.681261e+00     3.4290e-01   8.414151e-03   1.183272e+00
   3.887535e-03   2.288250e+00   2.714722e+00   6.671937e+00     3.4297e-01   8.388557e-03   1.178523e+00
   3.905411e-03   2.285504e+00   2.709686e+00   6.670007e+00     3.4265e-01   8.318737e-03   1.174052e+00
   3.923287e-03   2.282764e+00   2.704806e+00   6.660148e+00     3.4275e-01   8.298910e-03   1.169618e+00
   3.941162e-03   2.280030e+00   2.699964e+00   6.650492e+00     3.4284e-01   8.278780e-03   1.165309e+00
   3.959038e-03   2.277302e+00   2.695155e+00   6.641065e+00     3.4291e-01   8.258165e-03   1.161122e+00
   3.976914e-03   2.274580e+00   2.690344e+00   6.631909e+00     3.4298e-01   8.236900e-03   1.157068e+00
   3.994790e-03   2.271866e+00   2.685373e+00   6.630014e+00     3.4266e-01   8.172671e-03   1.153273e+00
   4.012665e-03   2.269158e+00   2.680563e+00   6.620239e+00     3.4276e-01   8.157460e-03   1.149499e+00
   4.030541e-03   2.266457e+00   2.675800e+00   6.610729e+00     3.4285e-01   8.141450e-03   1.145830e+00
   4.048417e-03   2.263763e+00   2.671048e+00   6.601519e+00     3.4292e-01   8.124474e-03   1.142270e+00
   4.066293e-03   2.261077e+00   2.666277e+00   6.592656e+00     3.4297e-01   8.106424e-03   1.138842e+00
   4.084168e-03   2.258398e+00   2.661386e+00   6.590183e+00     3.4269e-01   8.051082e-03   1.135658e+00
   4.102044e-03   2.255728e+00   2.656683e+00   6.580711e+00     3.4278e-01   8.038631e-03   1.132457e+00
   4.119920e-03   2.253065e+00   2.651977e+00   6.571559e+00     3.4285e-01   8.025011e-03   1.129348e+00
   4.137796e-03   2.250411e+00   2.647136e+00   6.570004e+00     3.4253e-01   7.967004e-03   1.126478e+00
   4.155671e-03   2.247765e+00   2.642452e+00   6.560285e+00     3.4263e-01   7.958863e-03   1.123618e+00
   4.173547e-03   2.245127e+00   2.637825e+00   6.550964e+00     3.4272e-01   7.948984e-03   1.120835e+00
   4.191423e-03   2.242498e+00   2.633155e+00   6.542088e+00     3.4278e-01   7.937225e-03   1.118146e+00
   4.209299e-03   2.239878e+00   2.628384e+00   6.540093e+00     3.4248e-01   7.885696e-03   1.115696e+00
   4.227174e-03   2.237267e+00   2.623798e+00   6.530587e+00     3.4258e-01   7.879533e-03   1.113220e+00
   4.245050e-03   2.234665e+00   2.619192e+00   6.521632e+00     3.4265e-01   7.870728e-03   1.110817e+00
   4.262926e-03   2.232073e+00   2.614476e+00   6.520027e+00     3.4234e-01   7.819458e-03   1.108641e+00
   4.280802e-03   2.229489e+00   2.609934e+00   6.510457e+00     3.4245e-01   7.816148e-03   1.106451e+00
   4.298677e-03   2.226915e+00   2.605384e+00   6.501405e+00     3.4253e-01   7.810294e-03   1.104318e+00
   4.316553e-03   2.224350e+00   2.600728e+00   6.500015e+00     3.4221e-01   7.760264e-03   1.102405e+00
   4.334429e-03   2.221795e+00   2.596239e+00   6.490421e+00     3.4232e-01   7.759411e-03   1.100478e+00
   4.352305e-03   2.219250e+00   2.591740e+00   6.481413e+00     3.4240e-01   7.755565e-03   1.098600e+00
   4.370180e-03   2.216715e+00   2.587144e+00   6.480021e+00     3.4208e-01   7.707985e-03   1.096939e+00
   4.388056e-03   2.214189e+00   2.582720e+00   6.470497e+00     3.4220e-01   7.708895e-03   1.095255e+00
   4.405932e-03   2.211674e+00   2.578267e+00   6.461690e+00     3.4227e-01   7.706048e-03   1.093618e+00
   4.423808e-03   2.209168e+00   2.573730e+00   6.460064e+00     3.4197e-01   7.662198e-03   1.092200e+00
   4.441683e-03   2.206673e+00   2.569357e+00   6.450728e+00     3.4208e-01   7.664038e-03   1.090737e+00
   4.459559e-03   2.204188e+00   2.564963e+00   6.442131e+00     3.4215e-01   7.662036e-03   1.089325e+00
   4.477435e-03   2.201713e+00   2.560501e+00   6.440224e+00     3.4187e-01   7.622117e-03   1.088141e+00
   4.495311e-03   2.199249e+00   2.556164e+00   6.431187e+00     3.4197e-01   7.624124e-03   1.086882e+00
   4.513186e-03   2.196795e+00   2.551727e+00   6.430010e+00     3.4165e-01   7.581147e-03   1.085811e+00
   4.531062e-03   2.194352e+00   2.547455e+00   6.420541e+00     3.4177e-01   7.587190e-03   1.084718e+00
   4.548938e-03   2.191919e+00   2.543154e+00   6.411901e+00     3.4185e-01   7.588743e-03   1.083654e+00
   4.566814e-03   2.189496e+00   2.538795e+00   6.410185e+00     3.4157e-01   7.551143e-03   1.082813e+00
   4.584689e-03   2.187084e+00   2.534552e+00   6.401175e+00     3.4167e-01   7.556206e-03   1.081890e+00
   4.602565e-03   2.184683e+00   2.530223e+00   6.400023e+00     3.4136e-01   7.516481e-03   1.081156e+00
   4.620441e-03   2.182293e+00   2.526041e+00   6.390692e+00     3.4148e-01   7.524802e-03   1.080383e+00
   4.638317e-03   2.179913e+00   2.521851e+00   6.382315e+00     3.4156e-01   7.527941e-03   1.079643e+00
   4.656192e-03   2.177545e+00   2.517612e+00   6.380355e+00     3.4129e-01   7.494978e-03   1.079116e+00
   4.674068e-03   2.175187e+00   2.513450e+00   6.371709e+00     3.4138e-01   7.500870e-03   1.078493e+00
   4.691944e-03   2.172839e+00   2.509239e+00   6.370159e+00     3.4110e-01   7.466713e-03   1.078081e+00
   4.709820e-03   2.170503e+00   2.505134e+00   6.361251e+00     3.4121e-01   7.475339e-03   1.077582e+00
   4.727695e-03   2.168178e+00   2.500957e+00   6.360059e+00     3.4091e-01   7.440213e-03   1.077272e+00
   4.745571e-03   2.165863e+00   2.496906e+00   6.350964e+00     3.4103e-01   7.451146e-03   1.076899e+00
   4.763447e-03   2.163560e+00   2.492763e+00   6.350012e+00     3.4072e-01   7.415687e-03   1.076684e+00
   4.781323e-03   2.161267e+00   2.488762e+00   6.340761e+00     3.4085e-01   7.428710e-03   1.076432e+00
   4.799198e-03   2.158986e+00   2.484761e+00   6.332629e+00     3.4093e-01   7.435566e-03   1.076203e+00
   4.817074e-03   2.156715e+00   2.480698e+00   6.330583e+00     3.4068e-01   7.408306e-03   1.076173e+00
   4.834950e-03   2.154456e+00   2.476736e+00   6.322400e+00     3.4077e-01   7.416497e-03   1.076043e+00
   4.852826e-03   2.152207e+00   2.472722e+00   6.320548e+00     3.4051e-01   7.389223e-03   1.076120e+00
   4.870701e-03   2.149970e+00   2.468797e+00   6.312311e+00     3.4060e-01   7.398773e-03   1.076089e+00
   4.888577e-03   2.147744e+00   2.464825e+00   6.310487e+00     3.4035e-01   7.372369e-03   1.076262e+00
   4.906453e-03   2.145528e+00   2.460940e+00   6.302281e+00     3.4044e-01   7.382754e-03   1.076329e+00
   4.924329e-03   2.143324e+00   2.457010e+00   6.300487e+00     3.4018e-01   7.357203e-03   1.076597e+00
   4.942204e-03   2.141131e+00   2.453167e+00   6.292331e+00     3.4028e-01   7.368292e-03   1.076757e+00
   4.960080e-03   2.138948e+00   2.449276e+00   6.290521e+00     3.4003e-01   7.343828e-03   1.077117e+00
   4.977956e-03   2.136777e+00   2.445479e+00   6.282451e+00     3.4012e-01   7.355387e-03   1.077367e+00
   4.995832e-03   2.134617e+00   2.441625e+00   6.280609e+00     3.3987e-01   7.332075e-03   1.077816e+00
   5.013707e-03   2.132468e+00   2.437874e+00   6.272671e+00     3.3996e-01   7.343839e-03   1.078157e+00
   5.031583e-03   2.130330e+00   2.434058e+00   6.270773e+00     3.3972e-01   7.321772e-03   1.078689e+00
   5.049459e-03   2.128203e+00   2.430252e+00   6.270016e+00     3.3943e-01   7.293399e-03   1.079237e+00
   5.067335e-03   2.126087e+00   2.426576e+00   6.261006e+00     3.3958e-01   7.312919e-03   1.079730e+00
   5.085210e-03   2.123982e+00   2.422818e+00   6.260066e+00     3.3929e-01   7.286590e-03   1.080373e+00
   5.103086e-03   2.121888e+00   2.419177e+00   6.251319e+00     3.3943e-01   7.305400e-03   1.080934e+00
   5.120962e-03   2.119805e+00   2.415473e+00   6.250172e+00     3.3916e-01   7.281235e-03   1.081669e+00
   5.138838e-03   2.117733e+00   2.411862e+00   6.241715e+00     3.3929e-01   7.299162e-03   1.082295e+00
   5.156713e-03   2.115671e+00   2.408217e+00   6.240365e+00     3.3903e-01   7.277102e-03   1.083118e+00
   5.174589e-03   2.113621e+00   2.404636e+00   6.232322e+00     3.3914e-01   7.293491e-03   1.083822e+00
   5.192465e-03   2.111582e+00   2.401012e+00   6.230658e+00     3.3890e-01   7.274066e-03   1.084715e+00
   5.210341e-03   2.109554e+00   2.397388e+00   6.230009e+00     3.3861e-01   7.248978e-03   1.085615e+00
   5.228216e-03   2.107536e+00   2.393898e+00   6.221108e+00     3.3877e-01   7.271761e-03   1.086456e+00
   5.246092e-03   2.105530e+00   2.390331e+00   6.220135e+00     3.3850e-01   7.249501e-03   1.087449e+00
   5.263968e-03   2.103534e+00   2.386871e+00   6.211725e+00     3.3864e-01   7.270123e-03   1.088339e+00
   5.281844e-03   2.101549e+00   2.383366e+00   6.210418e+00     3.3839e-01   7.250676e-03   1.089417e+00
   5.299719e-03   2.099575e+00   2.379931e+00   6.202577e+00     3.3850e-01   7.268798e-03   1.090374e+00
   5.317595e-03   2.097611e+00   2.376445e+00   6.200874e+00     3.3828e-01   7.252366e-03   1.091511e+00
   5.335471e-03   2.095659e+00   2.372972e+00   6.200081e+00     3.3801e-01   7.230969e-03   1.092671e+00
   5.353347e-03   2.093717e+00   2.369618e+00   6.191580e+00     3.3816e-01   7.254124e-03   1.093733e+00
   5.371222e-03   2.091786e+00   2.366215e+00   6.190383e+00     3.3791e-01   7.235952e-03   1.094980e+00
   5.389098e-03   2.089865e+00   2.362881e+00   6.182599e+00     3.3802e-01   7.255678e-03   1.096102e+00
   5.406974e-03   2.087955e+00   2.359495e+00   6.180965e+00     3.3780e-01   7.240718e-03   1.097402e+00
   5.424850e-03   2.086056e+00   2.356124e+00   6.180120e+00     3.3754e-01   7.221498e-03   1.098729e+00
   5.442725e-03   2.084167e+00   2.352869e+00   6.171825e+00     3.3769e-01   7.245290e-03   1.099942e+00
   5.460601e-03   2.082289e+00   2.349560e+00   6.170588e+00     3.3745e-01   7.229182e-03   1.101350e+00
   5.478477e-03   2.080422e+00   2.346229e+00   6.170022e+00     3.3718e-01   7.209279e-03   1.102751e+00
   5.496353e-03   2.078564e+00   2.343044e+00   6.161399e+00     3.3735e-01   7.236199e-03   1.104075e+00
   5.514228e-03   2.076718e+00   2.339787e+00   6.160341e+00     3.3711e-01   7.220032e-03   1.105564e+00
   5.532104e-03   2.074882e+00   2.336620e+00   6.152596e+00     3.3724e-01   7.242432e-03   1.106926e+00
   5.549980e-03   2.073056e+00   2.333395e+00   6.151075e+00     3.3702e-01   7.229598e-03   1.108467e+00
   5.567856e-03   2.071241e+00   2.330182e+00   6.150214e+00     3.3678e-01   7.213237e-03   1.110036e+00
   5.585731e-03   2.069436e+00   2.327086e+00   6.142303e+00     3.3692e-01   7.237657e-03   1.111484e+00
   5.603607e-03   2.067641e+00   2.323922e+00   6.140899e+00     3.3670e-01   7.225142e-03   1.113113e+00
   5.621483e-03   2.065856e+00   2.320758e+00   6.140156e+00     3.3645e-01   7.209016e-03   1.114759e+00
   5.639359e-03   2.064082e+00   2.317723e+00   6.132085e+00     3.3660e-01   7.235372e-03   1.116286e+00
   5.657234e-03   2.062318e+00   2.314622e+00   6.130822e+00     3.3639e-01   7.223015e-03   1.118001e+00
   5.675110e-03   2.060565e+00   2.311509e+00   6.130148e+00     3.3614e-01   7.207401e-03   1.119724e+00
   5.692986e-03   2.058821e+00   2.308536e+00   6.122099e+00     3.3629e-01   7.234644e-03   1.121334e+00
   5.710862e-03   2.057087e+00   2.305491e+00   6.120834e+00     3.3608e-01   7.223191e-03   1.123123e+00
   5.728737e-03   2.055364e+00   2.302433e+00   6.120147e+00     3.3584e-01   7.208562e-03   1.124924e+00
   5.746613e-03   2.053650e+00   2.299515e+00   6.112149e+00     3.3599e-01   7.236440e-03   1.126603e+00
   5.764489e-03   2.051947e+00   2.296525e+00   6.110907e+00     3.3578e-01   7.225753e-03   1.128469e+00
   5.782365e-03   2.050253e+00   2.293527e+00   6.110197e+00     3.3555e-01   7.212158e-03   1.130348e+00
   5.800240e-03   2.048570e+00   2.290664e+00   6.102400e+00     3.3570e-01   7.239791e-03   1.132099e+00
   5.818116e-03   2.046896e+00   2.287727e+00   6.101113e+00     3.3550e-01   7.230200e-03   1.134032e+00
   5.835992e-03   2.045232e+00   2.284791e+00   6.100312e+00     3.3527e-01   7.218014e-03   1.135987e+00
   5.853868e-03   2.043578e+00   2.281874e+00   6.100004e+00     3.3501e-01   7.203006e-03   1.137933e+00
   5.871743e-03   2.041934e+00   2.279095e+00   6.091459e+00     3.3521e-01   7.236415e-03   1.139804e+00
   5.889619e-03   2.040300e+00   2.276225e+00   6.090507e+00     3.3500e-01   7.225965e-03   1.141832e+00
   5.907495e-03   2.038675e+00   2.273348e+00   6.090053e+00     3.3475e-01   7.212688e-03   1.143857e+00
   5.925371e-03   2.037060e+00   2.270625e+00   6.081910e+00     3.3494e-01   7.244526e-03   1.145776e+00
   5.943246e-03   2.035454e+00   2.267821e+00   6.080813e+00     3.3473e-01   7.235733e-03   1.147870e+00
   5.961122e-03   2.033858e+00   2.264992e+00   6.080199e+00     3.3451e-01   7.224275e-03   1.149975e+00
   5.978998e-03   2.032272e+00   2.262317e+00   6.072572e+00     3.3466e-01   7.253892e-03   1.151951e+00
   5.996874e-03   2.030695e+00   2.259561e+00   6.071341e+00     3.3447e-01   7.246607e-03   1.154099e+00
   6.014749e-03   2.029128e+00   2.256805e+00   6.070510e+00     3.3426e-01   7.237253e-03   1.156277e+00
   6.032625e-03   2.027570e+00   2.254057e+00   6.070065e+00     3.3403e-01   7.225713e-03   1.158450e+00
   6.050501e-03   2.026021e+00   2.251461e+00   6.062079e+00     3.3421e-01   7.258616e-03   1.160515e+00
   6.068377e-03   2.024482e+00   2.248778e+00   6.060977e+00     3.3402e-01   7.251598e-03   1.162749e+00
   6.086253e-03   2.022952e+00   2.246072e+00   6.060313e+00     3.3380e-01   7.242196e-03   1.165002e+00
   6.104128e-03   2.021431e+00   2.243407e+00   6.060025e+00     3.3357e-01   7.230641e-03   1.167247e+00
   6.122004e-03   2.019920e+00   2.240880e+00   6.051740e+00     3.3378e-01   7.266435e-03   1.169394e+00
   6.139880e-03   2.018418e+00   2.238260e+00   6.050853e+00     3.3358e-01   7.259132e-03   1.171713e+00
   6.157756e-03   2.016924e+00   2.235620e+00   6.050243e+00     3.3336e-01   7.250316e-03   1.174037e+00
   6.175631e-03   2.015441e+00   2.233030e+00   6.050007e+00     3.3313e-01   7.239353e-03   1.176354e+00
   6.193507e-03   2.013966e+00   2.230573e+00   6.041680e+00     3.3335e-01   7.276501e-03   1.178582e+00
   6.211383e-03   2.012500e+00   2.228010e+00   6.040820e+00     3.3315e-01   7.269932e-03   1.180972e+00
   6.229259e-03   2.011043e+00   2.225442e+00   6.040248e+00     3.3294e-01   7.261785e-03   1.183367e+00
   6.247134e-03   2.009595e+00   2.222920e+00   6.040009e+00     3.3271e-01   7.251731e-03   1.185757e+00
   6.265010e-03   2.008156e+00   2.220532e+00   6.031792e+00     3.3293e-01   7.289250e-03   1.188055e+00
   6.282886e-03   2.006726e+00   2.218032e+00   6.030915e+00     3.3274e-01   7.283648e-03   1.190512e+00
   6.300762e-03   2.005304e+00   2.215530e+00   6.030331e+00     3.3254e-01   7.276457e-03   1.192979e+00
   6.318637e-03   2.003892e+00   2.213069e+00   6.030033e+00     3.3232e-01   7.267626e-03   1.195441e+00
   6.336513e-03   2.002488e+00   2.210749e+00   6.022048e+00     3.3253e-01   7.304717e-03   1.197798e+00
   6.354389e-03   2.001093e+00   2.208320e+00   6.021112e+00     3.3235e-01   7.300297e-03   1.200318e+00
   6.372265e-03   1.999707e+00   2.205879e+00   6.020489e+00     3.3215e-01   7.294198e-03   1.202856e+00
   6.390140e-03   1.998329e+00   2.203474e+00   6.020102e+00     3.3194e-01   7.286770e-03   1.205392e+00
   6.408016e-03   1.996960e+00   2.201222e+00   6.012565e+00     3.3213e-01   7.322135e-03   1.207811e+00
   6.425892e-03   1.995599e+00   2.198867e+00   6.011522e+00     3.3196e-01   7.319096e-03   1.210381e+00
   6.443768e-03   1.994247e+00   2.196487e+00   6.010784e+00     3.3178e-01   7.314512e-03   1.212983e+00
   6.461643e-03   1.992903e+00   2.194137e+00   6.010295e+00     3.3158e-01   7.308550e-03   1.215591e+00
   6.479519e-03   1.991568e+00   2.191822e+00   6.010034e+00     3.3137e-01   7.301291e-03   1.218196e+00
   6.497395e-03   1.990241e+00   2.189650e+00   6.002189e+00     3.3159e-01   7.339695e-03   1.220693e+00
   6.515271e-03   1.988923e+00   2.187351e+00   6.001268e+00     3.3142e-01   7.336936e-03   1.223345e+00
   6.533146e-03   1.987613e+00   2.185054e+00   6.000651e+00     3.3123e-01   7.332568e-03   1.226021e+00
   6.551022e-03   1.986311e+00   2.182786e+00   6.000217e+00     3.3104e-01   7.327191e-03   1.228697e+00
   6.568898e-03   1.985017e+00   2.180554e+00   6.000023e+00     3.3083e-01   7.320438e-03   1.231372e+00
   6.586774e-03   1.983732e+00   2.178456e+00   5.992060e+00     3.3106e-01   7.360686e-03   1.233938e+00
   6.604649e-03   1.982454e+00   2.176225e+00   5.991272e+00     3.3089e-01   7.358083e-03   1.236666e+00
   6.622525e-03   1.981185e+00   2.174005e+00   5.990672e+00     3.3071e-01   7.354505e-03   1.239409e+00
   6.640401e-03   1.979924e+00   2.171813e+00   5.990231e+00     3.3053e-01   7.350070e-03   1.242154e+00
   6.658277e-03   1.978671e+00   2.169654e+00   5.990036e+00     3.3033e-01   7.344219e-03   1.244898e+00
   6.676152e-03   1.977426e+00   2.167634e+00   5.982235e+00     3.3055e-01   7.384564e-03   1.247528e+00
   6.694028e-03   1.976189e+00   2.165474e+00   5.981419e+00     3.3039e-01   7.382984e-03   1.250316e+00
   6.711904e-03   1.974959e+00   2.163327e+00   5.980800e+00     3.3022e-01   7.380399e-03   1.253125e+00
   6.729780e-03   1.973738e+00   2.161206e+00   5.980356e+00     3.3004e-01   7.376863e-03   1.255938e+00
   6.747655e-03   1.972524e+00   2.159115e+00   5.980093e+00     3.2985e-01   7.372304e-03   1.258751e+00
   6.765531e-03   1.971319e+00   2.157171e+00   5.972667e+00     3.3006e-01   7.411396e-03   1.261438e+00
   6.783407e-03   1.970121e+00   2.155089e+00   5.971803e+00     3.2990e-01   7.410891e-03   1.264278e+00
   6.801283e-03   1.968930e+00   2.153013e+00   5.971125e+00     3.2974e-01   7.409494e-03   1.267145e+00
   6.819158e-03   1.967748e+00   2.150960e+00   5.970644e+00     3.2957e-01   7.407041e-03   1.270024e+00
   6.837034e-03   1.966573e+00   2.148930e+00   5.970257e+00     3.2940e-01   7.404097e-03   1.272904e+00
   6.854910e-03   1.965406e+00   2.146928e+00   5.970063e+00     3.2921e-01   7.400052e-03   1.275784e+00
   6.872786e-03   1.964246e+00   2.145060e+00   5.962544e+00     3.2943e-01   7.440946e-03   1.278544e+00
   6.890661e-03   1.963094e+00   2.143056e+00   5.961773e+00     3.2928e-01   7.440848e-03   1.281455e+00
   6.908537e-03   1.961949e+00   2.141066e+00   5.961137e+00     3.2912e-01   7.440123e-03   1.284388e+00
   6.926413e-03   1.960811e+00   2.139097e+00   5.960654e+00     3.2896e-01   7.438597e-03   1.287331e+00
   6.944289e-03   1.959682e+00   2.137150e+00   5.960300e+00     3.2879e-01   7.436372e-03   1.290276e+00
   6.962164e-03   1.958559e+00   2.135228e+00   5.960085e+00     3.2861e-01   7.433364e-03   1.293222e+00
   6.980040e-03   1.957444e+00   2.133332e+00   5.960001e+00     3.2843e-01   7.429641e-03   1.296169e+00
   6.997916e-03   1.956336e+00   2.131518e+00   5.951985e+00     3.2869e-01   7.475035e-03   1.299014e+00
   7.015792e-03   1.955235e+00   2.129610e+00   5.951347e+00     3.2854e-01   7.475197e-03   1.302005e+00
   7.033667e-03   1.954142e+00   2.127720e+00   5.950852e+00     3.2838e-01   7.474630e-03   1.305010e+00
   7.051543e-03   1.953056e+00   2.125849e+00   5.950451e+00     3.2822e-01   7.473587e-03   1.308019e+00
   7.069419e-03   1.951977e+00   2.124001e+00   5.950198e+00     3.2805e-01   7.471705e-03   1.311030e+00
   7.087295e-03   1.950905e+00   2.122176e+00   5.950036e+00     3.2788e-01   7.469345e-03   1.314040e+00
   7.105170e-03   1.949840e+00   2.120458e+00   5.942538e+00     3.2812e-01   7.512591e-03   1.316932e+00
   7.123046e-03   1.948782e+00   2.118627e+00   5.941802e+00     3.2798e-01   7.514138e-03   1.319965e+00
   7.140922e-03   1.947731e+00   2.116813e+00   5.941274e+00     3.2783e-01   7.514613e-03   1.323026e+00
   7.158798e-03   1.946687e+00   2.115015e+00   5.940817e+00     3.2768e-01   7.514767e-03   1.326094e+00
   7.176673e-03   1.945650e+00   2.113236e+00   5.940466e+00     3.2752e-01   7.514361e-03   1.329166e+00
   7.194549e-03   1.944620e+00   2.111477e+00   5.940209e+00     3.2737e-01   7.513446e-03   1.332240e+00
   7.212425e-03   1.943597e+00   2.109739e+00   5.940061e+00     3.2720e-01   7.511933e-03   1.335314e+00
   7.230301e-03   1.942581e+00   2.108103e+00   5.932692e+00     3.2744e-01   7.555571e-03   1.338257e+00
   7.248176e-03   1.941571e+00   2.106365e+00   5.932119e+00     3.2730e-01   7.557071e-03   1.341358e+00
   7.266052e-03   1.940568e+00   2.104638e+00   5.931528e+00     3.2716e-01   7.558808e-03   1.344468e+00
   7.283928e-03   1.939572e+00   2.102925e+00   5.931044e+00     3.2702e-01   7.560028e-03   1.347591e+00
   7.301804e-03   1.938583e+00   2.101230e+00   5.930691e+00     3.2687e-01   7.560539e-03   1.350723e+00
   7.319679e-03   1.937600e+00   2.099551e+00   5.930388e+00     3.2672e-01   7.560822e-03   1.353857e+00
   7.337555e-03   1.936624e+00   2.097893e+00   5.930195e+00     3.2657e-01   7.560492e-03   1.356992e+00
   7.355431e-03   1.935654e+00   2.096252e+00   5.930060e+00     3.2641e-01   7.559871e-03   1.360127e+00
   7.373307e-03   1.934691e+00   2.094630e+00   5.930003e+00     3.2625e-01   7.558840e-03   1.363265e+00
   7.391182e-03   1.933734e+00   2.093057e+00   5.922162e+00     3.2653e-01   7.607047e-03   1.366288e+00
   7.409058e-03   1.932784e+00   2.091426e+00   5.921639e+00     3.2639e-01   7.609335e-03   1.369456e+00
   7.426934e-03   1.931841e+00   2.089811e+00   5.921219e+00     3.2626e-01   7.611113e-03   1.372638e+00
   7.444810e-03   1.930903e+00   2.088209e+00   5.920838e+00     3.2612e-01   7.612739e-03   1.375824e+00
   7.462685e-03   1.929972e+00   2.086623e+00   5.920545e+00     3.2598e-01   7.613903e-03   1.379015e+00
   7.480561e-03   1.929048e+00   2.085053e+00   5.920305e+00     3.2584e-01   7.614808e-03   1.382208e+00
   7.498437e-03   1.928129e+00   2.083499e+00   5.920149e+00     3.2569e-01   7.615259e-03   1.385401e+00
   7.516313e-03   1.927217e+00   2.081962e+00   5.920042e+00     3.2554e-01   7.615469e-03   1.388596e+00
   7.534188e-03   1.926311e+00   2.080438e+00   5.920001e+00     3.2539e-01   7.615344e-03   1.391793e+00
   7.552064e-03   1.925412e+00   2.078957e+00   5.912189e+00     3.2567e-01   7.664825e-03   1.394871e+00
   7.569940e-03   1.924518e+00   2.077429e+00   5.911680e+00     3.2555e-01   7.668006e-03   1.398092e+00
   7.587816e-03   1.923631e+00   2.075916e+00   5.911340e+00     3.2541e-01   7.670273e-03   1.401330e+00
   7.605691e-03   1.922750e+00   2.074414e+00   5.910958e+00     3.2529e-01   7.672883e-03   1.404568e+00
   7.623567e-03   1.921874e+00   2.072927e+00   5.910669e+00     3.2515e-01   7.674994e-03   1.407812e+00
   7.641443e-03   1.921005e+00   2.071454e+00   5.910435e+00     3.2502e-01   7.676831e-03   1.411059e+00
   7.659319e-03   1.920142e+00   2.069997e+00   5.910271e+00     3.2488e-01   7.678292e-03   1.414307e+00
   7.677194e-03   1.919285e+00   2.068553e+00   5.910135e+00     3.2474e-01   7.679652e-03   1.417555e+00
   7.695070e-03   1.918434e+00   2.067124e+00   5.910047e+00     3.2461e-01   7.680771e-03   1.420805e+00
   7.712946e-03   1.917588e+00   2.065687e+00   5.910004e+00     3.2446e-01   7.681676e-03   1.424056e+00
   7.730822e-03   1.916749e+00   2.064320e+00   5.902313e+00     3.2475e-01   7.731884e-03   1.427182e+00
   7.748697e-03   1.915915e+00   2.062902e+00   5.901905e+00     3.2463e-01   7.735448e-03   1.430456e+00
   7.766573e-03   1.915087e+00   2.061495e+00   5.901551e+00     3.2451e-01   7.738783e-03   1.433738e+00
   7.784449e-03   1.914265e+00   2.060100e+00   5.901217e+00     3.2438e-01   7.742076e-03   1.437024e+00
   7.802325e-03   1.913448e+00   2.058717e+00   5.900944e+00     3.2426e-01   7.745062e-03   1.440316e+00
   7.820200e-03   1.912637e+00   2.057345e+00   5.900690e+00     3.2414e-01   7.748010e-03   1.443609e+00
   7.838076e-03   1.911832e+00   2.055985e+00   5.900451e+00     3.2401e-01   7.750930e-03   1.446904e+00
   7.855952e-03   1.911033e+00   2.054641e+00   5.900315e+00     3.2389e-01   7.753262e-03   1.450201e+00
   7.873828e-03   1.910239e+00   2.053308e+00   5.900165e+00     3.2376e-01   7.755749e-03   1.453498e+00
   7.891703e-03   1.909451e+00   2.051986e+00   5.900087e+00     3.2363e-01   7.757831e-03   1.456796e+00
   7.909579e-03   1.908668e+00   2.050654e+00   5.900022e+00     3.2350e-01   7.759907e-03   1.460095e+00
   7.927455e-03   1.907891e+00   2.049335e+00   5.900002e+00     3.2337e-01   7.761761e-03   1.463396e+00
   7.945331e-03   1.907119e+00   2.048095e+00   5.892293e+00     3.2366e-01   7.813768e-03   1.466566e+00
   7.963206e-03   1.906353e+00   2.046800e+00   5.891994e+00     3.2355e-01   7.817736e-03   1.469889e+00
   7.981082e-03   1.905592e+00   2.045511e+00   5.891626e+00     3.2344e-01   7.822208e-03   1.473209e+00
   7.998958e-03   1.904837e+00   2.044235e+00   5.891348e+00     3.2333e-01   7.826208e-03   1.476538e+00
   8.016834e-03   1.904087e+00   2.042968e+00   5.891072e+00     3.2322e-01   7.830266e-03   1.479869e+00
   8.034709e-03   1.903342e+00   2.041713e+00   5.890856e+00     3.2310e-01   7.834008e-03   1.483204e+00
   8.052585e-03   1.902603e+00   2.040471e+00   5.890698e+00     3.2298e-01   7.837449e-03   1.486541e+00
   8.070461e-03   1.901868e+00   2.039238e+00   5.890522e+00     3.2287e-01   7.841068e-03   1.489878e+00
   8.088337e-03   1.901139e+00   2.038015e+00   5.890365e+00     3.2275e-01   7.844627e-03   1.493215e+00
   8.106212e-03   1.900416e+00   2.036803e+00   5.890229e+00     3.2264e-01   7.848113e-03   1.496552e+00
   8.124088e-03   1.899697e+00   2.035591e+00   5.890160e+00     3.2252e-01   7.851227e-03   1.499891e+00
   8.141964e-03   1.898984e+00   2.034383e+00   5.890092e+00     3.2240e-01   7.854387e-03   1.503229e+00
   8.159840e-03   1.898276e+00   2.033185e+00   5.890034e+00     3.2229e-01   7.857553e-03   1.506568e+00
   8.177715e-03   1.897572e+00   2.031999e+00   5.890005e+00     3.2217e-01   7.860590e-03   1.509907e+00
   8.195591e-03   1.896874e+00   2.030898e+00   5.882566e+00     3.2246e-01   7.912644e-03   1.513114e+00
   8.213467e-03   1.896181e+00   2.029730e+00   5.882233e+00     3.2236e-01   7.917902e-03   1.516459e+00
   8.231343e-03   1.895493e+00   2.028572e+00   5.881965e+00     3.2226e-01   7.922832e-03   1.519813e+00
   8.249218e-03   1.894810e+00   2.027423e+00   5.881706e+00     3.2215e-01   7.927774e-03   1.523169e+00
   8.267094e-03   1.894132e+00   2.026283e+00   5.881491e+00     3.2205e-01   7.932511e-03   1.526529e+00
   8.284970e-03   1.893459e+00   2.025152e+00   5.881263e+00     3.2195e-01   7.937387e-03   1.529889e+00
   8.302846e-03   1.892791e+00   2.024033e+00   5.881105e+00     3.2184e-01   7.941886e-03   1.533254e+00
   8.320721e-03   1.892127e+00   2.022921e+00   5.880922e+00     3.2174e-01   7.946601e-03   1.536617e+00
   8.338597e-03   1.891469e+00   2.021817e+00   5.880741e+00     3.2164e-01   7.951368e-03   1.539979e+00
   8.356473e-03   1.890815e+00   2.020724e+00   5.880596e+00     3.2153e-01   7.955954e-03   1.543343e+00
   8.374349e-03   1.890166e+00   2.019641e+00   5.880473e+00     3.2143e-01   7.960452e-03   1.546707e+00
   8.392224e-03   1.889522e+00   2.018558e+00   5.880384e+00     3.2133e-01   7.964785e-03   1.550072e+00
   8.410100e-03   1.888882e+00   2.017479e+00   5.880296e+00     3.2122e-01   7.969169e-03   1.553435e+00
   8.427976e-03   1.888248e+00   2.016409e+00   5.880220e+00     3.2112e-01   7.973520e-03   1.556798e+00
   8.445852e-03   1.887617e+00   2.015348e+00   5.880149e+00     3.2102e-01   7.977902e-03   1.560160e+00
   8.463727e-03   1.886992e+00   2.014297e+00   5.880093e+00     3.2091e-01   7.982236e-03   1.563521e+00
   8.481603e-03   1.886371e+00   2.013255e+00   5.880055e+00     3.2081e-01   7.986499e-03   1.566882e+00
   8.499479e-03   1.885755e+00   2.012222e+00   5.880024e+00     3.2071e-01   7.990777e-03   1.570243e+00
   8.517355e-03   1.885143e+00   2.011198e+00   5.880012e+00     3.2060e-01   7.994981e-03   1.573603e+00
   8.535230e-03   1.884536e+00   2.010183e+00   5.880001e+00     3.2050e-01   7.999233e-03   1.576963e+00
   8.553106e-03   1.883934e+00   2.009257e+00   5.872462e+00     3.2081e-01   8.054291e-03   1.580190e+00
   8.570982e-03   1.883336e+00   2.008256e+00   5.872230e+00     3.2072e-01   8.060214e-03   1.583551e+00
   8.588858e-03   1.882742e+00   2.007265e+00   5.872072e+00     3.2063e-01   8.065724e-03   1.586920e+00
   8.606733e-03   1.882153e+00   2.006279e+00   5.871851e+00     3.2054e-01   8.071694e-03   1.590283e+00
   8.624609e-03   1.881568e+00   2.005303e+00   5.871700e+00     3.2045e-01   8.077273e-03   1.593651e+00
   8.642485e-03   1.880988e+00   2.004335e+00   5.871554e+00     3.2036e-01   8.082870e-03   1.597019e+00
   8.660361e-03   1.880412e+00   2.003374e+00   5.871397e+00     3.2027e-01   8.088592e-03   1.600385e+00
   8.678236e-03   1.879840e+00   2.002420e+00   5.871259e+00     3.2018e-01   8.094243e-03   1.603751e+00
   8.696112e-03   1.879273e+00   2.001476e+00   5.871169e+00     3.2008e-01   8.099628e-03   1.607118e+00
   8.713988e-03   1.878710e+00   2.000538e+00   5.871041e+00     3.2000e-01   8.105314e-03   1.610482e+00
   8.731864e-03   1.878151e+00   1.999607e+00   5.870894e+00     3.1991e-01   8.111179e-03   1.613844e+00
   8.749739e-03   1.877596e+00   1.998677e+00   5.870823e+00     3.1982e-01   8.116584e-03   1.617208e+00
   8.767615e-03   1.877046e+00   1.997754e+00   5.870718e+00     3.1973e-01   8.122264e-03   1.620568e+00
   8.785491e-03   1.876500e+00   1.996838e+00   5.870647e+00     3.1964e-01   8.127761e-03   1.623928e+00
   8.803367e-03   1.875958e+00   1.995929e+00   5.870556e+00     3.1955e-01   8.133443e-03   1.627286e+00
   8.821242e-03   1.875420e+00   1.995029e+00   5.870492e+00     3.1947e-01   8.138984e-03   1.630643e+00
   8.839118e-03   1.874886e+00   1.994135e+00   5.870406e+00     3.1938e-01   8.144723e-03   1.633997e+00
   8.856994e-03   1.874357e+00   1.993249e+00   5.870337e+00     3.1929e-01   8.150394e-03   1.637350e+00
   8.874870e-03   1.873831e+00   1.992372e+00   5.870311e+00     3.1920e-01   8.155811e-03   1.640701e+00
   8.892745e-03   1.873309e+00   1.991502e+00   5.870259e+00     3.1912e-01   8.161457e-03   1.644050e+00
   8.910621e-03   1.872792e+00   1.990638e+00   5.870206e+00     3.1903e-01   8.167146e-03   1.647397e+00
   8.928497e-03   1.872278e+00   1.989782e+00   5.870175e+00     3.1895e-01   8.172733e-03   1.650742e+00
   8.946373e-03   1.871769e+00   1.988934e+00   5.870155e+00     3.1886e-01   8.178290e-03   1.654085e+00
   8.964248e-03   1.871263e+00   1.988092e+00   5.870110e+00     3.1878e-01   8.184057e-03   1.657426e+00
   8.982124e-03   1.870762e+00   1.987258e+00   5.870099e+00     3.1869e-01   8.189633e-03   1.660765e+00
   9.000000e-03   1.870264e+00   1.986430e+00   5.870072e+00     3.1861e-01   8.195367e-03   1.664101e+00
