           rhoc              M             Mb              R              C             kl            lam
   9.787575e-05   8.085977e-02   8.088481e-02   1.976007e+01     4.0921e-03   1.946000e-02   1.130660e+10
   1.336273e-04   8.139675e-02   8.142416e-02   1.787059e+01     4.5548e-03   1.929626e-02   6.562065e+09
   1.872545e-04   8.927766e-02   8.935148e-02   1.348275e+01     6.6216e-03   2.238704e-02   1.172423e+09
   2.051303e-04   1.004410e-01   1.006002e-01   1.191067e+01     8.4329e-03   2.821413e-02   4.410634e+08
   2.230060e-04   1.163361e-01   1.166505e-01   1.079399e+01     1.0778e-02   3.754272e-02   1.720969e+08
   2.408818e-04   1.364063e-01   1.369696e-01   1.006096e+01     1.3558e-02   4.969003e-02   7.231083e+07
   2.587575e-04   1.602286e-01   1.611612e-01   9.590040e+00     1.6708e-02   6.378385e-02   3.266042e+07
   2.766333e-04   1.875155e-01   1.889663e-01   9.281259e+00     2.0204e-02   7.925676e-02   1.569618e+07
   2.945090e-04   2.180636e-01   2.202127e-01   9.091864e+00     2.3984e-02   9.465916e-02   7.950964e+06
   3.123848e-04   2.517128e-01   2.547725e-01   8.981464e+00     2.8026e-02   1.092911e-01   4.214080e+06
   3.302605e-04   2.883205e-01   2.925364e-01   8.930061e+00     3.2287e-02   1.222865e-01   2.323710e+06
   3.481363e-04   3.277475e-01   3.333999e-01   8.910186e+00     3.6783e-02   1.340512e-01   1.327138e+06
   3.660120e-04   3.698506e-01   3.772541e-01   8.920087e+00     4.1463e-02   1.437833e-01   7.822233e+05
   3.838878e-04   4.144781e-01   4.239803e-01   8.941186e+00     4.6356e-02   1.523146e-01   4.743705e+05
   4.017635e-04   4.614689e-01   4.734496e-01   8.980681e+00     5.1385e-02   1.586451e-01   2.952361e+05
   4.196393e-04   5.106521e-01   5.255233e-01   9.030223e+00     5.6549e-02   1.632147e-01   1.881631e+05
   4.375150e-04   5.618480e-01   5.800483e-01   9.080926e+00     6.1871e-02   1.666945e-01   1.225706e+05
   4.553908e-04   6.148692e-01   6.368628e-01   9.140084e+00     6.7272e-02   1.683663e-01   8.147067e+04
   4.732665e-04   6.695225e-01   6.957984e-01   9.200005e+00     7.2774e-02   1.689336e-01   5.517462e+04
   4.911423e-04   7.256104e-01   7.566790e-01   9.251923e+00     7.8428e-02   1.692312e-01   3.802171e+04
   5.090180e-04   7.829334e-01   8.193129e-01   9.311192e+00     8.4085e-02   1.679035e-01   2.662999e+04
   5.268938e-04   8.412911e-01   8.835150e-01   9.370331e+00     8.9782e-02   1.657098e-01   1.893651e+04
   5.447695e-04   9.004849e-01   9.490992e-01   9.421983e+00     9.5573e-02   1.633683e-01   1.365859e+04
   5.626453e-04   9.603189e-01   1.015856e+00   9.480039e+00     1.0130e-01   1.597475e-01   9.984265e+03
   5.805210e-04   1.020602e+00   1.083613e+00   9.530049e+00     1.0709e-01   1.561660e-01   7.390766e+03
   5.983968e-04   1.081148e+00   1.152170e+00   9.571796e+00     1.1295e-01   1.526739e-01   5.536242e+03
   6.162725e-04   1.141779e+00   1.221331e+00   9.620180e+00     1.1869e-01   1.481479e-01   4.193821e+03
   6.341483e-04   1.202325e+00   1.290922e+00   9.660403e+00     1.2446e-01   1.438251e-01   3.210780e+03
   6.520240e-04   1.262624e+00   1.360764e+00   9.700109e+00     1.3017e-01   1.391728e-01   2.482998e+03
   6.698998e-04   1.322524e+00   1.430685e+00   9.731207e+00     1.3591e-01   1.348215e-01   1.938579e+03
   6.877756e-04   1.381884e+00   1.500511e+00   9.761807e+00     1.4156e-01   1.302340e-01   1.527305e+03
   7.056513e-04   1.440573e+00   1.570087e+00   9.791196e+00     1.4713e-01   1.255163e-01   1.213701e+03
   7.235271e-04   1.498469e+00   1.639262e+00   9.820121e+00     1.5259e-01   1.206725e-01   9.724382e+02
   7.414028e-04   1.555464e+00   1.707908e+00   9.840528e+00     1.5807e-01   1.162271e-01   7.852508e+02
   7.592786e-04   1.611457e+00   1.775875e+00   9.860444e+00     1.6343e-01   1.117118e-01   6.388456e+02
   7.771543e-04   1.666361e+00   1.843067e+00   9.872783e+00     1.6878e-01   1.075513e-01   5.234514e+02
   7.950301e-04   1.720098e+00   1.909325e+00   9.890449e+00     1.7392e-01   1.030608e-01   4.318341e+02
   8.129058e-04   1.772351e+00   1.974277e+00   9.900749e+00     1.7901e-01   9.896035e-02   3.588905e+02
   8.307816e-04   1.820395e+00   2.034456e+00   9.910300e+00     1.8369e-01   9.510197e-02   3.031821e+02
   8.486573e-04   1.866972e+00   2.093236e+00   9.912107e+00     1.8835e-01   9.162948e-02   2.576827e+02
   8.665331e-04   1.912070e+00   2.150533e+00   9.920131e+00     1.9275e-01   8.789840e-02   2.202713e+02
   8.844088e-04   1.955689e+00   2.206382e+00   9.920309e+00     1.9714e-01   8.455574e-02   1.893125e+02
   9.022846e-04   1.997833e+00   2.260708e+00   9.920142e+00     2.0139e-01   8.126916e-02   1.635415e+02
   9.201603e-04   2.038512e+00   2.313555e+00   9.912439e+00     2.0565e-01   7.833280e-02   1.419673e+02
   9.380361e-04   2.077739e+00   2.364828e+00   9.910632e+00     2.0965e-01   7.521496e-02   1.238126e+02
   9.559118e-04   2.115529e+00   2.414587e+00   9.901801e+00     2.1365e-01   7.242196e-02   1.084563e+02
   9.737876e-04   2.151902e+00   2.462790e+00   9.900002e+00     2.1736e-01   6.943941e-02   9.540659e+01
   1.009539e-03   2.220484e+00   2.554635e+00   9.872312e+00     2.2492e-01   6.450946e-02   7.471159e+01
   1.027415e-03   2.252742e+00   2.598237e+00   9.861242e+00     2.2844e-01   6.204760e-02   6.648666e+01
   1.045291e-03   2.283680e+00   2.640327e+00   9.850254e+00     2.3184e-01   5.965520e-02   5.937699e+01
   1.063166e-03   2.313326e+00   2.680950e+00   9.831687e+00     2.3529e-01   5.755816e-02   5.320738e+01
   1.081042e-03   2.341710e+00   2.720057e+00   9.820113e+00     2.3846e-01   5.532504e-02   4.783518e+01
   1.098918e-03   2.368862e+00   2.757723e+00   9.800612e+00     2.4171e-01   5.338316e-02   4.313998e+01
   1.116794e-03   2.394814e+00   2.793936e+00   9.781246e+00     2.4484e-01   5.149919e-02   3.902306e+01
   1.134669e-03   2.419596e+00   2.828720e+00   9.761701e+00     2.4787e-01   4.968227e-02   3.540162e+01
   1.152545e-03   2.443241e+00   2.862106e+00   9.741822e+00     2.5080e-01   4.793594e-02   3.220616e+01
   1.170421e-03   2.465782e+00   2.894129e+00   9.721641e+00     2.5364e-01   4.625844e-02   2.937815e+01
   1.188297e-03   2.487250e+00   2.924763e+00   9.701178e+00     2.5639e-01   4.464817e-02   2.686816e+01
   1.206172e-03   2.507677e+00   2.954110e+00   9.680659e+00     2.5904e-01   4.309866e-02   2.463425e+01
   1.224048e-03   2.527096e+00   2.982123e+00   9.660201e+00     2.6160e-01   4.160630e-02   2.264070e+01
   1.241924e-03   2.545539e+00   3.008941e+00   9.632501e+00     2.6427e-01   4.032188e-02   2.085673e+01
   1.259800e-03   2.563037e+00   3.034464e+00   9.611136e+00     2.6667e-01   3.895669e-02   1.925707e+01
   1.277675e-03   2.579621e+00   3.058788e+00   9.590194e+00     2.6899e-01   3.763691e-02   1.781885e+01
   1.295551e-03   2.595323e+00   3.081973e+00   9.561901e+00     2.7142e-01   3.650917e-02   1.652246e+01
   1.313427e-03   2.610173e+00   3.103960e+00   9.540462e+00     2.7359e-01   3.529837e-02   1.535198e+01
   1.331303e-03   2.624199e+00   3.124874e+00   9.512307e+00     2.7587e-01   3.425665e-02   1.429219e+01
   1.349178e-03   2.637432e+00   3.144644e+00   9.490451e+00     2.7790e-01   3.314633e-02   1.333129e+01
   1.367054e-03   2.649900e+00   3.163412e+00   9.462029e+00     2.8006e-01   3.219236e-02   1.245763e+01
   1.384930e-03   2.661630e+00   3.181091e+00   9.440279e+00     2.8194e-01   3.116689e-02   1.166239e+01
   1.402806e-03   2.672651e+00   3.197846e+00   9.411514e+00     2.8398e-01   3.029594e-02   1.093653e+01
   1.420681e-03   2.682988e+00   3.213568e+00   9.390085e+00     2.8573e-01   2.934599e-02   1.027334e+01
   1.438557e-03   2.692666e+00   3.228410e+00   9.360877e+00     2.8765e-01   2.855365e-02   9.665858e+00
   1.456433e-03   2.701712e+00   3.242336e+00   9.332464e+00     2.8950e-01   2.778163e-02   9.108618e+00
   1.474309e-03   2.710150e+00   3.255312e+00   9.310321e+00     2.9109e-01   2.695114e-02   8.596909e+00
   1.492184e-03   2.718003e+00   3.267529e+00   9.281347e+00     2.9285e-01   2.625120e-02   8.125743e+00
   1.510060e-03   2.725294e+00   3.278819e+00   9.260024e+00     2.9431e-01   2.547534e-02   7.691698e+00
   1.527936e-03   2.732046e+00   3.289380e+00   9.230560e+00     2.9598e-01   2.484104e-02   7.290859e+00
   1.545812e-03   2.738279e+00   3.299199e+00   9.201875e+00     2.9758e-01   2.422256e-02   6.920249e+00
   1.563687e-03   2.744016e+00   3.308166e+00   9.180120e+00     2.9891e-01   2.354155e-02   6.577377e+00
   1.581563e-03   2.749275e+00   3.316505e+00   9.150904e+00     3.0044e-01   2.298205e-02   6.259311e+00
   1.599439e-03   2.754077e+00   3.324145e+00   9.122384e+00     3.0190e-01   2.243718e-02   5.964016e+00
   1.617315e-03   2.758440e+00   3.331025e+00   9.100311e+00     3.0311e-01   2.183848e-02   5.689773e+00
   1.635190e-03   2.760410e+00   3.334159e+00   9.090016e+00     3.0367e-01   2.154866e-02   5.562683e+00
   1.653066e-03   2.761993e+00   3.336768e+00   9.072385e+00     3.0444e-01   2.140447e-02   5.456419e+00
   1.670942e-03   2.763414e+00   3.339029e+00   9.061970e+00     3.0495e-01   2.118645e-02   5.356117e+00
   1.688818e-03   2.764673e+00   3.341035e+00   9.051700e+00     3.0543e-01   2.097712e-02   5.261221e+00
   1.706693e-03   2.765771e+00   3.342786e+00   9.041448e+00     3.0590e-01   2.077722e-02   5.171365e+00
   1.724569e-03   2.766711e+00   3.344286e+00   9.031244e+00     3.0635e-01   2.058578e-02   5.086219e+00
   1.742445e-03   2.767497e+00   3.345545e+00   9.021147e+00     3.0678e-01   2.040159e-02   5.005479e+00
   1.760321e-03   2.768135e+00   3.346567e+00   9.011068e+00     3.0719e-01   2.022516e-02   4.928852e+00
   1.778196e-03   2.768629e+00   3.347360e+00   9.001020e+00     3.0759e-01   2.005587e-02   4.856074e+00
   1.796072e-03   2.768984e+00   3.347933e+00   8.990993e+00     3.0797e-01   1.989344e-02   4.786900e+00
   1.813948e-03   2.769207e+00   3.348294e+00   8.981022e+00     3.0834e-01   1.973709e-02   4.721107e+00
   1.831824e-03   2.769301e+00   3.348450e+00   8.971043e+00     3.0869e-01   1.958718e-02   4.658483e+00
   1.849699e-03   2.769273e+00   3.348411e+00   8.961138e+00     3.0903e-01   1.944250e-02   4.598839e+00
   1.867575e-03   2.769127e+00   3.348184e+00   8.951202e+00     3.0936e-01   1.930388e-02   4.541989e+00
   1.885451e-03   2.768869e+00   3.347778e+00   8.941347e+00     3.0967e-01   1.916988e-02   4.487777e+00
   1.903327e-03   2.768503e+00   3.347198e+00   8.931527e+00     3.0997e-01   1.904073e-02   4.436046e+00
   1.921202e-03   2.768034e+00   3.346434e+00   8.921734e+00     3.1026e-01   1.891627e-02   4.386654e+00
   1.939078e-03   2.767467e+00   3.345513e+00   8.911984e+00     3.1053e-01   1.879614e-02   4.339471e+00
   1.956954e-03   2.766807e+00   3.344441e+00   8.902276e+00     3.1080e-01   1.868015e-02   4.294375e+00
   1.974830e-03   2.766057e+00   3.343225e+00   8.892602e+00     3.1105e-01   1.856820e-02   4.251252e+00
   1.992705e-03   2.765222e+00   3.341795e+00   8.890010e+00     3.1105e-01   1.838776e-02   4.210158e+00
   2.010581e-03   2.764306e+00   3.340315e+00   8.880072e+00     3.1129e-01   1.828716e-02   4.170678e+00
   2.028457e-03   2.763313e+00   3.338715e+00   8.870168e+00     3.1153e-01   1.819005e-02   4.132869e+00
   2.046333e-03   2.762246e+00   3.336978e+00   8.860320e+00     3.1175e-01   1.809606e-02   4.096646e+00
   2.064208e-03   2.761108e+00   3.335121e+00   8.850557e+00     3.1197e-01   1.800477e-02   4.061928e+00
   2.082084e-03   2.759904e+00   3.333159e+00   8.840834e+00     3.1218e-01   1.791649e-02   4.028637e+00
   2.099960e-03   2.758636e+00   3.331100e+00   8.831226e+00     3.1237e-01   1.783039e-02   3.996708e+00
   2.117836e-03   2.757308e+00   3.328944e+00   8.821668e+00     3.1256e-01   1.774699e-02   3.966074e+00
   2.135711e-03   2.755922e+00   3.326698e+00   8.812179e+00     3.1274e-01   1.766603e-02   3.936676e+00
   2.153587e-03   2.754482e+00   3.324304e+00   8.810009e+00     3.1265e-01   1.751593e-02   3.908628e+00
   2.171463e-03   2.752989e+00   3.321853e+00   8.800101e+00     3.1284e-01   1.744543e-02   3.881557e+00
   2.189339e-03   2.751448e+00   3.319331e+00   8.790286e+00     3.1301e-01   1.737677e-02   3.855548e+00
   2.207214e-03   2.749860e+00   3.316744e+00   8.780643e+00     3.1317e-01   1.730908e-02   3.830553e+00
   2.225090e-03   2.748227e+00   3.314091e+00   8.771082e+00     3.1333e-01   1.724318e-02   3.806526e+00
   2.242966e-03   2.746552e+00   3.311378e+00   8.761786e+00     3.1347e-01   1.717728e-02   3.783440e+00
   2.260842e-03   2.744838e+00   3.308600e+00   8.752469e+00     3.1361e-01   1.711408e-02   3.761245e+00
   2.278717e-03   2.743086e+00   3.305643e+00   8.750058e+00     3.1349e-01   1.698692e-02   3.740084e+00
   2.296593e-03   2.741297e+00   3.302720e+00   8.740296e+00     3.1364e-01   1.693309e-02   3.719587e+00
   2.314469e-03   2.739476e+00   3.299753e+00   8.730674e+00     3.1378e-01   1.688009e-02   3.699860e+00
   2.332345e-03   2.737622e+00   3.296748e+00   8.721297e+00     3.1390e-01   1.682690e-02   3.680876e+00
   2.350220e-03   2.735737e+00   3.293699e+00   8.712141e+00     3.1401e-01   1.677378e-02   3.662622e+00
   2.368096e-03   2.733825e+00   3.290470e+00   8.710028e+00     3.1387e-01   1.665604e-02   3.645232e+00
   2.385972e-03   2.731885e+00   3.287299e+00   8.700256e+00     3.1400e-01   1.661323e-02   3.628364e+00
   2.403848e-03   2.729920e+00   3.284105e+00   8.690725e+00     3.1412e-01   1.657000e-02   3.612117e+00
   2.421723e-03   2.727931e+00   3.280885e+00   8.681465e+00     3.1422e-01   1.652608e-02   3.596474e+00
   2.439599e-03   2.725919e+00   3.277601e+00   8.672496e+00     3.1432e-01   1.648136e-02   3.581438e+00
   2.457475e-03   2.723887e+00   3.274179e+00   8.670114e+00     3.1417e-01   1.637693e-02   3.567140e+00
   2.475351e-03   2.721834e+00   3.270839e+00   8.660522e+00     3.1428e-01   1.634191e-02   3.553233e+00
   2.493226e-03   2.719763e+00   3.267485e+00   8.651234e+00     3.1438e-01   1.630567e-02   3.539833e+00
   2.511102e-03   2.717674e+00   3.264068e+00   8.642262e+00     3.1446e-01   1.626821e-02   3.526946e+00
   2.528978e-03   2.715569e+00   3.260536e+00   8.640082e+00     3.1430e-01   1.616956e-02   3.514729e+00
   2.546854e-03   2.713449e+00   3.257089e+00   8.630514e+00     3.1440e-01   1.614117e-02   3.502828e+00
   2.564729e-03   2.711315e+00   3.253619e+00   8.621309e+00     3.1449e-01   1.611089e-02   3.491360e+00
   2.582605e-03   2.709167e+00   3.250108e+00   8.612487e+00     3.1456e-01   1.607864e-02   3.480343e+00
   2.600481e-03   2.707007e+00   3.246497e+00   8.610166e+00     3.1440e-01   1.598826e-02   3.469927e+00
   2.618357e-03   2.704836e+00   3.242979e+00   8.600734e+00     3.1449e-01   1.596482e-02   3.459755e+00
   2.636232e-03   2.702655e+00   3.239409e+00   8.591740e+00     3.1456e-01   1.593870e-02   3.449963e+00
   2.654108e-03   2.700464e+00   3.235749e+00   8.590031e+00     3.1437e-01   1.584746e-02   3.440727e+00
   2.671984e-03   2.698264e+00   3.232175e+00   8.580431e+00     3.1447e-01   1.582999e-02   3.431730e+00
   2.689860e-03   2.696056e+00   3.228570e+00   8.571276e+00     3.1455e-01   1.580965e-02   3.423056e+00
   2.707735e-03   2.693840e+00   3.224953e+00   8.562590e+00     3.1461e-01   1.578637e-02   3.414738e+00
   2.725611e-03   2.691619e+00   3.221259e+00   8.560243e+00     3.1443e-01   1.570700e-02   3.406943e+00
   2.743487e-03   2.689391e+00   3.217626e+00   8.551032e+00     3.1451e-01   1.569120e-02   3.399289e+00
   2.761363e-03   2.687158e+00   3.213983e+00   8.542369e+00     3.1457e-01   1.567165e-02   3.391949e+00
   2.779238e-03   2.684920e+00   3.210266e+00   8.540193e+00     3.1439e-01   1.559485e-02   3.385101e+00
   2.797114e-03   2.682678e+00   3.206608e+00   8.530970e+00     3.1446e-01   1.558295e-02   3.378372e+00
   2.814990e-03   2.680433e+00   3.202948e+00   8.522348e+00     3.1452e-01   1.556673e-02   3.371924e+00
   2.832866e-03   2.678185e+00   3.199219e+00   8.520200e+00     3.1433e-01   1.549357e-02   3.365941e+00
   2.850741e-03   2.675934e+00   3.195541e+00   8.511017e+00     3.1441e-01   1.548483e-02   3.360048e+00
   2.868617e-03   2.673681e+00   3.191874e+00   8.502524e+00     3.1446e-01   1.547097e-02   3.354420e+00
   2.886493e-03   2.671427e+00   3.188146e+00   8.500289e+00     3.1427e-01   1.540226e-02   3.349229e+00
   2.904369e-03   2.669172e+00   3.184453e+00   8.491282e+00     3.1434e-01   1.539525e-02   3.344099e+00
   2.922244e-03   2.666916e+00   3.180713e+00   8.490009e+00     3.1412e-01   1.532011e-02   3.339368e+00
   2.940120e-03   2.664661e+00   3.177044e+00   8.480495e+00     3.1421e-01   1.531999e-02   3.334754e+00
   2.957996e-03   2.662405e+00   3.173362e+00   8.471692e+00     3.1427e-01   1.531429e-02   3.330319e+00
   2.975872e-03   2.660150e+00   3.169633e+00   8.470098e+00     3.1406e-01   1.524546e-02   3.326297e+00
   2.993747e-03   2.657896e+00   3.165952e+00   8.460832e+00     3.1414e-01   1.524606e-02   3.322325e+00
   3.011623e-03   2.655643e+00   3.162292e+00   8.452450e+00     3.1419e-01   1.523966e-02   3.318550e+00
   3.029499e-03   2.653392e+00   3.158567e+00   8.450313e+00     3.1400e-01   1.517886e-02   3.315161e+00
   3.047375e-03   2.651143e+00   3.154896e+00   8.441490e+00     3.1406e-01   1.517830e-02   3.311782e+00
   3.065251e-03   2.648896e+00   3.151185e+00   8.440063e+00     3.1385e-01   1.511313e-02   3.308772e+00
   3.083126e-03   2.646652e+00   3.147524e+00   8.430827e+00     3.1393e-01   1.511824e-02   3.305801e+00
   3.101002e-03   2.644411e+00   3.143885e+00   8.422450e+00     3.1397e-01   1.511647e-02   3.302985e+00
   3.118878e-03   2.642173e+00   3.140180e+00   8.420368e+00     3.1378e-01   1.506009e-02   3.300545e+00
   3.136754e-03   2.639938e+00   3.136543e+00   8.411734e+00     3.1384e-01   1.506238e-02   3.298081e+00
   3.154629e-03   2.637707e+00   3.132869e+00   8.410147e+00     3.1363e-01   1.500341e-02   3.295975e+00
   3.172505e-03   2.635480e+00   3.129228e+00   8.401116e+00     3.1371e-01   1.501099e-02   3.293858e+00
   3.190381e-03   2.633257e+00   3.125564e+00   8.400027e+00     3.1348e-01   1.494930e-02   3.292057e+00
   3.208257e-03   2.631038e+00   3.121948e+00   8.390733e+00     3.1356e-01   1.496099e-02   3.290283e+00
   3.226132e-03   2.628823e+00   3.118361e+00   8.382515e+00     3.1361e-01   1.496380e-02   3.288633e+00
   3.244008e-03   2.626614e+00   3.114705e+00   8.380454e+00     3.1342e-01   1.491338e-02   3.287316e+00
   3.261884e-03   2.624409e+00   3.111126e+00   8.371976e+00     3.1348e-01   1.492004e-02   3.285951e+00
   3.279760e-03   2.622209e+00   3.107500e+00   8.370291e+00     3.1328e-01   1.486795e-02   3.284928e+00
   3.297635e-03   2.620015e+00   3.103929e+00   8.361595e+00     3.1334e-01   1.487810e-02   3.283848e+00
   3.315511e-03   2.617826e+00   3.100332e+00   8.360156e+00     3.1313e-01   1.482539e-02   3.283094e+00
   3.333387e-03   2.615642e+00   3.096772e+00   8.351342e+00     3.1320e-01   1.483812e-02   3.282293e+00
   3.351263e-03   2.613464e+00   3.093197e+00   8.350091e+00     3.1299e-01   1.478524e-02   3.281788e+00
   3.369138e-03   2.611292e+00   3.089655e+00   8.341071e+00     3.1306e-01   1.480126e-02   3.281249e+00
   3.387014e-03   2.609126e+00   3.086100e+00   8.340048e+00     3.1284e-01   1.474785e-02   3.280989e+00
   3.404890e-03   2.606966e+00   3.082583e+00   8.330984e+00     3.1292e-01   1.476570e-02   3.280705e+00
   3.422766e-03   2.604812e+00   3.079047e+00   8.330025e+00     3.1270e-01   1.471313e-02   3.280675e+00
   3.440641e-03   2.602665e+00   3.075555e+00   8.320914e+00     3.1279e-01   1.473277e-02   3.280631e+00
   3.458517e-03   2.600524e+00   3.072041e+00   8.320016e+00     3.1256e-01   1.468106e-02   3.280824e+00
   3.476393e-03   2.598389e+00   3.068571e+00   8.310870e+00     3.1265e-01   1.470235e-02   3.281005e+00
   3.494269e-03   2.596261e+00   3.065081e+00   8.310020e+00     3.1243e-01   1.465158e-02   3.281418e+00
   3.512144e-03   2.594140e+00   3.061634e+00   8.300862e+00     3.1251e-01   1.467425e-02   3.281811e+00
   3.530020e-03   2.592026e+00   3.058169e+00   8.300022e+00     3.1229e-01   1.462472e-02   3.282435e+00
   3.547896e-03   2.589918e+00   3.054746e+00   8.290956e+00     3.1238e-01   1.464783e-02   3.283032e+00
   3.565772e-03   2.587817e+00   3.051306e+00   8.290039e+00     3.1216e-01   1.460027e-02   3.283860e+00
   3.583647e-03   2.585724e+00   3.047906e+00   8.281088e+00     3.1224e-01   1.462357e-02   3.284646e+00
   3.601523e-03   2.583637e+00   3.044493e+00   8.280071e+00     3.1203e-01   1.457817e-02   3.285673e+00
   3.619399e-03   2.581558e+00   3.041117e+00   8.271257e+00     3.1211e-01   1.460141e-02   3.286639e+00
   3.637275e-03   2.579486e+00   3.037731e+00   8.270126e+00     3.1190e-01   1.455826e-02   3.287858e+00
   3.655150e-03   2.577421e+00   3.034379e+00   8.261503e+00     3.1198e-01   1.458095e-02   3.288995e+00
   3.673026e-03   2.575363e+00   3.031009e+00   8.260221e+00     3.1178e-01   1.454032e-02   3.290399e+00
   3.690902e-03   2.573313e+00   3.027692e+00   8.251797e+00     3.1185e-01   1.456236e-02   3.291698e+00
   3.708778e-03   2.571270e+00   3.024340e+00   8.250369e+00     3.1166e-01   1.452419e-02   3.293279e+00
   3.726653e-03   2.569235e+00   3.021058e+00   8.242198e+00     3.1172e-01   1.454509e-02   3.294739e+00
   3.744529e-03   2.567207e+00   3.017725e+00   8.240598e+00     3.1153e-01   1.450953e-02   3.296485e+00
   3.762405e-03   2.565187e+00   3.014477e+00   8.232700e+00     3.1159e-01   1.452914e-02   3.298108e+00
   3.780281e-03   2.563174e+00   3.011164e+00   8.230882e+00     3.1141e-01   1.449653e-02   3.300000e+00
   3.798156e-03   2.561169e+00   3.007890e+00   8.230047e+00     3.1120e-01   1.445576e-02   3.301944e+00
   3.816032e-03   2.559172e+00   3.004660e+00   8.221311e+00     3.1129e-01   1.448435e-02   3.303816e+00
   3.833908e-03   2.557182e+00   3.001413e+00   8.220196e+00     3.1109e-01   1.444715e-02   3.305927e+00
   3.851784e-03   2.555200e+00   2.998210e+00   8.211792e+00     3.1116e-01   1.447374e-02   3.307919e+00
   3.869659e-03   2.553226e+00   2.994977e+00   8.210449e+00     3.1097e-01   1.443961e-02   3.310188e+00
   3.887535e-03   2.551259e+00   2.991817e+00   8.202495e+00     3.1103e-01   1.446324e-02   3.312315e+00
   3.905411e-03   2.549300e+00   2.988601e+00   8.200863e+00     3.1086e-01   1.443260e-02   3.314716e+00
   3.923287e-03   2.547349e+00   2.985418e+00   8.200063e+00     3.1065e-01   1.439503e-02   3.317151e+00
   3.941162e-03   2.545405e+00   2.982283e+00   8.191418e+00     3.1074e-01   1.442624e-02   3.319500e+00
   3.959038e-03   2.543470e+00   2.979125e+00   8.190253e+00     3.1055e-01   1.439292e-02   3.322089e+00
   3.976914e-03   2.541542e+00   2.976023e+00   8.182134e+00     3.1062e-01   1.442037e-02   3.324540e+00
   3.994790e-03   2.539622e+00   2.972878e+00   8.180658e+00     3.1044e-01   1.439071e-02   3.327263e+00
   4.012665e-03   2.537709e+00   2.969758e+00   8.180023e+00     3.1023e-01   1.435400e-02   3.330004e+00
   4.030541e-03   2.535805e+00   2.966695e+00   8.171325e+00     3.1033e-01   1.438799e-02   3.332669e+00
   4.048417e-03   2.533908e+00   2.963607e+00   8.170249e+00     3.1014e-01   1.435614e-02   3.335557e+00
   4.066293e-03   2.532019e+00   2.960569e+00   8.162128e+00     3.1022e-01   1.438584e-02   3.338303e+00
   4.084168e-03   2.530138e+00   2.957491e+00   8.160684e+00     3.1004e-01   1.435811e-02   3.341316e+00
   4.102044e-03   2.528265e+00   2.954439e+00   8.160038e+00     3.0983e-01   1.432369e-02   3.344348e+00
   4.119920e-03   2.526400e+00   2.951444e+00   8.151479e+00     3.0993e-01   1.435860e-02   3.347286e+00
   4.137796e-03   2.524542e+00   2.948420e+00   8.150348e+00     3.0975e-01   1.432937e-02   3.350454e+00
   4.155671e-03   2.522692e+00   2.945455e+00   8.142507e+00     3.0982e-01   1.435875e-02   3.353475e+00
   4.173547e-03   2.520850e+00   2.942443e+00   8.140971e+00     3.0965e-01   1.433387e-02   3.356745e+00
   4.191423e-03   2.519016e+00   2.939462e+00   8.140139e+00     3.0946e-01   1.430317e-02   3.360051e+00
   4.209299e-03   2.517189e+00   2.936530e+00   8.131882e+00     3.0955e-01   1.433742e-02   3.363224e+00
   4.227174e-03   2.515370e+00   2.933565e+00   8.130612e+00     3.0937e-01   1.431143e-02   3.366653e+00
   4.245050e-03   2.513559e+00   2.930614e+00   8.130040e+00     3.0917e-01   1.427956e-02   3.370089e+00
   4.262926e-03   2.511756e+00   2.927729e+00   8.121521e+00     3.0927e-01   1.431735e-02   3.373427e+00
   4.280802e-03   2.509960e+00   2.924810e+00   8.120402e+00     3.0909e-01   1.429116e-02   3.376989e+00
   4.298677e-03   2.508172e+00   2.921891e+00   8.120003e+00     3.0889e-01   1.425884e-02   3.380549e+00
   4.316553e-03   2.506392e+00   2.919049e+00   8.111243e+00     3.0900e-01   1.429996e-02   3.384041e+00
   4.334429e-03   2.504619e+00   2.916177e+00   8.110281e+00     3.0882e-01   1.427346e-02   3.387731e+00
   4.352305e-03   2.502855e+00   2.913352e+00   8.102530e+00     3.0890e-01   1.430636e-02   3.391277e+00
   4.370180e-03   2.501097e+00   2.910487e+00   8.101023e+00     3.0874e-01   1.428534e-02   3.395047e+00
   4.388056e-03   2.499348e+00   2.907651e+00   8.100216e+00     3.0855e-01   1.425854e-02   3.398861e+00
   4.405932e-03   2.497606e+00   2.904867e+00   8.092298e+00     3.0864e-01   1.429396e-02   3.402527e+00
   4.423808e-03   2.495871e+00   2.902044e+00   8.090948e+00     3.0848e-01   1.427265e-02   3.406431e+00
   4.441683e-03   2.494144e+00   2.899242e+00   8.090180e+00     3.0829e-01   1.424652e-02   3.410361e+00
   4.459559e-03   2.492425e+00   2.896502e+00   8.082279e+00     3.0838e-01   1.428288e-02   3.414154e+00
   4.477435e-03   2.490713e+00   2.893718e+00   8.080924e+00     3.0822e-01   1.426259e-02   3.418170e+00
   4.495311e-03   2.489009e+00   2.890952e+00   8.080181e+00     3.0804e-01   1.423722e-02   3.422215e+00
   4.513186e-03   2.487312e+00   2.888251e+00   8.072247e+00     3.0813e-01   1.427488e-02   3.426116e+00
   4.531062e-03   2.485623e+00   2.885505e+00   8.070922e+00     3.0797e-01   1.425532e-02   3.430247e+00
   4.548938e-03   2.483941e+00   2.882777e+00   8.070191e+00     3.0779e-01   1.423081e-02   3.434405e+00
   4.566814e-03   2.482266e+00   2.880116e+00   8.062405e+00     3.0788e-01   1.426817e-02   3.438418e+00
   4.584689e-03   2.480599e+00   2.877408e+00   8.061045e+00     3.0773e-01   1.424984e-02   3.442649e+00
   4.602565e-03   2.478939e+00   2.874719e+00   8.060246e+00     3.0755e-01   1.422688e-02   3.446915e+00
   4.620441e-03   2.477287e+00   2.872094e+00   8.052622e+00     3.0764e-01   1.426378e-02   3.451031e+00
   4.638317e-03   2.475642e+00   2.869423e+00   8.051215e+00     3.0749e-01   1.424675e-02   3.455358e+00
   4.656192e-03   2.474004e+00   2.866775e+00   8.050345e+00     3.0732e-01   1.422534e-02   3.459730e+00
   4.674068e-03   2.472373e+00   2.864117e+00   8.050009e+00     3.0713e-01   1.419937e-02   3.464093e+00
   4.691944e-03   2.470750e+00   2.861551e+00   8.041497e+00     3.0725e-01   1.424541e-02   3.468361e+00
   4.709820e-03   2.469134e+00   2.858942e+00   8.040531e+00     3.0709e-01   1.422573e-02   3.472833e+00
   4.727695e-03   2.467525e+00   2.856319e+00   8.040064e+00     3.0690e-01   1.420181e-02   3.477302e+00
   4.745571e-03   2.465923e+00   2.853791e+00   8.031887e+00     3.0702e-01   1.424576e-02   3.481647e+00
   4.763447e-03   2.464328e+00   2.851214e+00   8.030805e+00     3.0686e-01   1.422795e-02   3.486210e+00
   4.781323e-03   2.462741e+00   2.848634e+00   8.030173e+00     3.0669e-01   1.420637e-02   3.490783e+00
   4.799198e-03   2.461160e+00   2.846140e+00   8.022372e+00     3.0679e-01   1.424784e-02   3.495203e+00
   4.817074e-03   2.459587e+00   2.843595e+00   8.021167e+00     3.0664e-01   1.423191e-02   3.499848e+00
   4.834950e-03   2.458020e+00   2.841061e+00   8.020360e+00     3.0647e-01   1.421273e-02   3.504519e+00
   4.852826e-03   2.456461e+00   2.838527e+00   8.020019e+00     3.0629e-01   1.418957e-02   3.509183e+00
   4.870701e-03   2.454908e+00   2.836084e+00   8.011639e+00     3.0642e-01   1.423737e-02   3.513733e+00
   4.888577e-03   2.453363e+00   2.833595e+00   8.010694e+00     3.0626e-01   1.422022e-02   3.518496e+00
   4.906453e-03   2.451824e+00   2.831090e+00   8.010145e+00     3.0609e-01   1.419975e-02   3.523260e+00
   4.924329e-03   2.450292e+00   2.828684e+00   8.002411e+00     3.0619e-01   1.424264e-02   3.527879e+00
   4.942204e-03   2.448768e+00   2.826224e+00   8.001255e+00     3.0605e-01   1.422807e-02   3.532707e+00
   4.960080e-03   2.447249e+00   2.823766e+00   8.000390e+00     3.0589e-01   1.421119e-02   3.537561e+00
   4.977956e-03   2.445738e+00   2.821315e+00   8.000038e+00     3.0572e-01   1.418992e-02   3.542412e+00
   4.995832e-03   2.444234e+00   2.818958e+00   7.991865e+00     3.0584e-01   1.423776e-02   3.547135e+00
   5.013707e-03   2.442736e+00   2.816546e+00   7.990831e+00     3.0569e-01   1.422315e-02   3.552071e+00
   5.031583e-03   2.441245e+00   2.814125e+00   7.990254e+00     3.0553e-01   1.420467e-02   3.557020e+00
   5.049459e-03   2.439760e+00   2.811727e+00   7.990004e+00     3.0535e-01   1.418342e-02   3.561957e+00
   5.067335e-03   2.438283e+00   2.809416e+00   7.981558e+00     3.0549e-01   1.423478e-02   3.566789e+00
   5.085210e-03   2.436812e+00   2.807047e+00   7.980692e+00     3.0534e-01   1.421962e-02   3.571821e+00
   5.103086e-03   2.435347e+00   2.804667e+00   7.980162e+00     3.0518e-01   1.420162e-02   3.576852e+00
   5.120962e-03   2.433889e+00   2.802391e+00   7.972606e+00     3.0528e-01   1.424580e-02   3.581733e+00
   5.138838e-03   2.432438e+00   2.800054e+00   7.971404e+00     3.0515e-01   1.423422e-02   3.586808e+00
   5.156713e-03   2.430993e+00   2.797721e+00   7.970600e+00     3.0499e-01   1.421941e-02   3.591925e+00
   5.174589e-03   2.429554e+00   2.795390e+00   7.970129e+00     3.0483e-01   1.420177e-02   3.597039e+00
   5.192465e-03   2.428122e+00   2.793161e+00   7.962473e+00     3.0495e-01   1.424781e-02   3.602002e+00
   5.210341e-03   2.426696e+00   2.790869e+00   7.961365e+00     3.0481e-01   1.423631e-02   3.607169e+00
   5.228216e-03   2.425277e+00   2.788573e+00   7.960554e+00     3.0466e-01   1.422241e-02   3.612365e+00
   5.246092e-03   2.423864e+00   2.786288e+00   7.960127e+00     3.0450e-01   1.420525e-02   3.617561e+00
   5.263968e-03   2.422458e+00   2.784104e+00   7.952522e+00     3.0462e-01   1.425178e-02   3.622607e+00
   5.281844e-03   2.421058e+00   2.781855e+00   7.951419e+00     3.0448e-01   1.424108e-02   3.627850e+00
   5.299719e-03   2.419664e+00   2.779600e+00   7.950602e+00     3.0434e-01   1.422808e-02   3.633124e+00
   5.317595e-03   2.418276e+00   2.777356e+00   7.950160e+00     3.0418e-01   1.421188e-02   3.638400e+00
   5.335471e-03   2.416894e+00   2.775215e+00   7.942630e+00     3.0429e-01   1.425864e-02   3.643515e+00
   5.353347e-03   2.415519e+00   2.773008e+00   7.941515e+00     3.0416e-01   1.424886e-02   3.648829e+00
   5.371222e-03   2.414150e+00   2.770798e+00   7.940728e+00     3.0402e-01   1.423642e-02   3.654182e+00
   5.389098e-03   2.412786e+00   2.768595e+00   7.940238e+00     3.0387e-01   1.422146e-02   3.659536e+00
   5.406974e-03   2.411429e+00   2.766418e+00   7.940011e+00     3.0371e-01   1.420425e-02   3.664880e+00
   5.424850e-03   2.410078e+00   2.764330e+00   7.931840e+00     3.0385e-01   1.425791e-02   3.670105e+00
   5.442725e-03   2.408734e+00   2.762162e+00   7.930917e+00     3.0371e-01   1.424744e-02   3.675520e+00
   5.460601e-03   2.407395e+00   2.759998e+00   7.930374e+00     3.0357e-01   1.423375e-02   3.680951e+00
   5.478477e-03   2.406062e+00   2.757857e+00   7.930062e+00     3.0341e-01   1.421809e-02   3.686372e+00
   5.496353e-03   2.404735e+00   2.755809e+00   7.922171e+00     3.0354e-01   1.427005e-02   3.691641e+00
   5.514228e-03   2.403414e+00   2.753692e+00   7.921297e+00     3.0341e-01   1.425991e-02   3.697127e+00
   5.532104e-03   2.402098e+00   2.751565e+00   7.920631e+00     3.0327e-01   1.424808e-02   3.702627e+00
   5.549980e-03   2.400789e+00   2.749457e+00   7.920165e+00     3.0312e-01   1.423457e-02   3.708122e+00
   5.567856e-03   2.399486e+00   2.747376e+00   7.920001e+00     3.0297e-01   1.421845e-02   3.713611e+00
   5.585731e-03   2.398188e+00   2.745379e+00   7.911771e+00     3.0312e-01   1.427457e-02   3.718983e+00
   5.603607e-03   2.396896e+00   2.743292e+00   7.910964e+00     3.0298e-01   1.426472e-02   3.724544e+00
   5.621483e-03   2.395610e+00   2.741218e+00   7.910394e+00     3.0284e-01   1.425289e-02   3.730112e+00
   5.639359e-03   2.394329e+00   2.739166e+00   7.910075e+00     3.0269e-01   1.423891e-02   3.735675e+00
   5.657234e-03   2.393055e+00   2.737212e+00   7.902428e+00     3.0283e-01   1.429055e-02   3.741085e+00
   5.675110e-03   2.391785e+00   2.735177e+00   7.901478e+00     3.0270e-01   1.428264e-02   3.746691e+00
   5.692986e-03   2.390522e+00   2.733138e+00   7.900786e+00     3.0257e-01   1.427262e-02   3.752324e+00
   5.710862e-03   2.389264e+00   2.731116e+00   7.900298e+00     3.0243e-01   1.426089e-02   3.757959e+00
   5.728737e-03   2.388012e+00   2.729116e+00   7.900035e+00     3.0228e-01   1.424723e-02   3.763585e+00
   5.746613e-03   2.386765e+00   2.727210e+00   7.892207e+00     3.0242e-01   1.430148e-02   3.769064e+00
   5.764489e-03   2.385524e+00   2.725212e+00   7.891321e+00     3.0230e-01   1.429384e-02   3.774742e+00
   5.782365e-03   2.384288e+00   2.723221e+00   7.890669e+00     3.0217e-01   1.428428e-02   3.780442e+00
   5.800240e-03   2.383058e+00   2.721249e+00   7.890264e+00     3.0203e-01   1.427261e-02   3.786141e+00
   5.818116e-03   2.381833e+00   2.719297e+00   7.890033e+00     3.0188e-01   1.425945e-02   3.791831e+00
   5.835992e-03   2.380614e+00   2.717437e+00   7.882177e+00     3.0202e-01   1.431490e-02   3.797373e+00
   5.853868e-03   2.379400e+00   2.715481e+00   7.881361e+00     3.0190e-01   1.430744e-02   3.803117e+00
   5.871743e-03   2.378191e+00   2.713538e+00   7.880742e+00     3.0177e-01   1.429837e-02   3.808878e+00
   5.889619e-03   2.376988e+00   2.711611e+00   7.880295e+00     3.0164e-01   1.428786e-02   3.814637e+00
   5.907495e-03   2.375790e+00   2.709704e+00   7.880058e+00     3.0149e-01   1.427552e-02   3.820390e+00
   5.925371e-03   2.374597e+00   2.707888e+00   7.872360e+00     3.0164e-01   1.433047e-02   3.825993e+00
   5.943246e-03   2.373410e+00   2.705978e+00   7.871509e+00     3.0152e-01   1.432406e-02   3.831788e+00
   5.961122e-03   2.372227e+00   2.704078e+00   7.870837e+00     3.0139e-01   1.431622e-02   3.837604e+00
   5.978998e-03   2.371050e+00   2.702194e+00   7.870389e+00     3.0126e-01   1.430647e-02   3.843424e+00
   5.996874e-03   2.369879e+00   2.700328e+00   7.870096e+00     3.0112e-01   1.429540e-02   3.849238e+00
   6.014749e-03   2.368712e+00   2.698483e+00   7.870001e+00     3.0098e-01   1.428263e-02   3.855046e+00
   6.032625e-03   2.367550e+00   2.696695e+00   7.861803e+00     3.0115e-01   1.434321e-02   3.860735e+00
   6.050501e-03   2.366394e+00   2.694838e+00   7.861081e+00     3.0103e-01   1.433654e-02   3.866601e+00
   6.068377e-03   2.365242e+00   2.692995e+00   7.860561e+00     3.0090e-01   1.432817e-02   3.872478e+00
   6.086253e-03   2.364096e+00   2.691169e+00   7.860205e+00     3.0077e-01   1.431840e-02   3.878351e+00
   6.104128e-03   2.362955e+00   2.689361e+00   7.860028e+00     3.0063e-01   1.430709e-02   3.884218e+00
   6.122004e-03   2.361818e+00   2.687625e+00   7.852184e+00     3.0078e-01   1.436527e-02   3.889933e+00
   6.139880e-03   2.360687e+00   2.685810e+00   7.851431e+00     3.0067e-01   1.435956e-02   3.895847e+00
   6.157756e-03   2.359561e+00   2.684007e+00   7.850828e+00     3.0055e-01   1.435265e-02   3.901776e+00
   6.175631e-03   2.358439e+00   2.682218e+00   7.850395e+00     3.0042e-01   1.434429e-02   3.907706e+00
   6.193507e-03   2.357323e+00   2.680446e+00   7.850117e+00     3.0029e-01   1.433460e-02   3.913631e+00
   6.211383e-03   2.356211e+00   2.678692e+00   7.850007e+00     3.0015e-01   1.432346e-02   3.919550e+00
   6.229259e-03   2.355104e+00   2.676993e+00   7.842021e+00     3.0032e-01   1.438396e-02   3.925333e+00
   6.247134e-03   2.354002e+00   2.675229e+00   7.841309e+00     3.0021e-01   1.437867e-02   3.931301e+00
   6.265010e-03   2.352905e+00   2.673477e+00   7.840755e+00     3.0009e-01   1.437209e-02   3.937282e+00
   6.282886e-03   2.351812e+00   2.671738e+00   7.840339e+00     2.9996e-01   1.436434e-02   3.943262e+00
   6.300762e-03   2.350725e+00   2.670015e+00   7.840099e+00     2.9983e-01   1.435507e-02   3.949237e+00
   6.318637e-03   2.349642e+00   2.668310e+00   7.840003e+00     2.9970e-01   1.434456e-02   3.955207e+00
   6.336513e-03   2.348563e+00   2.666652e+00   7.831970e+00     2.9987e-01   1.440643e-02   3.961038e+00
   6.354389e-03   2.347490e+00   2.664936e+00   7.831290e+00     2.9976e-01   1.440162e-02   3.967056e+00
   6.372265e-03   2.346421e+00   2.663232e+00   7.830758e+00     2.9964e-01   1.439560e-02   3.973086e+00
   6.390140e-03   2.345356e+00   2.661542e+00   7.830380e+00     2.9952e-01   1.438824e-02   3.979117e+00
   6.408016e-03   2.344297e+00   2.659866e+00   7.830140e+00     2.9939e-01   1.437971e-02   3.985141e+00
   6.425892e-03   2.343242e+00   2.658205e+00   7.830010e+00     2.9926e-01   1.437024e-02   3.991160e+00
   6.443768e-03   2.342191e+00   2.656593e+00   7.822176e+00     2.9943e-01   1.443121e-02   3.997035e+00
   6.461643e-03   2.341145e+00   2.654924e+00   7.821441e+00     2.9932e-01   1.442760e-02   4.003090e+00
   6.479519e-03   2.340103e+00   2.653266e+00   7.820912e+00     2.9921e-01   1.442227e-02   4.009165e+00
   6.497395e-03   2.339066e+00   2.651619e+00   7.820479e+00     2.9910e-01   1.441613e-02   4.015241e+00
   6.515271e-03   2.338034e+00   2.649987e+00   7.820207e+00     2.9897e-01   1.440860e-02   4.021313e+00
   6.533146e-03   2.337006e+00   2.648369e+00   7.820042e+00     2.9885e-01   1.440016e-02   4.027379e+00
   6.551022e-03   2.335982e+00   2.646809e+00   7.812523e+00     2.9900e-01   1.445911e-02   4.033287e+00
   6.568898e-03   2.334963e+00   2.645185e+00   7.811771e+00     2.9890e-01   1.445633e-02   4.039375e+00
   6.586774e-03   2.333948e+00   2.643570e+00   7.811209e+00     2.9879e-01   1.445197e-02   4.045490e+00
   6.604649e-03   2.332938e+00   2.641966e+00   7.810751e+00     2.9868e-01   1.444675e-02   4.051609e+00
   6.622525e-03   2.331931e+00   2.640373e+00   7.810389e+00     2.9857e-01   1.444074e-02   4.057726e+00
   6.640401e-03   2.330930e+00   2.638795e+00   7.810142e+00     2.9845e-01   1.443374e-02   4.063838e+00
   6.658277e-03   2.329932e+00   2.637230e+00   7.810023e+00     2.9833e-01   1.442562e-02   4.069945e+00
   6.676152e-03   2.328939e+00   2.635707e+00   7.802302e+00     2.9849e-01   1.448741e-02   4.075894e+00
   6.694028e-03   2.327950e+00   2.634135e+00   7.801647e+00     2.9839e-01   1.448453e-02   4.082034e+00
   6.711904e-03   2.326965e+00   2.632572e+00   7.801099e+00     2.9829e-01   1.448080e-02   4.088188e+00
   6.729780e-03   2.325984e+00   2.631019e+00   7.800665e+00     2.9818e-01   1.447610e-02   4.094347e+00
   6.747655e-03   2.325008e+00   2.629478e+00   7.800370e+00     2.9806e-01   1.447021e-02   4.100505e+00
   6.765531e-03   2.324036e+00   2.627948e+00   7.800152e+00     2.9795e-01   1.446367e-02   4.106657e+00
   6.783407e-03   2.323068e+00   2.626432e+00   7.800019e+00     2.9783e-01   1.445640e-02   4.112804e+00
   6.801283e-03   2.322104e+00   2.624954e+00   7.792374e+00     2.9800e-01   1.451845e-02   4.118792e+00
   6.819158e-03   2.321144e+00   2.623431e+00   7.791735e+00     2.9790e-01   1.451614e-02   4.124967e+00
   6.837034e-03   2.320188e+00   2.621916e+00   7.791187e+00     2.9780e-01   1.451311e-02   4.131155e+00
   6.854910e-03   2.319236e+00   2.620412e+00   7.790784e+00     2.9769e-01   1.450885e-02   4.137352e+00
   6.872786e-03   2.318289e+00   2.618916e+00   7.790403e+00     2.9758e-01   1.450445e-02   4.143545e+00
   6.890661e-03   2.317345e+00   2.617435e+00   7.790216e+00     2.9747e-01   1.449832e-02   4.149736e+00
   6.908537e-03   2.316405e+00   2.615963e+00   7.790045e+00     2.9735e-01   1.449211e-02   4.155920e+00
   6.926413e-03   2.315470e+00   2.614490e+00   7.790001e+00     2.9724e-01   1.448478e-02   4.162101e+00
   6.944289e-03   2.314538e+00   2.613058e+00   7.782014e+00     2.9742e-01   1.455108e-02   4.168139e+00
   6.962164e-03   2.313610e+00   2.611590e+00   7.781450e+00     2.9732e-01   1.454887e-02   4.174357e+00
   6.980040e-03   2.312687e+00   2.610132e+00   7.781032e+00     2.9722e-01   1.454542e-02   4.180586e+00
   6.997916e-03   2.311767e+00   2.608680e+00   7.780611e+00     2.9712e-01   1.454206e-02   4.186811e+00
   7.015792e-03   2.310851e+00   2.607241e+00   7.780343e+00     2.9701e-01   1.453737e-02   4.193038e+00
   7.033667e-03   2.309939e+00   2.605812e+00   7.780150e+00     2.9690e-01   1.453202e-02   4.199259e+00
   7.051543e-03   2.309030e+00   2.604391e+00   7.780037e+00     2.9679e-01   1.452600e-02   4.205474e+00
   7.069419e-03   2.308126e+00   2.603005e+00   7.772576e+00     2.9696e-01   1.458828e-02   4.211535e+00
   7.087295e-03   2.307225e+00   2.601581e+00   7.771900e+00     2.9687e-01   1.458771e-02   4.217761e+00
   7.105170e-03   2.306328e+00   2.600165e+00   7.771392e+00     2.9677e-01   1.458573e-02   4.224012e+00
   7.123046e-03   2.305435e+00   2.598758e+00   7.770990e+00     2.9667e-01   1.458285e-02   4.230271e+00
   7.140922e-03   2.304546e+00   2.597359e+00   7.770637e+00     2.9657e-01   1.457958e-02   4.236528e+00
   7.158798e-03   2.303660e+00   2.595969e+00   7.770336e+00     2.9647e-01   1.457589e-02   4.242782e+00
   7.176673e-03   2.302778e+00   2.594590e+00   7.770144e+00     2.9636e-01   1.457125e-02   4.249033e+00
   7.194549e-03   2.301900e+00   2.593212e+00   7.770034e+00     2.9625e-01   1.456590e-02   4.255279e+00
   7.212425e-03   2.301026e+00   2.591879e+00   7.762649e+00     2.9642e-01   1.462840e-02   4.261358e+00
   7.230301e-03   2.300155e+00   2.590505e+00   7.762091e+00     2.9633e-01   1.462746e-02   4.267621e+00
   7.248176e-03   2.299288e+00   2.589137e+00   7.761516e+00     2.9624e-01   1.462676e-02   4.273888e+00
   7.266052e-03   2.298424e+00   2.587780e+00   7.761139e+00     2.9615e-01   1.462434e-02   4.280174e+00
   7.283928e-03   2.297564e+00   2.586429e+00   7.760774e+00     2.9605e-01   1.462187e-02   4.286457e+00
   7.301804e-03   2.296708e+00   2.585087e+00   7.760484e+00     2.9595e-01   1.461875e-02   4.292739e+00
   7.319679e-03   2.295855e+00   2.583753e+00   7.760234e+00     2.9585e-01   1.461533e-02   4.299017e+00
   7.337555e-03   2.295006e+00   2.582424e+00   7.760097e+00     2.9574e-01   1.461089e-02   4.305291e+00
   7.355431e-03   2.294160e+00   2.581089e+00   7.760017e+00     2.9564e-01   1.460598e-02   4.311560e+00
   7.373307e-03   2.293318e+00   2.579812e+00   7.752438e+00     2.9582e-01   1.467134e-02   4.317664e+00
   7.391182e-03   2.292479e+00   2.578492e+00   7.751906e+00     2.9573e-01   1.467090e-02   4.323953e+00
   7.409058e-03   2.291644e+00   2.577180e+00   7.751491e+00     2.9564e-01   1.466946e-02   4.330256e+00
   7.426934e-03   2.290812e+00   2.575875e+00   7.751098e+00     2.9555e-01   1.466790e-02   4.336560e+00
   7.444810e-03   2.289984e+00   2.574576e+00   7.750749e+00     2.9545e-01   1.466599e-02   4.342864e+00
   7.462685e-03   2.289159e+00   2.573286e+00   7.750464e+00     2.9536e-01   1.466353e-02   4.349167e+00
   7.480561e-03   2.288338e+00   2.572005e+00   7.750246e+00     2.9526e-01   1.466050e-02   4.355466e+00
   7.498437e-03   2.287520e+00   2.570718e+00   7.750116e+00     2.9516e-01   1.465670e-02   4.361761e+00
   7.516313e-03   2.286705e+00   2.569435e+00   7.750024e+00     2.9506e-01   1.465259e-02   4.368052e+00
   7.534188e-03   2.285894e+00   2.568212e+00   7.742568e+00     2.9524e-01   1.471779e-02   4.374175e+00
   7.552064e-03   2.285086e+00   2.566943e+00   7.742042e+00     2.9515e-01   1.471796e-02   4.380478e+00
   7.569940e-03   2.284281e+00   2.565681e+00   7.741619e+00     2.9507e-01   1.471728e-02   4.386796e+00
   7.587816e-03   2.283480e+00   2.564426e+00   7.741235e+00     2.9498e-01   1.471630e-02   4.393118e+00
   7.605691e-03   2.282682e+00   2.563177e+00   7.740869e+00     2.9489e-01   1.471522e-02   4.399438e+00
   7.623567e-03   2.281887e+00   2.561935e+00   7.740563e+00     2.9480e-01   1.471364e-02   4.405759e+00
   7.641443e-03   2.281096e+00   2.560702e+00   7.740347e+00     2.9470e-01   1.471126e-02   4.412078e+00
   7.659319e-03   2.280308e+00   2.559464e+00   7.740203e+00     2.9461e-01   1.470825e-02   4.418392e+00
   7.677194e-03   2.279523e+00   2.558229e+00   7.740080e+00     2.9451e-01   1.470510e-02   4.424703e+00
   7.695070e-03   2.278741e+00   2.557002e+00   7.740014e+00     2.9441e-01   1.470146e-02   4.431009e+00
   7.712946e-03   2.277963e+00   2.555836e+00   7.732439e+00     2.9460e-01   1.476881e-02   4.437145e+00
   7.730822e-03   2.277188e+00   2.554621e+00   7.731981e+00     2.9452e-01   1.476908e-02   4.443468e+00
   7.748697e-03   2.276415e+00   2.553413e+00   7.731565e+00     2.9443e-01   1.476904e-02   4.449798e+00
   7.766573e-03   2.275647e+00   2.552211e+00   7.731194e+00     2.9435e-01   1.476864e-02   4.456132e+00
   7.784449e-03   2.274881e+00   2.551015e+00   7.730878e+00     2.9426e-01   1.476779e-02   4.462467e+00
   7.802325e-03   2.274118e+00   2.549829e+00   7.730683e+00     2.9417e-01   1.476585e-02   4.468804e+00
   7.820200e-03   2.273359e+00   2.548641e+00   7.730409e+00     2.9408e-01   1.476470e-02   4.475133e+00
   7.838076e-03   2.272602e+00   2.547451e+00   7.730245e+00     2.9399e-01   1.476255e-02   4.481460e+00
   7.855952e-03   2.271849e+00   2.546268e+00   7.730100e+00     2.9390e-01   1.476028e-02   4.487782e+00
   7.873828e-03   2.271099e+00   2.545093e+00   7.730030e+00     2.9380e-01   1.475734e-02   4.494101e+00
   7.891703e-03   2.270351e+00   2.543982e+00   7.722688e+00     2.9398e-01   1.482349e-02   4.500244e+00
   7.909579e-03   2.269607e+00   2.542819e+00   7.722269e+00     2.9390e-01   1.482405e-02   4.506576e+00
   7.927455e-03   2.268866e+00   2.541662e+00   7.721879e+00     2.9382e-01   1.482442e-02   4.512913e+00
   7.945331e-03   2.268128e+00   2.540509e+00   7.721456e+00     2.9374e-01   1.482515e-02   4.519247e+00
   7.963206e-03   2.267393e+00   2.539362e+00   7.721105e+00     2.9366e-01   1.482528e-02   4.525587e+00
   7.981082e-03   2.266661e+00   2.538222e+00   7.720820e+00     2.9358e-01   1.482484e-02   4.531929e+00
   7.998958e-03   2.265932e+00   2.537085e+00   7.720563e+00     2.9349e-01   1.482418e-02   4.538268e+00
   8.016834e-03   2.265206e+00   2.535945e+00   7.720413e+00     2.9340e-01   1.482256e-02   4.544607e+00
   8.034709e-03   2.264482e+00   2.534810e+00   7.720242e+00     2.9332e-01   1.482117e-02   4.550939e+00
   8.052585e-03   2.263762e+00   2.533682e+00   7.720120e+00     2.9323e-01   1.481936e-02   4.557267e+00
   8.070461e-03   2.263045e+00   2.532561e+00   7.720040e+00     2.9314e-01   1.481720e-02   4.563592e+00
   8.088337e-03   2.262330e+00   2.531448e+00   7.720003e+00     2.9305e-01   1.481466e-02   4.569913e+00
   8.106212e-03   2.261619e+00   2.530397e+00   7.712332e+00     2.9325e-01   1.488509e-02   4.576062e+00
   8.124088e-03   2.260910e+00   2.529293e+00   7.711953e+00     2.9317e-01   1.488602e-02   4.582400e+00
   8.141964e-03   2.260204e+00   2.528193e+00   7.711604e+00     2.9309e-01   1.488674e-02   4.588742e+00
   8.159840e-03   2.259501e+00   2.527099e+00   7.711299e+00     2.9301e-01   1.488710e-02   4.595086e+00
   8.177715e-03   2.258801e+00   2.526010e+00   7.711001e+00     2.9293e-01   1.488743e-02   4.601428e+00
   8.195591e-03   2.258104e+00   2.524921e+00   7.710755e+00     2.9285e-01   1.488733e-02   4.607770e+00
   8.213467e-03   2.257409e+00   2.523831e+00   7.710554e+00     2.9277e-01   1.488684e-02   4.614109e+00
   8.231343e-03   2.256717e+00   2.522747e+00   7.710356e+00     2.9269e-01   1.488636e-02   4.620444e+00
   8.249218e-03   2.256028e+00   2.521670e+00   7.710229e+00     2.9260e-01   1.488525e-02   4.626776e+00
   8.267094e-03   2.255342e+00   2.520600e+00   7.710110e+00     2.9252e-01   1.488410e-02   4.633103e+00
   8.284970e-03   2.254659e+00   2.519536e+00   7.710048e+00     2.9243e-01   1.488244e-02   4.639427e+00
   8.302846e-03   2.253978e+00   2.518478e+00   7.710004e+00     2.9234e-01   1.488066e-02   4.645747e+00
   8.320721e-03   2.253300e+00   2.517485e+00   7.702470e+00     2.9254e-01   1.495087e-02   4.651896e+00
   8.338597e-03   2.252625e+00   2.516435e+00   7.702074e+00     2.9247e-01   1.495262e-02   4.658224e+00
   8.356473e-03   2.251952e+00   2.515388e+00   7.701711e+00     2.9240e-01   1.495414e-02   4.664557e+00
   8.374349e-03   2.251282e+00   2.514348e+00   7.701407e+00     2.9232e-01   1.495515e-02   4.670894e+00
   8.392224e-03   2.250615e+00   2.513312e+00   7.701178e+00     2.9224e-01   1.495550e-02   4.677236e+00
   8.410100e-03   2.249951e+00   2.512271e+00   7.700897e+00     2.9217e-01   1.495639e-02   4.683569e+00
   8.427976e-03   2.249289e+00   2.511235e+00   7.700685e+00     2.9209e-01   1.495666e-02   4.689904e+00
   8.445852e-03   2.248630e+00   2.510205e+00   7.700492e+00     2.9201e-01   1.495679e-02   4.696234e+00
   8.463727e-03   2.247973e+00   2.509180e+00   7.700346e+00     2.9193e-01   1.495651e-02   4.702562e+00
   8.481603e-03   2.247319e+00   2.508161e+00   7.700207e+00     2.9185e-01   1.495620e-02   4.708885e+00
   8.499479e-03   2.246668e+00   2.507148e+00   7.700114e+00     2.9177e-01   1.495549e-02   4.715204e+00
   8.517355e-03   2.246019e+00   2.506140e+00   7.700045e+00     2.9169e-01   1.495457e-02   4.721519e+00
   8.535230e-03   2.245373e+00   2.505139e+00   7.700014e+00     2.9161e-01   1.495334e-02   4.727830e+00
   8.553106e-03   2.244730e+00   2.504204e+00   7.692564e+00     2.9181e-01   1.502383e-02   4.733963e+00
   8.570982e-03   2.244089e+00   2.503210e+00   7.692220e+00     2.9173e-01   1.502578e-02   4.740282e+00
   8.588858e-03   2.243450e+00   2.502220e+00   7.691896e+00     2.9166e-01   1.502759e-02   4.746603e+00
   8.606733e-03   2.242814e+00   2.501235e+00   7.691608e+00     2.9159e-01   1.502910e-02   4.752927e+00
   8.624609e-03   2.242181e+00   2.500245e+00   7.691340e+00     2.9152e-01   1.503048e-02   4.759251e+00
   8.642485e-03   2.241550e+00   2.499260e+00   7.691085e+00     2.9145e-01   1.503178e-02   4.765573e+00
   8.660361e-03   2.240922e+00   2.498279e+00   7.690892e+00     2.9137e-01   1.503252e-02   4.771895e+00
   8.678236e-03   2.240296e+00   2.497303e+00   7.690708e+00     2.9130e-01   1.503321e-02   4.778213e+00
   8.696112e-03   2.239672e+00   2.496331e+00   7.690501e+00     2.9123e-01   1.503417e-02   4.784527e+00
   8.713988e-03   2.239051e+00   2.495365e+00   7.690383e+00     2.9115e-01   1.503430e-02   4.790838e+00
   8.731864e-03   2.238433e+00   2.494403e+00   7.690224e+00     2.9108e-01   1.503486e-02   4.797144e+00
   8.749739e-03   2.237817e+00   2.493447e+00   7.690141e+00     2.9100e-01   1.503472e-02   4.803447e+00
   8.767615e-03   2.237203e+00   2.492495e+00   7.690058e+00     2.9092e-01   1.503462e-02   4.809746e+00
   8.785491e-03   2.236592e+00   2.491551e+00   7.690032e+00     2.9084e-01   1.503399e-02   4.816041e+00
   8.803367e-03   2.235983e+00   2.490611e+00   7.690004e+00     2.9076e-01   1.503343e-02   4.822333e+00
   8.821242e-03   2.235377e+00   2.489740e+00   7.682460e+00     2.9097e-01   1.510605e-02   4.828450e+00
   8.839118e-03   2.234773e+00   2.488807e+00   7.682191e+00     2.9090e-01   1.510800e-02   4.834753e+00
   8.856994e-03   2.234171e+00   2.487869e+00   7.681862e+00     2.9084e-01   1.511055e-02   4.841048e+00
   8.874870e-03   2.233572e+00   2.486934e+00   7.681580e+00     2.9077e-01   1.511270e-02   4.847347e+00
   8.892745e-03   2.232975e+00   2.486004e+00   7.681364e+00     2.9070e-01   1.511428e-02   4.853649e+00
   8.910621e-03   2.232380e+00   2.485077e+00   7.681087e+00     2.9063e-01   1.511647e-02   4.859944e+00
   8.928497e-03   2.231788e+00   2.484155e+00   7.680884e+00     2.9056e-01   1.511798e-02   4.866241e+00
   8.946373e-03   2.231198e+00   2.483238e+00   7.680716e+00     2.9049e-01   1.511920e-02   4.872535e+00
   8.964248e-03   2.230611e+00   2.482325e+00   7.680565e+00     2.9042e-01   1.512028e-02   4.878826e+00
   8.982124e-03   2.230026e+00   2.481417e+00   7.680413e+00     2.9035e-01   1.512141e-02   4.885112e+00
   9.000000e-03   2.229443e+00   2.480514e+00   7.680321e+00     2.9028e-01   1.512198e-02   4.891396e+00
