rhoc M Mb R C kl_1 kl_2 kl_3 kl_4
0.0005678391959799 0.282509248689082 0.290539568660746 9.14665707578979 0.030886612053802 0 0.0437049630335784 0.00841686490788822 0.00227630007863906
0.000592462311557789 0.30854520005073 0.31797071895071 8.92720202236573 0.0345623633561465 0 0.0512784588039042 0.0104441577998816 0.00296946884623934
0.000617085427135678 0.335677226624452 0.346672940719923 8.7547092766915 0.0383424755769055 0 0.0586359006475801 0.0125287895544764 0.00371917310578994
0.000641708542713568 0.363821046579978 0.376565955522203 8.61794887392046 0.0422166633734588 0 0.0656384471818155 0.0146116491473272 0.00450334646236908
0.000666331658291457 0.392890618948623 0.407574939224098 8.5092206072526 0.0461723390522692 0 0.0721659435431634 0.0166387985849783 0.00529683175540705
0.000690954773869347 0.422798802573715 0.439624688790403 8.42213850358569 0.0502008845370699 0 0.0781470509754055 0.0185667142460082 0.00607833227214751
0.000715577889447236 0.453459966112288 0.47262600513849 8.35215938167454 0.0542925422504776 0 0.0835443078833061 0.0203645313633547 0.00682843748113616
0.000740201005025126 0.484789747152665 0.50650290120995 8.29550411825162 0.0584400586440599 0 0.0883490046454454 0.022015151659356 0.00753438234875272
0.000764824120603015 0.516704343366981 0.541174410982691 8.25054259782904 0.0626267105757312 0 0.0924999118745317 0.0234782651837517 0.0081758089395111
0.000789447236180905 0.549120962056734 0.576564331483903 8.21360701765789 0.0668550322502909 0 0.0960945163875842 0.0247797825077766 0.00875640774998791
0.000814070351758794 0.581958518067143 0.61258783606473 8.18362085463574 0.0711125953174485 0 0.0991058244163917 0.0258956362177363 0.00926629999910034
0.000838693467336683 0.615139134684688 0.649165436958075 8.16010367532254 0.0753837401043037 0 0.10151369750264 0.0268161225431759 0.00969355406330208
0.000863316582914573 0.648587596021036 0.686229000209804 8.1405735749196 0.0796734517601165 0 0.103455590949492 0.0275785813900048 0.010051860513923
0.000887939698492462 0.682231196098484 0.723702406032316 8.12343580163061 0.0839830845910717 0 0.104978666955746 0.0281986147815127 0.0103515119791711
0.000912562814070352 0.715999997158133 0.761504082631629 8.11111498688642 0.0882739300719717 0 0.105949828498924 0.0286209980587023 0.0105597147709222
0.000937185929648241 0.749827049390041 0.799569736390491 8.10036018200458 0.0925671244910598 0 0.106541401124984 0.0289034912954526 0.0107104240873062
0.000961809045226131 0.783648855494363 0.83783332643266 8.09079367034557 0.0968568582296935 0 0.106819237817419 0.0290809175985885 0.0108074272238913
0.00098643216080402 0.817405747344172 0.876228428920103 8.08209962846505 0.101137796478687 0 0.106801887427695 0.0291460936095755 0.0108548498629129
0.00101105527638191 0.851041419267311 0.914689937344547 8.0744497516664 0.1053993083667 0 0.106494203345062 0.0291055056278514 0.0108517610287187
0.0010356783919598 0.884502922597085 0.953148835849335 8.07034410833524 0.109599158440289 0 0.105738682881892 0.0288970804558728 0.0107703259285331
0.00106030150753769 0.917740702563964 0.991571137261758 8.06288691207514 0.113822841938852 0 0.105011344338948 0.0286989132328059 0.0106955829773215
0.00108492462311558 0.950708606086307 1.02988042135225 8.0566133688469 0.118003503775232 0 0.104022164915097 0.0284088676031995 0.0105755935543101
0.00110954773869347 0.983363876088401 1.06803509688082 8.0524984888003 0.122119100979168 0 0.102744031932342 0.0280080963189358 0.0104029473048272
0.00113417085427136 1.01566729306423 1.10598441668355 8.04613027472628 0.126230530501668 0 0.101454080294972 0.0276049310284731 0.0102312492053392
0.00115879396984925 1.04758301341862 1.14368029612583 8.04195488316597 0.130264721530768 0 0.0998840426443122 0.0270978214662519 0.0100131176076474
0.00118341708542714 1.07907831454696 1.18108886422307 8.03517244372469 0.13429435673029 0 0.098375839431765 0.0266160426114605 0.00980483927965011
0.00120804020100503 1.11012350782793 1.21815316415799 8.03118242006386 0.138226658263243 0 0.0965799321194446 0.02602827410904 0.00955014775260909
0.00123266331658291 1.1406918456036 1.25486160624471 8.02344343591324 0.142169861944539 0 0.0949281799665663 0.0254973455991387 0.00932174244251933
0.0012572864321608 1.17075941706427 1.29114421598529 8.0201507276177 0.145977233698703 0 0.0929410511664413 0.0248421251015842 0.00903619817118691
0.00128190954773869 1.20030503521552 1.32701140028709 8.01138268122745 0.149824953191678 0 0.0912066010942271 0.024285005802302 0.00879742761976935
0.00130653266331658 1.2293101243716 1.362413123589 8.00292035637827 0.153607691896102 0 0.0894005570401104 0.023702465084308 0.00854765257727659
0.00133115577889447 1.25775863009531 1.39731904508312 7.99442987168786 0.15732937186048 0 0.0875463143731348 0.0231053754595601 0.00829225482195102
0.00135577889447236 1.28563683071086 1.43168817726953 7.99015520866114 0.160902610417037 0 0.0854329897117406 0.0224147148933787 0.00799494117040782
0.00138040201005025 1.31293317828381 1.46554145872931 7.98059465198835 0.164515707856018 0 0.0835787127730278 0.0218219371904173 0.00774378173036655
0.00140502512562814 1.33963817812945 1.49883685649135 7.97093551063734 0.168065364014259 0 0.0817082761422107 0.0212257647794075 0.0074920516309566
0.00142964824120603 1.36574426798066 1.53155693786915 7.96111698744511 0.17155184004135 0 0.0798333503443659 0.0206298717134376 0.00724152428240767
0.00145427135678392 1.39124569802399 1.56368669140915 7.95112117897757 0.174974782386965 0 0.0779607699057388 0.0200370460580374 0.00699342258308979
0.00147889447236181 1.41613841220024 1.59521117807663 7.94095009257204 0.178333624527485 0 0.0760962521261904 0.0194498025197144 0.00674865310891246
0.0015035175879397 1.44041993134842 1.62612077948874 7.93061640791468 0.181627739542527 0 0.0742430225037101 0.0188685410398011 0.00650791554287893
0.00152814070351759 1.46408923919541 1.65640440013015 7.92023060250584 0.18485437011546 0 0.0724024385697449 0.0182933139286277 0.00627110197152158
0.00155276381909548 1.48714666218493 1.6860862249354 7.90429737013084 0.188144068036285 0 0.0708239247462079 0.0178138114987078 0.00607667166595626
0.00157738693467337 1.50959374755881 1.71510029277855 7.8929166523827 0.191259304265312 0 0.0690540055476196 0.0172677677650856 0.00585417201565402
0.00160201005025126 1.53143316008818 1.74346566151988 7.881564503802 0.194305731983723 0 0.0673012288920419 0.0167299427148317 0.00563630859286223
0.00162663316582915 1.55266858871814 1.7711817805829 7.87048038609939 0.197277486576349 0 0.0655614091747155 0.0161982820436546 0.00542203300136185
0.00165125628140704 1.57330465684505 1.79828486626281 7.85377203194678 0.200324716638746 0 0.0640775154277893 0.0157568756262454 0.00524710988951249
0.00167587939698492 1.59334683678365 1.82470054141376 7.8417377538935 0.203187977816848 0 0.0624246538405193 0.0152583469950221 0.00504881192074932
0.00170050251256281 1.61280136792778 1.85046164267339 7.83033267942464 0.205968435053296 0 0.0607761666300558 0.0147635208301083 0.00485276123342203
0.0017251256281407 1.631675179548 1.87561350971076 7.8127572802908 0.208847545240426 0 0.0593929899389491 0.0143598457741012 0.004696122066547
0.00174974874371859 1.64997581755325 1.90007435085982 7.80072025098074 0.211515829880684 0 0.0578283784309122 0.0138958616901684 0.00451460899928785
0.00177437185929648 1.66771137518099 1.9239338483539 7.78326006866318 0.214269003022975 0 0.0564925034391552 0.0135107823578207 0.00436643795037708
0.00179899497487437 1.68489042500802 1.94710551888648 7.77081259943914 0.216822938842925 0 0.0550043182871797 0.0130746987523639 0.00419816099261763
0.00182361809045226 1.7015219273562 1.96968820879476 7.75313985609657 0.219462302878263 0 0.0537314919258135 0.0127120312965046 0.00406035586802567
0.00184824120603015 1.71761518234211 1.99158861448775 7.7405920697259 0.221897132269745 0 0.0523118505265371 0.0123010258229193 0.00390356685456336
0.00187286432160804 1.73317979574146 2.01291357891438 7.72240446085524 0.224435252585762 0 0.0511147436935654 0.0119646301957632 0.00377734343307095
0.00189748743718593 1.74822563164737 2.03356887470515 7.7102012259323 0.226741894331815 0 0.04974892510895 0.0115731662508277 0.00362983280454495
0.00192211055276382 1.76276276761996 2.0536606127097 7.69147576537184 0.229183946149343 0 0.0486267952170315 0.0112626125829277 0.00351483075428505
0.00194673366834171 1.77680145440712 2.07314515978926 7.67316249066704 0.231560514529474 0 0.0475172280779957 0.010956201580234 0.00340207671818669
0.0019713567839196 1.79035207747439 2.09198639972821 7.66053701768209 0.233711040536961 0 0.0462638635816404 0.0106039628211712 0.00327139830120653
0.00199597989949749 1.80342512214319 2.11028823173893 7.64183823932305 0.235993626881971 0 0.0452249953820853 0.0103208207301473 0.00316860396460944
0.00202060301507538 1.81603114164242 2.12800523197937 7.62337396663234 0.238218818805325 0 0.0442057781649003 0.0100442101245918 0.00306866261614889
0.00204522613065327 1.82818072713569 2.1451030435712 7.61054983278908 0.240216642332359 0 0.043053878102004 0.00972629897946818 0.00295270122645687
0.00206984924623116 1.83988448086827 2.1616908105005 7.59166826921656 0.242355753125939 0 0.0421032031003217 0.00947234553120785 0.00286205385632992
0.00209447236180904 1.85115299169266 2.17772553863468 7.57297566553105 0.244441956959972 0 0.041173258951687 0.00922504531381436 0.00277418369140968
0.00211909547738693 1.86199680665872 2.19316074342967 7.56030842517509 0.246285826178526 0 0.0401090574912484 0.00893586537529168 0.00267047983122477
0.00214371859296482 1.87242639120635 2.20811964605693 7.54116992842736 0.248293886622022 0 0.0392452761213268 0.00870977427470924 0.00259115068166741
0.00216834170854271 1.88245212979273 2.22255108330438 7.52220776267031 0.250252610561301 0 0.0384010381729977 0.00848920664886034 0.00251435202755728
0.0021929648241206 1.89208431667343 2.23641499003905 7.51003422533686 0.251940838071023 0 0.0374123474684809 0.00822461428881745 0.00242079507193546
0.00221758793969849 1.90133314081682 2.24982851918626 7.4905833806157 0.253829781234013 0 0.03663206289284 0.00802422414641184 0.0023518192638692
0.00224221105527638 1.9102086744563 2.26275322795544 7.47148537567537 0.255666521234893 0 0.0358652564072035 0.00782789803740138 0.0022845857994779
0.00226683417085427 1.91872086049875 2.27518865154533 7.45255251692947 0.257458213966305 0 0.0351187518635681 0.00763769784816195 0.00221958051927368
0.00229145728643216 1.92687950332675 2.28709325854761 7.44011032170233 0.258985340271927 0 0.0342436602881547 0.00740848307980013 0.00214033107301012
0.00231608040201005 1.93469425928903 2.29859566736221 7.42070153810296 0.260715816335556 0 0.0335541801845513 0.00723556832017922 0.00208208262003669
0.00234070351758794 1.94217463019278 2.30963839205628 7.40147604330264 0.262403690673321 0 0.0328814759273042 0.00706748771164998 0.00202572571985877
0.00236532663316583 1.94932995595607 2.32024994493716 7.38268390398263 0.264040825979898 0 0.0322193627377644 0.00690250779093617 0.00197060069334424
0.00238994974874372 1.95616940956611 2.33035540220222 7.37014881138432 0.265417898556473 0 0.0314440833990397 0.00670351850633158 0.00190314892353945
0.00241457286432161 1.96270199208326 2.34009600156296 7.3507638699265 0.267006535213719 0 0.0308372214207104 0.00655481404949427 0.0018541375849949
0.0024391959798995 1.96893652957162 2.34943686853412 7.33161849390322 0.268554144110054 0 0.0302445436671138 0.00641010004313417 0.00180659244316485
0.00246381909547739 1.97488166987724 2.35836201555723 7.31290886286634 0.270054188683431 0 0.0296616695500673 0.00626802731885653 0.00176004288798556
0.00248844221105528 1.9805458762765 2.36683159814327 7.30024869208053 0.271298411850686 0 0.0289760094017603 0.00609554473318447 0.00170268937402209
0.00251306532663317 1.98593741523308 2.37498307454694 7.28093618804753 0.272758524994796 0 0.0284420827494843 0.00596761683990518 0.00166142904022046
0.00253768844221105 1.99106436894008 2.38275754779537 7.26190528574806 0.274179335944751 0 0.0279203112986335 0.00584294815769046 0.00162129942883037
0.00256231155778894 1.99593463784451 2.39010862196954 7.25000048551191 0.275301310921717 0 0.027405457354554 0.00568373603268029 0.00156889510947281
0.00258693467336683 2.00055594125675 2.39714664803354 7.23048062452666 0.276683673623386 0 0.0268022938808422 0.00557142666398606 0.00153324323427813
0.00261155778894472 2.00493581777672 2.40386013166332 7.21127278395041 0.278028009457492 0 0.0263332255537984 0.0054615069690377 0.0014984847393024
0.00263618090452261 2.0090816256217 2.41022011412559 7.1925759501577 0.279327133914748 0 0.0258700220584916 0.00535303171456824 0.00146422649594261
0.0026608040201005 2.01300054361638 2.41618802922757 7.18022415490014 0.280353440253339 0 0.0253104597721904 0.00521650799217061 0.00142007204723261
0.00268542713567839 2.0166995723813 2.42190392204548 7.16104419123598 0.28162088077175 0 0.0248870176826023 0.00511897316597106 0.00138967552036347
0.00271005025125628 2.02018553660807 2.42730808026908 7.14216986359305 0.282853191003745 0 0.0244711360473945 0.00502345874818934 0.00136001995696211
0.00273467336683417 2.02346508685382 2.43233782104889 7.1301247026817 0.283790981396549 0 0.0239548066731413 0.00489886582538678 0.00132018597887292
0.00275929648241206 2.02654470058538 2.43712572386089 7.11094684770718 0.284989431644931 0 0.0235730518642547 0.00481257786813889 0.00129366560416477
0.00278391959798995 2.02943068588106 2.44165333693913 7.09209334884465 0.286153972608337 0 0.0231970924262732 0.00472771896381986 0.00126773479529922
0.00280854271356784 2.0321291835515 2.44579898221882 7.08013145946492 0.287018566701172 0 0.0227239200338587 0.0046148032667237 0.00123206388561037
0.00283316582914573 2.03464616887002 2.44976542108515 7.06088914498495 0.288157217468164 0 0.0223807313984117 0.00453871140909354 0.00120905394301222
0.00285778894472362 2.03698745573739 2.4534544741138 7.04237530272862 0.289247216766216 0 0.0220372842332577 0.00446217355206735 0.00118591075987452
0.00288241206030151 2.0391586986891 2.45681619123555 7.03024906152135 0.290054972568472 0 0.0216061799243555 0.00436070023956168 0.00115428175720238
0.0029070351758794 2.0411653954485 2.46001106555654 7.0112897159113 0.291125524426171 0 0.0212934294708853 0.00429245326044026 0.00113385491951476
0.00293165829145729 2.04301288883567 2.46295921481573 6.99307727941584 0.292147906737609 0 0.0209790349835377 0.00422330630724347 0.00111322135533045
0.00295628140703518 2.04470636805166 2.46559116479102 6.98060218295832 0.292912604738225 0 0.0205895581510164 0.004133035713567 0.00108543033298945
0.00298090452261307 2.04625087694829 2.46805715967762 6.96205299575976 0.293914866519195 0 0.0203023346266419 0.00407099813845628 0.00106709997685381
0.00300552763819095 2.04765131757742 2.47024289714578 6.95020869981657 0.294617241872386 0 0.0199270174852767 0.00398410983392592 0.00104049602947317
0.00303015075376884 2.04891245192947 2.47228139745129 6.93135561908421 0.295600538268181 0 0.0196636308812205 0.00392837405618846 0.00102424297978342
0.00305477386934673 2.05003890695025 2.47402982173314 6.92003012268184 0.296247107397817 0 0.0193032765178836 0.00384522924855869 0.000998879509025145
0.00307939698492462 2.05103517516294 2.47567343124371 6.90093999509608 0.297210985260043 0 0.0190615186665777 0.00379499008821921 0.000984455137100294
0.00310402010050251 2.05190562036865 2.47709053092972 6.88290343199779 0.298116287790642 0 0.0188131171115277 0.00374264172109297 0.000969334372960292
0.0031286432160804 2.05265447851372 2.47825545175653 6.8707238695898 0.298753743779296 0 0.0184945835406633 0.00367047910561078 0.000947599483461948
0.00315326633165829 2.05328586193207 2.47930674392268 6.85255979427992 0.29963778844309 0 0.0182650739782697 0.00362287897470038 0.000934019720285081
0.00317788944723618 2.05380376222048 2.48008683542954 6.84061102245285 0.300236887535237 0 0.0179614872723417 0.00355444234869532 0.000913561911090383
0.00320251256281407 2.05421205256636 2.48081981224798 6.82244711911032 0.301096075455435 0 0.017748654327599 0.00351094245510699 0.00090125265062781
0.00322713567839196 2.05451449209899 2.48124918929058 6.81065077255889 0.301661993942917 0 0.0174610075554093 0.00344650722392779 0.000882064955807511
0.00325175879396985 2.05471472719125 2.48162782999062 6.79259699420871 0.302493248008541 0 0.0172617659842425 0.00340644142597 0.000870800783827696
0.00327638190954774 2.05481629584594 2.48175528455691 6.78065798680372 0.303040840556322 0 0.0169920284771208 0.00334642435300754 0.000853122771634383
0.00330100502512563 2.05482262929171 2.48179361914731 6.76281905769159 0.303841136626994 0 0.0168033375232812 0.0033086176989392 0.000842702904303856
0.00332562814070352 2.05473705614975 2.48161678580974 6.75094151079767 0.304363036305876 0 0.0165494069771347 0.00325271929169291 0.000826198996599175
0.00335025125628141 2.05456280422304 2.48132277077007 6.74002726743555 0.304830043366392 0 0.016290592705606 0.00319518511412142 0.000809286874479738
0.0033748743718593 2.05430300290328 2.48092751575329 6.72136292957934 0.305637863098081 0 0.0161330875424239 0.00316527527090502 0.000801291461846191
0.00339949748743719 2.05396068788726 2.48032406649448 6.71024928287142 0.306093052776773 0 0.0158911571188497 0.00311205391744003 0.00078572168654248
0.00342412060301508 2.05353880077541 2.47972195295532 6.69207753856437 0.306861178601338 0 0.0157395174856575 0.00308338414908045 0.000778087295187961
0.00344874371859296 2.05304019526743 2.47885807452881 6.68059102537234 0.307314156407741 0 0.0155154518727881 0.00303457792127392 0.000763951845461346
0.00347336683417085 2.05246763680759 2.47796201895571 6.66312500928364 0.308033788042084 0 0.0152880592560616 0.00298472623799555 0.000756419461884511
0.00349798994974874 2.05182380640677 2.47687794055875 6.65134482637289 0.308482549013425 0 0.0151590312491635 0.00296155248463183 0.000743553320097092
0.00352261306532663 2.05111130400184 2.47568761583148 6.64033463239954 0.30888673802583 0 0.0149487229942321 0.00291600507915235 0.000730409510667271
0.00354723618090452 2.05033264791952 2.47443963206504 6.62256542085909 0.309597945452012 0 0.0148199922857346 0.00289247339867405 0.000724370641926122
0.00357185929648241 2.04949028072625 2.47300983347108 6.61110362752233 0.31000728413848 0 0.0146267879065984 0.00285127985834431 0.000712545980658685
0.0035964824120603 2.04858656871891 2.47150013551896 6.60024799984134 0.310380241586098 0 0.014432097114084 0.00280943529876685 0.000700586253623071
0.00362110552763819 2.04762380474653 2.46999692181371 6.58255444036126 0.311068267387418 0 0.0143180546929504 0.00278939096614387 0.000695533298881709
0.00364572864321608 2.04660421173774 2.46826333333087 6.5711897089745 0.311451092173252 0 0.014139797055938 0.00275168314791173 0.000684846020137687
0.00367035175879397 2.04552994314423 2.46643955746749 6.56039838118913 0.311799653662718 0 0.0139610263753867 0.00271356124379259 0.000674028729374298
0.00369497487437186 2.0444030850985 2.46465842286217 6.5430231846867 0.312455424257586 0 0.0138567136810124 0.00269567439041895 0.000669634566206372
0.00371959798994975 2.04322565937291 2.46267932564748 6.53164421581137 0.312819497183696 0 0.0136937701924519 0.00266153230185002 0.000660073038505312
0.00374422110552764 2.04199962507781 2.46061592168307 6.52069912116338 0.313156547654585 0 0.0135314533045993 0.00262745246430179 0.000650480308232219
0.00376884422110553 2.04072687932698 2.45847250772783 6.51016890658541 0.313467577970622 0 0.0133695231566947 0.00259332449701936 0.00064087819685862
0.00379346733668342 2.03940926029081 2.45631657939754 6.49265518722897 0.314110206299316 0 0.0132838223946581 0.00257972883732076 0.000637762033037144
0.00381809045226131 2.03804854901807 2.45402061087648 6.48152951550743 0.314439445834803 0 0.0131366881668976 0.00254928850978733 0.000629310388261137
0.0038427135678392 2.03664647038447 2.45166074068645 6.47074242405993 0.314746954354369 0 0.0129907748636154 0.00251903954777997 0.000620884000366769
0.00386733668341708 2.03520469514023 2.4492438797953 6.46026459689978 0.315034262856184 0 0.0128459737144169 0.00248894975685525 0.000612508871905225
0.00389195979899497 2.03372484159966 2.44676873895734 6.45001951258353 0.315305223128706 0 0.0127034551549299 0.00245930502877263 0.000604248852560786
0.00391658291457286 2.03220847693951 2.4442910466535 6.43216387783448 0.315944760664851 0 0.0126397337966094 0.00245087325866048 0.000602666590379703
0.00394120603015075 2.03065711964619 2.44165754098595 6.42127371776251 0.316238990720641 0 0.0125101421294259 0.00242448551136386 0.000595477165566872
0.00396582914572864 2.02907223987503 2.43896923952486 6.41073178070965 0.316511797604863 0 0.0123824232667687 0.00239839164873135 0.000588273056744984
0.00399045226130653 2.02745526142185 2.43623029795481 6.40036222809081 0.316771955893913 0 0.0122563886405645 0.00237262864572694 0.000581199258114374
0.00401507537688442 2.02580756291643 2.43344411362252 6.39009230634221 0.317023208085085 0 0.0121330468609296 0.00234747820609979 0.000574310277469892
0.00403969849246231 2.02413047763465 2.43072774090624 6.37285048507981 0.317617757136083 0 0.0120790805692259 0.00234105915545543 0.000573281112348717
0.0040643216080402 2.02242529290502 2.42784188687826 6.36213802682767 0.317884535729486 0 0.0119667711375524 0.00231851775048726 0.000567206275347384
0.00408894472361809 2.02069325401898 2.42490932994518 6.35158226095714 0.318140137527633 0 0.0118565850151229 0.00229651177400579 0.000561242044614708
0.00411356783919598 2.01893556627381 2.42193236854205 6.34114183698643 0.31838675402241 0 0.011748589822617 0.00227497201755934 0.000555417488358024
0.00413819095477387 2.01715339631318 2.41891087835714 6.33074248623608 0.318628249482388 0 0.0116429268055959 0.00225393618111946 0.000549786182721779
0.00416281407035176 2.01534787341014 2.41585328184218 6.32051608530003 0.318858119528774 0 0.0115395826574835 0.00223341011125513 0.000544239520984972
0.00418743718592965 2.01352009034798 2.41275676533998 6.31034288726826 0.319082516801179 0 0.0114385187967773 0.00221336955087298 0.000538866478528529
0.00421206030150754 2.01167110517676 2.40962255957408 6.30020233113213 0.319302619097833 0 0.0113403487243953 0.00219396739662106 0.000533677022420047
0.00423668341708543 2.00980194177747 2.40645285748357 6.29009741725781 0.319518412586628 0 0.0112446449922492 0.00217516808974527 0.000528663130801836
0.00426130653266332 2.00791359116706 2.40324977103882 6.2800320910861 0.319729829727638 0 0.0111515494881931 0.00215692920900182 0.000523816308897671
0.00428592964824121 2.00600701244462 2.40009269193146 6.26303096254046 0.320293325139642 0 0.0111225958077179 0.00213926015580868 0.000524344471698943
0.0043105527638191 2.00408313366626 2.39682537493958 6.25268697598281 0.320515506591669 0 0.0110364222437383 0.0021393665527865 0.00052004950775092
0.00433517587939699 2.00214285368718 2.3935306222781 6.2425816643612 0.320723534161737 0 0.0109522947587005 0.00212322088742997 0.000515754271941808
0.00435979899497487 2.00018704152934 2.39020739113434 6.23244696966374 0.320931257219708 0 0.010870316787691 0.00210755336182594 0.000511657195261874
0.00438442211055276 1.99821653850491 2.38685672300342 6.22230948019847 0.321137440184216 0 0.0107905139408279 0.00209236469536023 0.000507733223895687
0.00440904522613065 1.99623215887213 2.38348235322809 6.21230600989527 0.32133512993282 0 0.0107127217403284 0.00207767929556432 0.000503876850028342
0.00443366834170854 1.99423469027587 2.38008255459689 6.20229171562678 0.321531908157651 0 0.010637051247253 0.00206335328392957 0.000500191247606201
0.00445829145728643 1.99222489498672 2.3766596102786 6.19233177043339 0.321724508447533 0 0.0105634393434163 0.00204949501487375 0.00049662447979297
0.00448291457286432 1.99020351058555 2.37321412438589 6.18241295451325 0.321913713177744 0 0.0104917039108219 0.00203614273837944 0.000493182479922825
0.00450753768844221 1.98817125069896 2.36974733488904 6.17254480395891 0.322099120191692 0 0.0104218738028425 0.00202308941396907 0.000489854741107358
0.0045321608040201 1.98612880560155 2.36625932749541 6.16268825787719 0.32228286138973 0 0.0103538369327705 0.00201056745745481 0.000486665934099866
0.00455678391959799 1.98407684327817 2.36275505322991 6.15295036485265 0.32245942606847 0 0.010287547947521 0.00199828111233257 0.000483535792873661
0.00458140703517588 1.98201600979178 2.3591309956663 6.15001648637703 0.322278162047559 0 0.010166643558753 0.0019711494704422 0.000475797509947001
0.00460603015075377 1.97994693014081 2.35560928682923 6.14007700514133 0.322462882547389 0 0.0101062472830189 0.00196035167956237 0.000473108071507868
0.00463065326633166 1.97787020907525 2.35207788621986 6.13016510328801 0.322645503954597 0 0.0100476022649436 0.00194990859331931 0.000470531086916212
0.00465527638190955 1.97578643113962 2.34853098038793 6.12026578620233 0.322826900033308 0 0.00999059849099162 0.00193985172603329 0.000468074058955099
0.00467989949748744 1.9736961621917 2.34496424456191 6.11039277059885 0.323006431221322 0 0.00993545651210945 0.00193021785919403 0.000465724670831021
0.00470452261306533 1.97159994906591 2.34138152712247 6.10062979773341 0.323179739540731 0 0.0098814323095907 0.00192077339448438 0.000463422922686942
0.00472914572864322 1.96949832039044 2.33778267414908 6.09091541538304 0.323350134762392 0 0.00982871313009075 0.00191163927413699 0.000461208569849224
0.00475376884422111 1.96739178075306 2.33417264763153 6.08124434279934 0.323517962747641 0 0.00977717667929913 0.00190278508280392 0.000459082760739561
0.00477839195979899 1.96528081132379 2.33056301083088 6.07175483947961 0.323675916317503 0 0.00972666064375 0.00189400292134838 0.000456948779393082
0.00480301507537688 1.96316587644457 2.32695268492428 6.06231612607957 0.323830997199107 0 0.00967702561797272 0.0018854716066878 0.000454893573250413
0.00482763819095477 1.96104742475537 2.32334552904788 6.05297262958103 0.323980884230615 0 0.00962813811145555 0.00187706986344861 0.000452884462822689
0.00485226130653266 1.95892588899578 2.31965097814675 6.05009813435845 0.323784151181128 0 0.00953004081621947 0.00185515247846166 0.000446681562194492
0.00487688442211055 1.95680168774372 2.31600209238542 6.04033951117401 0.323955579669625 0 0.00948813079629704 0.00184849264920352 0.000445180322975035
0.00490150753768844 1.9546752248385 2.31234865206901 6.03068256219578 0.324121723317302 0 0.00944720053388839 0.00184197262786676 0.000443714641425773
0.00492613065326633 1.95254689061749 2.30870681338919 6.02119195934139 0.324279130079598 0 0.00940638356412205 0.00183549806784417 0.000442239763639653
0.00495075376884422 1.95041706189938 2.30508256815071 6.01185013280906 0.324428756341609 0 0.00936576764320838 0.00182894054459272 0.000440765259871746
0.00497537688442211 1.94828610271022 2.30146420606428 6.00267048942254 0.324569890375182 0 0.00932517277682694 0.00182240165158316 0.000439280082910468
0.005 1.94615436414505 2.29771434263557 6.00008744750169 0.324354333361489 0 0.00923560649815808 0.00180227634518335 0.000433593890317927
