           rhoc              M             Mb              R              C             kl            lam
   3.660120e-04   1.211204e-01   1.229382e-01   1.951382e+01     6.2069e-03   1.071251e-03   7.752184e+07
   3.838878e-04   1.310008e-01   1.330753e-01   1.666283e+01     7.8619e-03   2.040097e-03   4.528279e+07
   4.017635e-04   1.418600e-01   1.442355e-01   1.473607e+01     9.6267e-03   3.526491e-03   2.843546e+07
   4.375150e-04   1.663266e-01   1.694545e-01   1.232024e+01     1.3500e-02   8.352243e-03   1.241652e+07
   4.553908e-04   1.798580e-01   1.834444e-01   1.153054e+01     1.5598e-02   1.172733e-02   8.466575e+06
   4.732665e-04   1.942101e-01   1.983155e-01   1.091263e+01     1.7797e-02   1.570646e-02   5.865105e+06
   4.911423e-04   2.093501e-01   2.140395e-01   1.043213e+01     2.0068e-02   2.011467e-02   4.120224e+06
   5.090180e-04   2.252462e-01   2.305887e-01   1.004066e+01     2.2433e-02   2.498549e-02   2.931711e+06
   5.268938e-04   2.418679e-01   2.479368e-01   9.720335e+00     2.4883e-02   3.020345e-02   2.110960e+06
   5.626453e-04   2.771651e-01   2.849228e-01   9.245489e+00     2.9978e-02   4.107687e-02   1.131000e+06
   5.805210e-04   2.957767e-01   3.045058e-01   9.071653e+00     3.2605e-02   4.645977e-02   8.406164e+05
   5.983968e-04   3.149873e-01   3.247759e-01   8.920754e+00     3.5309e-02   5.193025e-02   6.307713e+05
   6.162725e-04   3.347649e-01   3.457061e-01   8.793893e+00     3.8068e-02   5.727585e-02   4.776245e+05
   6.341483e-04   3.550773e-01   3.672668e-01   8.681780e+00     4.0899e-02   6.262157e-02   3.648061e+05
   6.520240e-04   3.758917e-01   3.894277e-01   8.600318e+00     4.3707e-02   6.721393e-02   2.809487e+05
   6.698998e-04   3.971747e-01   4.121601e-01   8.521391e+00     4.6609e-02   7.195668e-02   2.180843e+05
   6.877756e-04   4.188931e-01   4.354305e-01   8.460094e+00     4.9514e-02   7.614454e-02   1.705719e+05
   7.056513e-04   4.410140e-01   4.592115e-01   8.401252e+00     5.2494e-02   8.034636e-02   1.343795e+05
   7.235271e-04   4.635052e-01   4.834705e-01   8.351496e+00     5.5500e-02   8.419957e-02   1.066023e+05
   7.414028e-04   4.863345e-01   5.081771e-01   8.311374e+00     5.8514e-02   8.759589e-02   8.512970e+04
   7.592786e-04   5.094699e-01   5.332999e-01   8.280235e+00     6.1528e-02   9.049565e-02   6.841593e+04
   7.771543e-04   5.328796e-01   5.588125e-01   8.244727e+00     6.4633e-02   9.359136e-02   5.531982e+04
   7.950301e-04   5.565322e-01   5.846782e-01   8.221743e+00     6.7690e-02   9.591221e-02   4.499359e+04
   8.129058e-04   5.803971e-01   6.108683e-01   8.200438e+00     7.0776e-02   9.803794e-02   3.680120e+04
   8.307816e-04   6.044448e-01   6.373567e-01   8.181063e+00     7.3883e-02   9.994117e-02   3.026346e+04
   8.486573e-04   6.286461e-01   6.641129e-01   8.163144e+00     7.7010e-02   1.016398e-01   2.501663e+04
   8.665331e-04   6.529729e-01   6.911017e-01   8.150353e+00     8.0116e-02   1.028946e-01   2.078297e+04
   8.844088e-04   6.773975e-01   7.183024e-01   8.140041e+00     8.3218e-02   1.038598e-01   1.734887e+04
   9.022846e-04   7.018933e-01   7.456905e-01   8.124421e+00     8.6393e-02   1.050330e-01   1.454927e+04
   9.201603e-04   7.264342e-01   7.732227e-01   8.120112e+00     8.9461e-02   1.053442e-01   1.225598e+04
   9.380361e-04   7.509952e-01   8.008888e-01   8.110674e+00     9.2593e-02   1.058547e-01   1.036854e+04
   9.559118e-04   7.755523e-01   8.286569e-01   8.101497e+00     9.5730e-02   1.062197e-01   8.808154e+03
   9.737876e-04   8.000824e-01   8.565025e-01   8.093763e+00     9.8852e-02   1.063646e-01   7.512503e+03
   9.916633e-04   8.245636e-01   8.843922e-01   8.090688e+00     1.0192e-01   1.060826e-01   6.432195e+03
   1.009539e-03   8.489748e-01   9.123201e-01   8.082945e+00     1.0503e-01   1.059898e-01   5.527729e+03
   1.027415e-03   8.732957e-01   9.402430e-01   8.080487e+00     1.0807e-01   1.054401e-01   4.767553e+03
   1.045291e-03   8.975073e-01   9.681613e-01   8.073183e+00     1.1117e-01   1.051011e-01   4.126198e+03
   1.063166e-03   9.215911e-01   9.960294e-01   8.070752e+00     1.1419e-01   1.043462e-01   3.583139e+03
   1.081042e-03   9.455300e-01   1.023851e+00   8.063959e+00     1.1725e-01   1.037793e-01   3.121654e+03
   1.098918e-03   9.693074e-01   1.051584e+00   8.061646e+00     1.2024e-01   1.028377e-01   2.728176e+03
   1.116794e-03   9.929080e-01   1.079218e+00   8.060216e+00     1.2319e-01   1.017612e-01   2.391550e+03
   1.134669e-03   1.016317e+00   1.106750e+00   8.052761e+00     1.2621e-01   1.009900e-01   2.102637e+03
   1.170421e-03   1.062509e+00   1.161373e+00   8.050000e+00     1.3199e-01   9.848900e-02   1.639127e+03
   1.188297e-03   1.085267e+00   1.188455e+00   8.041086e+00     1.3497e-01   9.761137e-02   1.453114e+03
   1.206172e-03   1.107785e+00   1.215347e+00   8.040034e+00     1.3778e-01   9.620420e-02   1.291561e+03
   1.224048e-03   1.130052e+00   1.242060e+00   8.031746e+00     1.4070e-01   9.518279e-02   1.150865e+03
   1.241924e-03   1.152060e+00   1.268548e+00   8.030172e+00     1.4347e-01   9.372138e-02   1.028008e+03
   1.259800e-03   1.173799e+00   1.294834e+00   8.021819e+00     1.4633e-01   9.261788e-02   9.204467e+02
   1.277675e-03   1.195262e+00   1.320870e+00   8.020159e+00     1.4903e-01   9.109520e-02   8.260434e+02
   1.295551e-03   1.216442e+00   1.346682e+00   8.011704e+00     1.5183e-01   8.992965e-02   7.429831e+02
   1.331303e-03   1.257927e+00   1.397514e+00   8.001058e+00     1.5722e-01   8.717071e-02   6.049787e+02
   1.349178e-03   1.278220e+00   1.422538e+00   7.993041e+00     1.5992e-01   8.590760e-02   5.476105e+02
   1.367054e-03   1.298209e+00   1.447258e+00   7.990387e+00     1.6247e-01   8.434291e-02   4.966763e+02
   1.384930e-03   1.317888e+00   1.471712e+00   7.981430e+00     1.6512e-01   8.309973e-02   4.513553e+02
   1.402806e-03   1.337255e+00   1.495871e+00   7.973313e+00     1.6772e-01   8.180008e-02   4.109460e+02
   1.420681e-03   1.356307e+00   1.519703e+00   7.970293e+00     1.7017e-01   8.023482e-02   3.748460e+02
   1.438557e-03   1.375041e+00   1.543251e+00   7.961125e+00     1.7272e-01   7.897610e-02   3.425298e+02
   1.456433e-03   1.393455e+00   1.566486e+00   7.952243e+00     1.7523e-01   7.769804e-02   3.135464e+02
   1.474309e-03   1.411549e+00   1.589377e+00   7.950009e+00     1.7755e-01   7.609869e-02   2.875046e+02
   1.492184e-03   1.429320e+00   1.611966e+00   7.940205e+00     1.8001e-01   7.486634e-02   2.640624e+02
   1.510060e-03   1.446769e+00   1.634231e+00   7.930736e+00     1.8243e-01   7.361885e-02   2.429235e+02
   1.545812e-03   1.480698e+00   1.677768e+00   7.912004e+00     1.8715e-01   7.112458e-02   2.065512e+02
   1.563687e-03   1.497180e+00   1.699034e+00   7.902734e+00     1.8945e-01   6.988180e-02   1.908927e+02
   1.581563e-03   1.513341e+00   1.719960e+00   7.893343e+00     1.9172e-01   6.865213e-02   1.766788e+02
   1.599439e-03   1.529181e+00   1.740516e+00   7.890009e+00     1.9381e-01   6.717340e-02   1.637568e+02
   1.617315e-03   1.544703e+00   1.760759e+00   7.880043e+00     1.9603e-01   6.599161e-02   1.519902e+02
   1.635190e-03   1.559908e+00   1.780661e+00   7.870103e+00     1.9821e-01   6.481933e-02   1.412605e+02
   1.653066e-03   1.574798e+00   1.800221e+00   7.860217e+00     2.0035e-01   6.365649e-02   1.314619e+02
   1.670942e-03   1.589375e+00   1.819436e+00   7.850238e+00     2.0246e-01   6.250998e-02   1.225011e+02
   1.688818e-03   1.603642e+00   1.838309e+00   7.840216e+00     2.0454e-01   6.137847e-02   1.142951e+02
   1.706693e-03   1.617601e+00   1.856838e+00   7.830164e+00     2.0659e-01   6.026212e-02   1.067702e+02
   1.760321e-03   1.657659e+00   1.910376e+00   7.800023e+00     2.1252e-01   5.700230e-02   8.766052e+01
   1.778196e-03   1.670416e+00   1.927578e+00   7.783131e+00     2.1462e-01   5.619358e-02   8.227045e+01
   1.796072e-03   1.682880e+00   1.944405e+00   7.772640e+00     2.1651e-01   5.516659e-02   7.729684e+01
   1.813948e-03   1.695055e+00   1.960895e+00   7.762007e+00     2.1838e-01   5.416082e-02   7.270182e+01
   1.831824e-03   1.706944e+00   1.977051e+00   7.751499e+00     2.2021e-01   5.316717e-02   6.845168e+01
   1.867575e-03   1.729881e+00   2.008368e+00   7.730597e+00     2.2377e-01   5.122647e-02   6.086784e+01
   1.885451e-03   1.740935e+00   2.023537e+00   7.720246e+00     2.2550e-01   5.027845e-02   5.748224e+01
   1.903327e-03   1.751719e+00   2.038380e+00   7.710006e+00     2.2720e-01   4.934418e-02   5.433709e+01
   1.921202e-03   1.762236e+00   2.052944e+00   7.692663e+00     2.2908e-01   4.865120e-02   5.141219e+01
   1.939078e-03   1.772489e+00   2.067145e+00   7.681731e+00     2.3074e-01   4.776952e-02   4.868968e+01
   1.956954e-03   1.782485e+00   2.081026e+00   7.671017e+00     2.3237e-01   4.689793e-02   4.615283e+01
   1.974830e-03   1.792225e+00   2.094598e+00   7.660465e+00     2.3396e-01   4.603839e-02   4.378671e+01
   1.992705e-03   1.801714e+00   2.107864e+00   7.650095e+00     2.3552e-01   4.519049e-02   4.157774e+01
   2.010581e-03   1.810956e+00   2.120868e+00   7.632821e+00     2.3726e-01   4.456054e-02   3.951347e+01
   2.028457e-03   1.819955e+00   2.133516e+00   7.621746e+00     2.3878e-01   4.376363e-02   3.758294e+01
   2.046333e-03   1.828716e+00   2.145865e+00   7.610881e+00     2.4028e-01   4.297701e-02   3.577569e+01
   2.064208e-03   1.837242e+00   2.157922e+00   7.600290e+00     2.4173e-01   4.219900e-02   3.408238e+01
   2.099960e-03   1.853606e+00   2.181212e+00   7.572014e+00     2.4480e-01   4.088283e-02   3.100412e+01
   2.117836e-03   1.861452e+00   2.192396e+00   7.561061e+00     2.4619e-01   4.015984e-02   2.960431e+01
   2.135711e-03   1.869080e+00   2.203300e+00   7.550333e+00     2.4755e-01   3.944643e-02   2.828838e+01
   2.153587e-03   1.876492e+00   2.213935e+00   7.540023e+00     2.4887e-01   3.873781e-02   2.705035e+01
   2.171463e-03   1.883695e+00   2.224338e+00   7.522016e+00     2.5042e-01   3.823976e-02   2.588466e+01
   2.189339e-03   1.890690e+00   2.234419e+00   7.510948e+00     2.5172e-01   3.757788e-02   2.478638e+01
   2.207214e-03   1.897483e+00   2.244239e+00   7.500326e+00     2.5299e-01   3.691959e-02   2.375074e+01
   2.225090e-03   1.904076e+00   2.253801e+00   7.490004e+00     2.5422e-01   3.626873e-02   2.277348e+01
   2.242966e-03   1.910475e+00   2.263145e+00   7.471767e+00     2.5569e-01   3.582160e-02   2.185061e+01
   2.260842e-03   1.916682e+00   2.272186e+00   7.460915e+00     2.5690e-01   3.520931e-02   2.097859e+01
   2.278717e-03   1.922702e+00   2.280975e+00   7.450187e+00     2.5807e-01   3.460795e-02   2.015397e+01
   2.314469e-03   1.934193e+00   2.297877e+00   7.421657e+00     2.6061e-01   3.360551e-02   1.863479e+01
   2.332345e-03   1.939672e+00   2.305930e+00   7.410589e+00     2.6174e-01   3.304948e-02   1.793475e+01
   2.350220e-03   1.944978e+00   2.313757e+00   7.400128e+00     2.6283e-01   3.249276e-02   1.727102e+01
   2.368096e-03   1.950115e+00   2.321408e+00   7.382267e+00     2.6416e-01   3.210927e-02   1.664129e+01
   2.385972e-03   1.955086e+00   2.328771e+00   7.371323e+00     2.6523e-01   3.158596e-02   1.604357e+01
   2.403848e-03   1.959894e+00   2.335908e+00   7.360487e+00     2.6627e-01   3.107239e-02   1.547581e+01
   2.421723e-03   1.964543e+00   2.342830e+00   7.350002e+00     2.6728e-01   3.056338e-02   1.493619e+01
   2.439599e-03   1.969036e+00   2.349593e+00   7.332014e+00     2.6855e-01   3.022031e-02   1.442300e+01
   2.457475e-03   1.973377e+00   2.356079e+00   7.321015e+00     2.6955e-01   2.974294e-02   1.393474e+01
   2.475351e-03   1.977569e+00   2.362357e+00   7.310306e+00     2.7052e-01   2.927083e-02   1.346987e+01
   2.493226e-03   1.981615e+00   2.368439e+00   7.300006e+00     2.7145e-01   2.880163e-02   1.302705e+01
   2.511102e-03   1.985517e+00   2.374366e+00   7.281723e+00     2.7267e-01   2.849909e-02   1.260497e+01
   2.528978e-03   1.989280e+00   2.380041e+00   7.270968e+00     2.7359e-01   2.805818e-02   1.220252e+01
   2.564729e-03   1.996399e+00   2.390814e+00   7.250008e+00     2.7537e-01   2.719674e-02   1.145199e+01
   2.582605e-03   1.999761e+00   2.395968e+00   7.231746e+00     2.7653e-01   2.692545e-02   1.110189e+01
   2.600481e-03   2.002995e+00   2.400882e+00   7.220930e+00     2.7739e-01   2.652379e-02   1.076740e+01
   2.618357e-03   2.006104e+00   2.405617e+00   7.210353e+00     2.7823e-01   2.612718e-02   1.044761e+01
   2.636232e-03   2.009090e+00   2.410179e+00   7.200008e+00     2.7904e-01   2.573572e-02   1.014175e+01
   2.654108e-03   2.011957e+00   2.414621e+00   7.181939e+00     2.8014e-01   2.549003e-02   9.849046e+00
   2.689860e-03   2.017343e+00   2.422874e+00   7.160471e+00     2.8173e-01   2.476214e-02   9.300505e+00
   2.707735e-03   2.019867e+00   2.426758e+00   7.150092e+00     2.8250e-01   2.440487e-02   9.043358e+00
   2.725611e-03   2.022282e+00   2.430551e+00   7.132397e+00     2.8353e-01   2.417953e-02   8.796823e+00
   2.743487e-03   2.024590e+00   2.434105e+00   7.121340e+00     2.8430e-01   2.384864e-02   8.560432e+00
   2.761363e-03   2.026794e+00   2.437512e+00   7.110798e+00     2.8503e-01   2.351698e-02   8.333617e+00
   2.779238e-03   2.028897e+00   2.440766e+00   7.100255e+00     2.8575e-01   2.319308e-02   8.115909e+00
   2.797114e-03   2.030900e+00   2.443880e+00   7.090019e+00     2.8644e-01   2.287181e-02   7.906855e+00
   2.814990e-03   2.032806e+00   2.446919e+00   7.072173e+00     2.8744e-01   2.267963e-02   7.706013e+00
   2.832866e-03   2.034617e+00   2.449730e+00   7.061280e+00     2.8814e-01   2.238219e-02   7.513038e+00
   2.850741e-03   2.036335e+00   2.452409e+00   7.050808e+00     2.8881e-01   2.208509e-02   7.327509e+00
   2.868617e-03   2.037963e+00   2.454948e+00   7.040307e+00     2.8947e-01   2.179538e-02   7.149076e+00
   2.904369e-03   2.040956e+00   2.459709e+00   7.012487e+00     2.9105e-01   2.133945e-02   6.812149e+00
   2.922244e-03   2.042325e+00   2.461852e+00   7.001594e+00     2.9169e-01   2.107432e-02   6.653081e+00
   2.940120e-03   2.043612e+00   2.463875e+00   6.991174e+00     2.9231e-01   2.080833e-02   6.499865e+00
   2.975872e-03   2.045947e+00   2.467547e+00   6.970291e+00     2.9352e-01   2.029539e-02   6.209958e+00
   2.993747e-03   2.046999e+00   2.469209e+00   6.960047e+00     2.9411e-01   2.004499e-02   6.072774e+00
   3.011623e-03   2.047976e+00   2.470813e+00   6.942456e+00     2.9499e-01   1.990531e-02   5.940442e+00
   3.029499e-03   2.048881e+00   2.472244e+00   6.931921e+00     2.9557e-01   1.966944e-02   5.812800e+00
   3.047375e-03   2.049714e+00   2.473560e+00   6.921254e+00     2.9615e-01   1.944091e-02   5.689613e+00
   3.065251e-03   2.050478e+00   2.474773e+00   6.910997e+00     2.9670e-01   1.921199e-02   5.570683e+00
   3.083126e-03   2.051175e+00   2.475876e+00   6.900564e+00     2.9725e-01   1.899078e-02   5.455832e+00
   3.101002e-03   2.051806e+00   2.476879e+00   6.890308e+00     2.9778e-01   1.877230e-02   5.344885e+00
   3.118878e-03   2.052372e+00   2.477782e+00   6.880126e+00     2.9830e-01   1.855787e-02   5.237677e+00
   3.136754e-03   2.052875e+00   2.478587e+00   6.870016e+00     2.9882e-01   1.834744e-02   5.134051e+00
   3.154629e-03   2.053317e+00   2.479350e+00   6.852343e+00     2.9965e-01   1.824214e-02   5.033841e+00
   3.172505e-03   2.053700e+00   2.479962e+00   6.842069e+00     3.0016e-01   1.804253e-02   4.936945e+00
   3.190381e-03   2.054024e+00   2.480480e+00   6.831649e+00     3.0066e-01   1.784944e-02   4.843209e+00
   3.208257e-03   2.054292e+00   2.480905e+00   6.821235e+00     3.0116e-01   1.766076e-02   4.752500e+00
   3.226132e-03   2.054504e+00   2.481245e+00   6.810980e+00     3.0165e-01   1.747439e-02   4.664696e+00
   3.244008e-03   2.054663e+00   2.481501e+00   6.800838e+00     3.0212e-01   1.729088e-02   4.579683e+00
   3.261884e-03   2.054768e+00   2.481670e+00   6.790629e+00     3.0259e-01   1.711245e-02   4.497351e+00
   3.279760e-03   2.054823e+00   2.481755e+00   6.780405e+00     3.0305e-01   1.693833e-02   4.417593e+00
   3.297635e-03   2.054827e+00   2.481764e+00   6.770334e+00     3.0350e-01   1.676634e-02   4.340310e+00
   3.315511e-03   2.054783e+00   2.481689e+00   6.760193e+00     3.0395e-01   1.659916e-02   4.265406e+00
   3.333387e-03   2.054692e+00   2.481538e+00   6.750101e+00     3.0439e-01   1.643524e-02   4.192790e+00
   3.351263e-03   2.054554e+00   2.481313e+00   6.740081e+00     3.0483e-01   1.627424e-02   4.122374e+00
   3.369138e-03   2.054371e+00   2.481013e+00   6.730043e+00     3.0525e-01   1.611716e-02   4.054076e+00
   3.387014e-03   2.054144e+00   2.480639e+00   6.720021e+00     3.0568e-01   1.596350e-02   3.987815e+00
   3.404890e-03   2.053875e+00   2.480195e+00   6.710005e+00     3.0609e-01   1.581331e-02   3.923517e+00
   3.422766e-03   2.053564e+00   2.479775e+00   6.692692e+00     3.0684e-01   1.575208e-02   3.861088e+00
   3.440641e-03   2.053213e+00   2.479197e+00   6.682646e+00     3.0725e-01   1.560844e-02   3.800502e+00
   3.458517e-03   2.052822e+00   2.478551e+00   6.672614e+00     3.0765e-01   1.546795e-02   3.741670e+00
   3.476393e-03   2.052392e+00   2.477842e+00   6.662657e+00     3.0804e-01   1.532984e-02   3.684528e+00
   3.494269e-03   2.051926e+00   2.477064e+00   6.652499e+00     3.0844e-01   1.519723e-02   3.629019e+00
   3.530020e-03   2.050884e+00   2.475347e+00   6.632734e+00     3.0921e-01   1.493496e-02   3.522657e+00
   3.547896e-03   2.050311e+00   2.474346e+00   6.630001e+00     3.0925e-01   1.472878e-02   3.471721e+00
   3.565772e-03   2.049704e+00   2.473412e+00   6.612761e+00     3.0996e-01   1.468700e-02   3.422157e+00
   3.583647e-03   2.049065e+00   2.472369e+00   6.602902e+00     3.1033e-01   1.456592e-02   3.373976e+00
   3.601523e-03   2.048394e+00   2.471195e+00   6.600022e+00     3.1036e-01   1.437153e-02   3.327138e+00
   3.619399e-03   2.047692e+00   2.470028e+00   6.590053e+00     3.1072e-01   1.425770e-02   3.281550e+00
   3.655150e-03   2.046200e+00   2.467539e+00   6.570154e+00     3.1144e-01   1.403756e-02   3.194024e+00
   3.673026e-03   2.045410e+00   2.466229e+00   6.560221e+00     3.1179e-01   1.393117e-02   3.152005e+00
   3.690902e-03   2.044593e+00   2.464882e+00   6.550332e+00     3.1214e-01   1.382683e-02   3.111097e+00
   3.708778e-03   2.043749e+00   2.463499e+00   6.540482e+00     3.1248e-01   1.372454e-02   3.071264e+00
   3.726653e-03   2.042879e+00   2.462072e+00   6.530628e+00     3.1282e-01   1.362469e-02   3.032472e+00
   3.744529e-03   2.041984e+00   2.460594e+00   6.520797e+00     3.1315e-01   1.352697e-02   2.994685e+00
   3.762405e-03   2.041064e+00   2.459066e+00   6.511049e+00     3.1348e-01   1.343072e-02   2.957873e+00
   3.780281e-03   2.040120e+00   2.457493e+00   6.501408e+00     3.1380e-01   1.333564e-02   2.922002e+00
   3.798156e-03   2.039153e+00   2.455877e+00   6.491748e+00     3.1411e-01   1.324299e-02   2.887045e+00
   3.816032e-03   2.038164e+00   2.454228e+00   6.482174e+00     3.1443e-01   1.315167e-02   2.852971e+00
   3.833908e-03   2.037153e+00   2.452553e+00   6.472697e+00     3.1473e-01   1.306152e-02   2.819753e+00
   3.851784e-03   2.036120e+00   2.450782e+00   6.470042e+00     3.1470e-01   1.290535e-02   2.787388e+00
   3.869659e-03   2.035067e+00   2.449020e+00   6.460181e+00     3.1502e-01   1.282361e-02   2.755811e+00
   3.887535e-03   2.033994e+00   2.447214e+00   6.450370e+00     3.1533e-01   1.274338e-02   2.725014e+00
   3.905411e-03   2.032901e+00   2.445380e+00   6.440645e+00     3.1564e-01   1.266427e-02   2.694973e+00
   3.923287e-03   2.031790e+00   2.443531e+00   6.431033e+00     3.1594e-01   1.258598e-02   2.665666e+00
   3.941162e-03   2.030660e+00   2.441667e+00   6.421497e+00     3.1623e-01   1.250885e-02   2.637070e+00
   3.959038e-03   2.029513e+00   2.439776e+00   6.412161e+00     3.1651e-01   1.243166e-02   2.609162e+00
   3.976914e-03   2.028348e+00   2.437734e+00   6.410008e+00     3.1643e-01   1.228733e-02   2.581941e+00
   3.994790e-03   2.027167e+00   2.435734e+00   6.400125e+00     3.1674e-01   1.221937e-02   2.555360e+00
   4.012665e-03   2.025970e+00   2.433732e+00   6.390330e+00     3.1704e-01   1.215233e-02   2.529411e+00
   4.030541e-03   2.024758e+00   2.431730e+00   6.380760e+00     3.1732e-01   1.208486e-02   2.504074e+00
   4.048417e-03   2.023530e+00   2.429694e+00   6.371314e+00     3.1760e-01   1.201792e-02   2.479332e+00
   4.066293e-03   2.022288e+00   2.427611e+00   6.361894e+00     3.1788e-01   1.195240e-02   2.455168e+00
   4.084168e-03   2.021031e+00   2.425497e+00   6.352834e+00     3.1813e-01   1.188513e-02   2.431561e+00
   4.119920e-03   2.018478e+00   2.421145e+00   6.340517e+00     3.1835e-01   1.170200e-02   2.386007e+00
   4.155671e-03   2.015874e+00   2.416759e+00   6.321703e+00     3.1888e-01   1.158555e-02   2.342498e+00
   4.173547e-03   2.014554e+00   2.414535e+00   6.312602e+00     3.1913e-01   1.152678e-02   2.321477e+00
   4.209299e-03   2.011880e+00   2.409982e+00   6.300532e+00     3.1932e-01   1.135841e-02   2.280880e+00
   4.227174e-03   2.010526e+00   2.407686e+00   6.291127e+00     3.1958e-01   1.130698e-02   2.261252e+00
   4.245050e-03   2.009162e+00   2.405392e+00   6.281955e+00     3.1983e-01   1.125485e-02   2.242060e+00
   4.280802e-03   2.006406e+00   2.400689e+00   6.270332e+00     3.1998e-01   1.109514e-02   2.204961e+00
   4.298677e-03   2.005013e+00   2.398322e+00   6.260864e+00     3.2025e-01   1.104989e-02   2.187017e+00
   4.316553e-03   2.003612e+00   2.395978e+00   6.251708e+00     3.2049e-01   1.100318e-02   2.169463e+00
   4.334429e-03   2.002202e+00   2.393553e+00   6.250002e+00     3.2035e-01   1.089265e-02   2.152305e+00
   4.352305e-03   2.000784e+00   2.391127e+00   6.240298e+00     3.2062e-01   1.085344e-02   2.135512e+00
   4.370180e-03   1.999358e+00   2.388717e+00   6.230881e+00     3.2088e-01   1.081296e-02   2.119082e+00
   4.388056e-03   1.997925e+00   2.386337e+00   6.221806e+00     3.2112e-01   1.077071e-02   2.103003e+00
   4.405932e-03   1.996484e+00   2.383815e+00   6.220049e+00     3.2098e-01   1.066676e-02   2.087283e+00
   4.441683e-03   1.993582e+00   2.378921e+00   6.201142e+00     3.2149e-01   1.059500e-02   2.056826e+00
   4.459559e-03   1.992121e+00   2.376484e+00   6.192325e+00     3.2171e-01   1.055537e-02   2.042076e+00
   4.477435e-03   1.990654e+00   2.373871e+00   6.190141e+00     3.2158e-01   1.046074e-02   2.027658e+00
   4.495311e-03   1.989182e+00   2.371405e+00   6.180704e+00     3.2184e-01   1.042875e-02   2.013532e+00
   4.513186e-03   1.987704e+00   2.368938e+00   6.171737e+00     3.2207e-01   1.039387e-02   1.999699e+00
   4.531062e-03   1.986220e+00   2.366305e+00   6.170018e+00     3.2191e-01   1.029941e-02   1.986169e+00
   4.548938e-03   1.984732e+00   2.363807e+00   6.160507e+00     3.2217e-01   1.027132e-02   1.972915e+00
   4.566814e-03   1.983238e+00   2.361305e+00   6.151317e+00     3.2241e-01   1.024158e-02   1.959934e+00
   4.584689e-03   1.981741e+00   2.358657e+00   6.150001e+00     3.2223e-01   1.014768e-02   1.947231e+00
   4.602565e-03   1.980239e+00   2.356133e+00   6.140339e+00     3.2250e-01   1.012396e-02   1.934787e+00
   4.620441e-03   1.978732e+00   2.353601e+00   6.131180e+00     3.2273e-01   1.009706e-02   1.922599e+00
   4.638317e-03   1.977222e+00   2.351030e+00   6.122498e+00     3.2294e-01   1.006718e-02   1.910655e+00
   4.656192e-03   1.975709e+00   2.348396e+00   6.120279e+00     3.2281e-01   9.985502e-03   1.898978e+00
   4.674068e-03   1.974192e+00   2.345832e+00   6.111178e+00     3.2305e-01   9.961078e-03   1.887526e+00
   4.691944e-03   1.972672e+00   2.343239e+00   6.102526e+00     3.2325e-01   9.933896e-03   1.876302e+00
   4.709820e-03   1.971148e+00   2.340602e+00   6.100346e+00     3.2312e-01   9.855327e-03   1.865329e+00
   4.727695e-03   1.969622e+00   2.338004e+00   6.091277e+00     3.2335e-01   9.833456e-03   1.854565e+00
   4.745571e-03   1.968094e+00   2.335405e+00   6.082808e+00     3.2355e-01   9.807608e-03   1.844011e+00
   4.763447e-03   1.966563e+00   2.332752e+00   6.080417e+00     3.2343e-01   9.733988e-03   1.833697e+00
   4.799198e-03   1.963494e+00   2.327476e+00   6.070034e+00     3.2347e-01   9.634748e-03   1.813664e+00
   4.817074e-03   1.961957e+00   2.324852e+00   6.060587e+00     3.2372e-01   9.620308e-03   1.803949e+00
   4.834950e-03   1.960418e+00   2.322230e+00   6.051898e+00     3.2393e-01   9.600666e-03   1.794424e+00
   4.852826e-03   1.958877e+00   2.319571e+00   6.050162e+00     3.2377e-01   9.526991e-03   1.785104e+00
   4.870701e-03   1.957335e+00   2.316923e+00   6.040974e+00     3.2401e-01   9.512971e-03   1.775962e+00
   4.888577e-03   1.955792e+00   2.314324e+00   6.032602e+00     3.2420e-01   9.493284e-03   1.766994e+00
   4.906453e-03   1.954248e+00   2.311620e+00   6.030385e+00     3.2407e-01   9.426270e-03   1.758229e+00
   4.924329e-03   1.952703e+00   2.308987e+00   6.021561e+00     3.2429e-01   9.411763e-03   1.749623e+00
   4.942204e-03   1.951157e+00   2.306319e+00   6.020095e+00     3.2411e-01   9.340784e-03   1.741198e+00
   4.960080e-03   1.949610e+00   2.303655e+00   6.010841e+00     3.2435e-01   9.331167e-03   1.732934e+00
   4.977956e-03   1.948063e+00   2.301066e+00   6.002427e+00     3.2455e-01   9.315742e-03   1.724827e+00
   4.995832e-03   1.946515e+00   2.298333e+00   6.000396e+00     3.2440e-01   9.251802e-03   1.716902e+00
   5.031583e-03   1.943419e+00   2.293019e+00   5.990133e+00     3.2444e-01   9.174319e-03   1.701501e+00
   5.049459e-03   1.941871e+00   2.290368e+00   5.980989e+00     3.2467e-01   9.167462e-03   1.694027e+00
   5.067335e-03   1.940324e+00   2.287706e+00   5.980006e+00     3.2447e-01   9.098997e-03   1.686706e+00
   5.085210e-03   1.938776e+00   2.285030e+00   5.970583e+00     3.2472e-01   9.095632e-03   1.679528e+00
   5.103086e-03   1.937229e+00   2.282453e+00   5.962090e+00     3.2492e-01   9.085843e-03   1.672485e+00
   5.120962e-03   1.935682e+00   2.279703e+00   5.960307e+00     3.2476e-01   9.025844e-03   1.665597e+00
   5.138838e-03   1.934135e+00   2.277112e+00   5.951544e+00     3.2498e-01   9.019455e-03   1.658834e+00
   5.156713e-03   1.932590e+00   2.274385e+00   5.950135e+00     3.2480e-01   8.958230e-03   1.652215e+00
   5.174589e-03   1.931045e+00   2.271775e+00   5.941116e+00     3.2503e-01   8.955068e-03   1.645719e+00
   5.192465e-03   1.929501e+00   2.269076e+00   5.940033e+00     3.2483e-01   8.892951e-03   1.639359e+00
   5.228216e-03   1.926416e+00   2.263876e+00   5.922593e+00     3.2527e-01   8.885232e-03   1.626996e+00
   5.246092e-03   1.924875e+00   2.261128e+00   5.920560e+00     3.2512e-01   8.832379e-03   1.621017e+00
   5.263968e-03   1.923336e+00   2.258566e+00   5.912225e+00     3.2532e-01   8.827164e-03   1.615137e+00
   5.281844e-03   1.921797e+00   2.255821e+00   5.910408e+00     3.2515e-01   8.774119e-03   1.609391e+00
   5.299719e-03   1.920261e+00   2.253267e+00   5.901975e+00     3.2536e-01   8.770823e-03   1.603745e+00
   5.317595e-03   1.918725e+00   2.250528e+00   5.900341e+00     3.2519e-01   8.717818e-03   1.598225e+00
   5.335471e-03   1.917192e+00   2.247974e+00   5.891663e+00     3.2541e-01   8.717494e-03   1.592804e+00
   5.353347e-03   1.915660e+00   2.245245e+00   5.890252e+00     3.2523e-01   8.664184e-03   1.587502e+00
   5.371222e-03   1.914129e+00   2.242698e+00   5.881588e+00     3.2544e-01   8.664884e-03   1.582297e+00
   5.389098e-03   1.912601e+00   2.239975e+00   5.880206e+00     3.2526e-01   8.612687e-03   1.577206e+00
   5.406974e-03   1.911074e+00   2.237433e+00   5.871450e+00     3.2549e-01   8.615144e-03   1.572210e+00
   5.424850e-03   1.909549e+00   2.234720e+00   5.870206e+00     3.2530e-01   8.563227e-03   1.567322e+00
   5.442725e-03   1.908027e+00   2.232183e+00   5.861427e+00     3.2552e-01   8.566905e-03   1.562526e+00
   5.460601e-03   1.906506e+00   2.229479e+00   5.860169e+00     3.2533e-01   8.516345e-03   1.557835e+00
   5.478477e-03   1.904988e+00   2.226947e+00   5.851412e+00     3.2556e-01   8.520897e-03   1.553231e+00
   5.496353e-03   1.903472e+00   2.224256e+00   5.850205e+00     3.2537e-01   8.471179e-03   1.548730e+00
   5.514228e-03   1.901958e+00   2.221725e+00   5.841392e+00     3.2560e-01   8.477141e-03   1.544313e+00
   5.532104e-03   1.900447e+00   2.219048e+00   5.840199e+00     3.2541e-01   8.428503e-03   1.539995e+00
   5.549980e-03   1.898937e+00   2.216522e+00   5.831518e+00     3.2563e-01   8.434495e-03   1.535758e+00
   5.567856e-03   1.897431e+00   2.213861e+00   5.830231e+00     3.2545e-01   8.387692e-03   1.531617e+00
   5.585731e-03   1.895927e+00   2.211335e+00   5.821686e+00     3.2567e-01   8.393655e-03   1.527552e+00
   5.603607e-03   1.894425e+00   2.208694e+00   5.820311e+00     3.2549e-01   8.348600e-03   1.523583e+00
   5.621483e-03   1.892926e+00   2.206168e+00   5.811988e+00     3.2569e-01   8.353908e-03   1.519685e+00
   5.639359e-03   1.891430e+00   2.203546e+00   5.810426e+00     3.2552e-01   8.311293e-03   1.515883e+00
   5.657234e-03   1.889936e+00   2.201013e+00   5.802179e+00     3.2573e-01   8.316975e-03   1.512146e+00
   5.675110e-03   1.888446e+00   2.198412e+00   5.800511e+00     3.2557e-01   8.276161e-03   1.508504e+00
   5.692986e-03   1.886958e+00   2.195880e+00   5.792563e+00     3.2576e-01   8.280607e-03   1.504921e+00
   5.710862e-03   1.885473e+00   2.193297e+00   5.790719e+00     3.2560e-01   8.242080e-03   1.501436e+00
   5.728737e-03   1.883990e+00   2.190678e+00   5.790012e+00     3.2539e-01   8.196044e-03   1.498018e+00
   5.746613e-03   1.882511e+00   2.188197e+00   5.780963e+00     3.2564e-01   8.209626e-03   1.494670e+00
   5.764489e-03   1.881035e+00   2.185602e+00   5.780061e+00     3.2544e-01   8.165956e-03   1.491399e+00
   5.782365e-03   1.879561e+00   2.183117e+00   5.771336e+00     3.2567e-01   8.178080e-03   1.488194e+00
   5.800240e-03   1.878091e+00   2.180550e+00   5.770192e+00     3.2548e-01   8.137090e-03   1.485066e+00
   5.818116e-03   1.876624e+00   2.178057e+00   5.761800e+00     3.2570e-01   8.147687e-03   1.481999e+00
   5.835992e-03   1.875160e+00   2.175511e+00   5.760350e+00     3.2553e-01   8.109791e-03   1.479011e+00
   5.853868e-03   1.873699e+00   2.173021e+00   5.752418e+00     3.2572e-01   8.117952e-03   1.476075e+00
   5.871743e-03   1.872241e+00   2.170489e+00   5.750672e+00     3.2557e-01   8.083067e-03   1.473225e+00
   5.889619e-03   1.870786e+00   2.167939e+00   5.750026e+00     3.2535e-01   8.040963e-03   1.470432e+00
   5.907495e-03   1.869335e+00   2.165487e+00   5.741172e+00     3.2560e-01   8.056772e-03   1.467698e+00
   5.925371e-03   1.867887e+00   2.162968e+00   5.740162e+00     3.2541e-01   8.018092e-03   1.465034e+00
   5.943246e-03   1.866442e+00   2.160506e+00   5.731758e+00     3.2563e-01   8.031516e-03   1.462423e+00
   5.961122e-03   1.865001e+00   2.158006e+00   5.730374e+00     3.2546e-01   7.996315e-03   1.459884e+00
   5.978998e-03   1.863563e+00   2.155554e+00   5.722545e+00     3.2565e-01   8.006466e-03   1.457390e+00
   6.014749e-03   1.860696e+00   2.150572e+00   5.720078e+00     3.2529e-01   7.936128e-03   1.452611e+00
   6.032625e-03   1.859269e+00   2.148142e+00   5.711482e+00     3.2553e-01   7.952714e-03   1.450299e+00
   6.050501e-03   1.857844e+00   2.145677e+00   5.710345e+00     3.2535e-01   7.917899e-03   1.448052e+00
   6.068377e-03   1.856423e+00   2.143250e+00   5.702307e+00     3.2556e-01   7.931323e-03   1.445847e+00
   6.086253e-03   1.855006e+00   2.140791e+00   5.700745e+00     3.2540e-01   7.900252e-03   1.443716e+00
   6.104128e-03   1.853592e+00   2.138334e+00   5.700051e+00     3.2519e-01   7.863608e-03   1.441631e+00
   6.122004e-03   1.852181e+00   2.135931e+00   5.691448e+00     3.2543e-01   7.881969e-03   1.439595e+00
   6.139880e-03   1.850774e+00   2.133500e+00   5.690354e+00     3.2525e-01   7.848848e-03   1.437620e+00
   6.157756e-03   1.849371e+00   2.131105e+00   5.682391e+00     3.2546e-01   7.863461e-03   1.435682e+00
   6.175631e-03   1.847971e+00   2.128675e+00   5.680850e+00     3.2530e-01   7.834180e-03   1.433815e+00
   6.193507e-03   1.846575e+00   2.126258e+00   5.680079e+00     3.2510e-01   7.799989e-03   1.431991e+00
   6.211383e-03   1.845182e+00   2.123879e+00   5.671640e+00     3.2533e-01   7.818874e-03   1.430210e+00
   6.229259e-03   1.843793e+00   2.121477e+00   5.670389e+00     3.2516e-01   7.788695e-03   1.428489e+00
   6.247134e-03   1.842408e+00   2.119126e+00   5.662709e+00     3.2536e-01   7.803001e-03   1.426798e+00
   6.265010e-03   1.841026e+00   2.116716e+00   5.661075e+00     3.2521e-01   7.776174e-03   1.425179e+00
   6.282886e-03   1.839648e+00   2.114342e+00   5.660206e+00     3.2501e-01   7.744465e-03   1.423598e+00
   6.300762e-03   1.838274e+00   2.111994e+00   5.652030e+00     3.2524e-01   7.763118e-03   1.422054e+00
   6.318637e-03   1.836904e+00   2.109618e+00   5.650720e+00     3.2507e-01   7.735111e-03   1.420570e+00
   6.336513e-03   1.835537e+00   2.107261e+00   5.650069e+00     3.2487e-01   7.702980e-03   1.419126e+00
   6.354389e-03   1.834174e+00   2.104931e+00   5.641658e+00     3.2511e-01   7.724139e-03   1.417720e+00
   6.372265e-03   1.832814e+00   2.102578e+00   5.640417e+00     3.2494e-01   7.696682e-03   1.416369e+00
   6.390140e-03   1.831458e+00   2.100239e+00   5.640010e+00     3.2473e-01   7.663923e-03   1.415056e+00
   6.425892e-03   1.828758e+00   2.095607e+00   5.630393e+00     3.2480e-01   7.659239e-03   1.412558e+00
   6.443768e-03   1.827414e+00   2.093330e+00   5.622696e+00     3.2501e-01   7.676986e-03   1.411359e+00
   6.461643e-03   1.826074e+00   2.090984e+00   5.620995e+00     3.2487e-01   7.654290e-03   1.410225e+00
   6.479519e-03   1.824737e+00   2.088690e+00   5.620275e+00     3.2467e-01   7.625241e-03   1.409123e+00
   6.497395e-03   1.823404e+00   2.086426e+00   5.612334e+00     3.2489e-01   7.645503e-03   1.408050e+00
   6.515271e-03   1.822075e+00   2.084112e+00   5.610982e+00     3.2473e-01   7.621354e-03   1.407034e+00
   6.533146e-03   1.820749e+00   2.081833e+00   5.610187e+00     3.2454e-01   7.593750e-03   1.406051e+00
   6.551022e-03   1.819428e+00   2.079589e+00   5.602262e+00     3.2477e-01   7.614721e-03   1.405096e+00
   6.586774e-03   1.816796e+00   2.075040e+00   5.600178e+00     3.2442e-01   7.564352e-03   1.403327e+00
   6.604649e-03   1.815486e+00   2.072812e+00   5.592052e+00     3.2465e-01   7.587495e-03   1.402486e+00
   6.622525e-03   1.814180e+00   2.070543e+00   5.590891e+00     3.2449e-01   7.563830e-03   1.401696e+00
   6.640401e-03   1.812877e+00   2.068307e+00   5.590170e+00     3.2430e-01   7.537501e-03   1.400938e+00
   6.658277e-03   1.811579e+00   2.066106e+00   5.582253e+00     3.2452e-01   7.559999e-03   1.400205e+00
   6.676152e-03   1.810284e+00   2.063849e+00   5.580865e+00     3.2437e-01   7.538728e-03   1.399524e+00
   6.711904e-03   1.807706e+00   2.059457e+00   5.572148e+00     3.2442e-01   7.537045e-03   1.398246e+00
   6.729780e-03   1.806423e+00   2.057221e+00   5.570966e+00     3.2426e-01   7.515200e-03   1.397668e+00
   6.747655e-03   1.805144e+00   2.055025e+00   5.570198e+00     3.2407e-01   7.490847e-03   1.397119e+00
   6.765531e-03   1.803869e+00   2.052880e+00   5.562494e+00     3.2429e-01   7.513413e-03   1.396591e+00
   6.801283e-03   1.801330e+00   2.048480e+00   5.560349e+00     3.2396e-01   7.470134e-03   1.395667e+00
   6.819158e-03   1.800066e+00   2.046365e+00   5.552711e+00     3.2418e-01   7.492986e-03   1.395234e+00
   6.837034e-03   1.798806e+00   2.044156e+00   5.551320e+00     3.2403e-01   7.474136e-03   1.394857e+00
   6.854910e-03   1.797550e+00   2.041994e+00   5.550495e+00     3.2385e-01   7.451735e-03   1.394504e+00
   6.872786e-03   1.796298e+00   2.039850e+00   5.550034e+00     3.2366e-01   7.427175e-03   1.394181e+00
   6.890661e-03   1.795049e+00   2.037727e+00   5.541760e+00     3.2391e-01   7.455221e-03   1.393881e+00
   6.908537e-03   1.793805e+00   2.035568e+00   5.540610e+00     3.2376e-01   7.435752e-03   1.393623e+00
   6.926413e-03   1.792564e+00   2.033450e+00   5.540132e+00     3.2356e-01   7.412036e-03   1.393391e+00
   6.944289e-03   1.791328e+00   2.031363e+00   5.532237e+00     3.2380e-01   7.438228e-03   1.393178e+00
   6.962164e-03   1.790095e+00   2.029214e+00   5.530982e+00     3.2365e-01   7.420193e-03   1.393012e+00
   6.980040e-03   1.788866e+00   2.027106e+00   5.530238e+00     3.2347e-01   7.398975e-03   1.392869e+00
   6.997916e-03   1.787641e+00   2.025065e+00   5.522661e+00     3.2369e-01   7.423712e-03   1.392741e+00
   7.015792e-03   1.786420e+00   2.022928e+00   5.521443e+00     3.2354e-01   7.406137e-03   1.392662e+00
   7.033667e-03   1.785202e+00   2.020827e+00   5.520492e+00     3.2338e-01   7.387002e-03   1.392607e+00
   7.051543e-03   1.783989e+00   2.018756e+00   5.520060e+00     3.2318e-01   7.364651e-03   1.392576e+00
   7.087295e-03   1.781574e+00   2.014619e+00   5.510960e+00     3.2328e-01   7.375617e-03   1.392595e+00
   7.105170e-03   1.780372e+00   2.012561e+00   5.510259e+00     3.2310e-01   7.355731e-03   1.392647e+00
   7.123046e-03   1.779174e+00   2.010567e+00   5.502674e+00     3.2333e-01   7.382022e-03   1.392712e+00
   7.140922e-03   1.777979e+00   2.008478e+00   5.501435e+00     3.2318e-01   7.366165e-03   1.392825e+00
   7.158798e-03   1.776789e+00   2.006425e+00   5.500560e+00     3.2302e-01   7.348083e-03   1.392959e+00
   7.176673e-03   1.775602e+00   2.004402e+00   5.500099e+00     3.2283e-01   7.327476e-03   1.393116e+00
   7.194549e-03   1.774420e+00   2.002415e+00   5.492170e+00     3.2308e-01   7.356890e-03   1.393289e+00
   7.212425e-03   1.773241e+00   2.000365e+00   5.491153e+00     3.2293e-01   7.340400e-03   1.393502e+00
   7.230301e-03   1.772066e+00   1.998347e+00   5.490348e+00     3.2276e-01   7.322710e-03   1.393737e+00
   7.266052e-03   1.769727e+00   1.994380e+00   5.481918e+00     3.2283e-01   7.333422e-03   1.394269e+00
   7.283928e-03   1.768564e+00   1.992365e+00   5.480924e+00     3.2268e-01   7.317611e-03   1.394581e+00
   7.301804e-03   1.767404e+00   1.990384e+00   5.480325e+00     3.2250e-01   7.299371e-03   1.394913e+00
   7.319679e-03   1.766248e+00   1.988470e+00   5.472830e+00     3.2273e-01   7.327273e-03   1.395252e+00
   7.337555e-03   1.765096e+00   1.986459e+00   5.471701e+00     3.2259e-01   7.312967e-03   1.395639e+00
   7.355431e-03   1.763947e+00   1.984477e+00   5.470817e+00     3.2243e-01   7.297221e-03   1.396045e+00
   7.373307e-03   1.762803e+00   1.982525e+00   5.470247e+00     3.2225e-01   7.279591e-03   1.396471e+00
   7.391182e-03   1.761662e+00   1.980632e+00   5.462644e+00     3.2249e-01   7.308972e-03   1.396905e+00
   7.409058e-03   1.760525e+00   1.978651e+00   5.461633e+00     3.2234e-01   7.294659e-03   1.397383e+00
   7.426934e-03   1.759392e+00   1.976698e+00   5.460753e+00     3.2219e-01   7.279659e-03   1.397880e+00
   7.444810e-03   1.758262e+00   1.974773e+00   5.460206e+00     3.2201e-01   7.262635e-03   1.398396e+00
   7.462685e-03   1.757136e+00   1.972907e+00   5.452715e+00     3.2225e-01   7.292013e-03   1.398920e+00
   7.480561e-03   1.756014e+00   1.970950e+00   5.451496e+00     3.2212e-01   7.279847e-03   1.399488e+00
   7.498437e-03   1.754896e+00   1.969028e+00   5.450763e+00     3.2195e-01   7.264607e-03   1.400072e+00
   7.516313e-03   1.753782e+00   1.967128e+00   5.450205e+00     3.2178e-01   7.248397e-03   1.400675e+00
   7.534188e-03   1.752671e+00   1.965294e+00   5.442825e+00     3.2201e-01   7.277756e-03   1.401284e+00
   7.552064e-03   1.751564e+00   1.963367e+00   5.441732e+00     3.2188e-01   7.265472e-03   1.401937e+00
   7.569940e-03   1.750461e+00   1.961463e+00   5.440781e+00     3.2173e-01   7.252419e-03   1.402607e+00
   7.587816e-03   1.749361e+00   1.959593e+00   5.440321e+00     3.2155e-01   7.236268e-03   1.403294e+00
   7.605691e-03   1.748265e+00   1.957727e+00   5.440003e+00     3.2137e-01   7.219376e-03   1.404001e+00
   7.623567e-03   1.747173e+00   1.955890e+00   5.431899e+00     3.2165e-01   7.254418e-03   1.404721e+00
   7.641443e-03   1.746084e+00   1.954011e+00   5.430992e+00     3.2150e-01   7.241758e-03   1.405473e+00
   7.659319e-03   1.745000e+00   1.952159e+00   5.430371e+00     3.2134e-01   7.227373e-03   1.406242e+00
   7.677194e-03   1.743919e+00   1.950326e+00   5.430089e+00     3.2116e-01   7.210918e-03   1.407029e+00
   7.695070e-03   1.742841e+00   1.948525e+00   5.422326e+00     3.2142e-01   7.244375e-03   1.407825e+00
   7.712946e-03   1.741767e+00   1.946664e+00   5.421224e+00     3.2129e-01   7.233707e-03   1.408658e+00
   7.730822e-03   1.740697e+00   1.944837e+00   5.420615e+00     3.2113e-01   7.219905e-03   1.409505e+00
   7.748697e-03   1.739631e+00   1.943027e+00   5.420209e+00     3.2095e-01   7.204927e-03   1.410370e+00
   7.766573e-03   1.738568e+00   1.941216e+00   5.420009e+00     3.2077e-01   7.188770e-03   1.411253e+00
   7.784449e-03   1.737509e+00   1.939434e+00   5.411819e+00     3.2106e-01   7.225876e-03   1.412148e+00
   7.802325e-03   1.736453e+00   1.937619e+00   5.410913e+00     3.2092e-01   7.214706e-03   1.413073e+00
   7.855952e-03   1.733309e+00   1.932307e+00   5.402298e+00     3.2085e-01   7.221401e-03   1.415936e+00
   7.891703e-03   1.731230e+00   1.928740e+00   5.400696e+00     3.2056e-01   7.199078e-03   1.417949e+00
   7.909579e-03   1.730196e+00   1.926989e+00   5.400305e+00     3.2039e-01   7.185422e-03   1.418978e+00
   7.927455e-03   1.729166e+00   1.925235e+00   5.400019e+00     3.2021e-01   7.171232e-03   1.420024e+00
   7.945331e-03   1.728139e+00   1.923515e+00   5.392016e+00     3.2050e-01   7.208541e-03   1.421079e+00
   7.963206e-03   1.727116e+00   1.921758e+00   5.391183e+00     3.2036e-01   7.198274e-03   1.422165e+00
   7.981082e-03   1.726096e+00   1.920022e+00   5.390573e+00     3.2021e-01   7.186670e-03   1.423265e+00
   7.998958e-03   1.725080e+00   1.918300e+00   5.390163e+00     3.2004e-01   7.173881e-03   1.424380e+00
   8.016834e-03   1.724068e+00   1.916578e+00   5.390011e+00     3.1986e-01   7.159545e-03   1.425511e+00
   8.034709e-03   1.723059e+00   1.914885e+00   5.381785e+00     3.2016e-01   7.199106e-03   1.426652e+00
   8.070461e-03   1.721052e+00   1.911463e+00   5.380520e+00     3.1987e-01   7.177497e-03   1.429003e+00
   8.106212e-03   1.719059e+00   1.908080e+00   5.380006e+00     3.1953e-01   7.151481e-03   1.431414e+00
   8.124088e-03   1.718067e+00   1.906424e+00   5.371998e+00     3.1982e-01   7.190318e-03   1.432635e+00
   8.141964e-03   1.717079e+00   1.904736e+00   5.371237e+00     3.1968e-01   7.181012e-03   1.433884e+00
   8.159840e-03   1.716095e+00   1.903062e+00   5.370564e+00     3.1954e-01   7.171252e-03   1.435147e+00
   8.177715e-03   1.715114e+00   1.901403e+00   5.370225e+00     3.1937e-01   7.159398e-03   1.436424e+00
   8.195591e-03   1.714137e+00   1.899740e+00   5.370017e+00     3.1921e-01   7.146826e-03   1.437716e+00
   8.213467e-03   1.713163e+00   1.898114e+00   5.361951e+00     3.1950e-01   7.186795e-03   1.439015e+00
   8.231343e-03   1.712192e+00   1.896458e+00   5.361298e+00     3.1936e-01   7.177437e-03   1.440341e+00
   8.249218e-03   1.711225e+00   1.894815e+00   5.360673e+00     3.1922e-01   7.168021e-03   1.441680e+00
   8.267094e-03   1.710261e+00   1.893184e+00   5.360241e+00     3.1906e-01   7.157455e-03   1.443034e+00
   8.284970e-03   1.709301e+00   1.891557e+00   5.360054e+00     3.1890e-01   7.145390e-03   1.444401e+00
   8.302846e-03   1.708344e+00   1.889966e+00   5.352295e+00     3.1918e-01   7.184025e-03   1.445772e+00
   8.320721e-03   1.707391e+00   1.888337e+00   5.351571e+00     3.1904e-01   7.175800e-03   1.447173e+00
   8.338597e-03   1.706441e+00   1.886723e+00   5.350914e+00     3.1891e-01   7.167252e-03   1.448588e+00
   8.356473e-03   1.705494e+00   1.885121e+00   5.350405e+00     3.1876e-01   7.157834e-03   1.450014e+00
   8.374349e-03   1.704551e+00   1.883525e+00   5.350102e+00     3.1860e-01   7.147178e-03   1.451454e+00
   8.392224e-03   1.703611e+00   1.881926e+00   5.350001e+00     3.1843e-01   7.135309e-03   1.452908e+00
   8.410100e-03   1.702675e+00   1.880372e+00   5.342001e+00     3.1873e-01   7.176359e-03   1.454367e+00
   8.427976e-03   1.701742e+00   1.878783e+00   5.341273e+00     3.1860e-01   7.168916e-03   1.455854e+00
   8.445852e-03   1.700812e+00   1.877209e+00   5.340703e+00     3.1846e-01   7.160524e-03   1.457352e+00
   8.463727e-03   1.699886e+00   1.875646e+00   5.340342e+00     3.1831e-01   7.150860e-03   1.458862e+00
   8.481603e-03   1.698962e+00   1.874081e+00   5.340080e+00     3.1815e-01   7.140668e-03   1.460385e+00
   8.499479e-03   1.698043e+00   1.872560e+00   5.332633e+00     3.1842e-01   7.178698e-03   1.461908e+00
   8.517355e-03   1.697126e+00   1.870996e+00   5.331791e+00     3.1830e-01   7.172634e-03   1.463464e+00
   8.535230e-03   1.696213e+00   1.869448e+00   5.331155e+00     3.1817e-01   7.165287e-03   1.465031e+00
   8.553106e-03   1.695303e+00   1.867909e+00   5.330603e+00     3.1803e-01   7.157493e-03   1.466610e+00
   8.588858e-03   1.693493e+00   1.864849e+00   5.330072e+00     3.1772e-01   7.138426e-03   1.469803e+00
   8.606733e-03   1.692593e+00   1.863363e+00   5.322575e+00     3.1800e-01   7.177574e-03   1.471405e+00
   8.642485e-03   1.690803e+00   1.860320e+00   5.321049e+00     3.1776e-01   7.165882e-03   1.474686e+00
   8.660361e-03   1.689913e+00   1.858823e+00   5.320679e+00     3.1761e-01   7.157547e-03   1.476341e+00
   8.678236e-03   1.689026e+00   1.857326e+00   5.320321e+00     3.1747e-01   7.149247e-03   1.478008e+00
   8.696112e-03   1.688142e+00   1.855828e+00   5.320077e+00     3.1732e-01   7.140299e-03   1.479687e+00
   8.713988e-03   1.687262e+00   1.854328e+00   5.320001e+00     3.1715e-01   7.130346e-03   1.481379e+00
   8.731864e-03   1.686384e+00   1.852889e+00   5.311972e+00     3.1747e-01   7.173937e-03   1.483074e+00
   8.749739e-03   1.685510e+00   1.851406e+00   5.311195e+00     3.1735e-01   7.168911e-03   1.484794e+00
   8.767615e-03   1.684639e+00   1.849941e+00   5.310801e+00     3.1721e-01   7.161390e-03   1.486524e+00
   8.803367e-03   1.682907e+00   1.847016e+00   5.310146e+00     3.1692e-01   7.145792e-03   1.490017e+00
   8.821242e-03   1.682045e+00   1.845552e+00   5.310020e+00     3.1677e-01   7.136804e-03   1.491781e+00
   8.839118e-03   1.681187e+00   1.844143e+00   5.302159e+00     3.1708e-01   7.180033e-03   1.493546e+00
   8.856994e-03   1.680332e+00   1.842700e+00   5.301605e+00     3.1695e-01   7.174125e-03   1.495338e+00
   8.874870e-03   1.679480e+00   1.841261e+00   5.300995e+00     3.1682e-01   7.168703e-03   1.497140e+00
   8.910621e-03   1.677785e+00   1.838410e+00   5.300344e+00     3.1654e-01   7.154315e-03   1.500774e+00
   8.928497e-03   1.676943e+00   1.836981e+00   5.300070e+00     3.1640e-01   7.146932e-03   1.502607e+00
   8.946373e-03   1.676103e+00   1.835552e+00   5.300004e+00     3.1625e-01   7.138252e-03   1.504451e+00
   8.964248e-03   1.675267e+00   1.834192e+00   5.292098e+00     3.1656e-01   7.182605e-03   1.506297e+00
   8.982124e-03   1.674433e+00   1.832783e+00   5.291378e+00     3.1645e-01   7.178543e-03   1.508169e+00
   9.000000e-03   1.673603e+00   1.831388e+00   5.290930e+00     3.1632e-01   7.172726e-03   1.510048e+00
