           rhoc              M             Mb              R              C             kl            lam
   2.945090e-04   1.563690e-01   1.583160e-01   1.986127e+01     7.8731e-03   9.791158e-04   2.157866e+07
   3.123848e-04   1.870726e-01   1.898446e-01   1.557316e+01     1.2013e-02   3.892526e-03   1.037464e+07
   3.302605e-04   2.200730e-01   2.238788e-01   1.351021e+01     1.6289e-02   9.244006e-03   5.373350e+06
   3.481363e-04   2.551060e-01   2.601702e-01   1.233201e+01     2.0686e-02   1.671409e-02   2.941416e+06
   3.660120e-04   2.919172e-01   2.984813e-01   1.160084e+01     2.5163e-02   2.555075e-02   1.688348e+06
   3.838878e-04   3.302523e-01   3.385674e-01   1.110453e+01     2.9740e-02   3.525588e-02   1.010209e+06
   4.017635e-04   3.698440e-01   3.801712e-01   1.077094e+01     3.4337e-02   4.491014e-02   6.272320e+05
   4.196393e-04   4.104293e-01   4.230303e-01   1.053076e+01     3.8974e-02   5.430472e-02   4.025814e+05
   4.375150e-04   4.517574e-01   4.668958e-01   1.035321e+01     4.3635e-02   6.316984e-02   2.662360e+05
   4.553908e-04   4.935963e-01   5.115291e-01   1.022386e+01     4.8279e-02   7.117006e-02   1.808927e+05
   4.732665e-04   5.357451e-01   5.567231e-01   1.013195e+01     5.2877e-02   7.809037e-02   1.259450e+05
   4.911423e-04   5.780257e-01   6.022881e-01   1.006004e+01     5.7458e-02   8.421118e-02   8.964813e+04
   5.090180e-04   6.202791e-01   6.480686e-01   1.000331e+01     6.2007e-02   8.952166e-02   6.510589e+04
   5.268938e-04   6.623649e-01   6.938977e-01   9.962587e+00     6.6485e-02   9.383408e-02   4.815524e+04
   5.626453e-04   7.455514e-01   7.851829e-01   9.902915e+00     7.5286e-02   1.003535e-01   2.766106e+04
   5.805210e-04   7.864447e-01   8.304024e-01   9.883330e+00     7.9573e-02   1.025311e-01   2.142594e+04
   5.983968e-04   8.267560e-01   8.751949e-01   9.870350e+00     8.3762e-02   1.039872e-01   1.681374e+04
   6.162725e-04   8.664148e-01   9.195016e-01   9.852458e+00     8.7939e-02   1.053442e-01   1.335406e+04
   6.341483e-04   9.053618e-01   9.632202e-01   9.841411e+00     9.1995e-02   1.060031e-01   1.072515e+04
   6.520240e-04   9.435480e-01   1.006294e+00   9.830839e+00     9.5978e-02   1.063273e-01   8.703355e+03
   6.698998e-04   9.809327e-01   1.048674e+00   9.820746e+00     9.9884e-02   1.063446e-01   7.131004e+03
   6.877756e-04   1.017484e+00   1.090316e+00   9.810539e+00     1.0371e-01   1.061148e-01   5.895383e+03
   7.056513e-04   1.053175e+00   1.131172e+00   9.801066e+00     1.0746e-01   1.056186e-01   4.914876e+03
   7.414028e-04   1.121912e+00   1.210401e+00   9.781339e+00     1.1470e-01   1.040889e-01   3.495505e+03
   7.592786e-04   1.154938e+00   1.248733e+00   9.771617e+00     1.1819e-01   1.030731e-01   2.979160e+03
   7.771543e-04   1.187061e+00   1.286201e+00   9.761802e+00     1.2160e-01   1.019282e-01   2.555567e+03
   7.950301e-04   1.218284e+00   1.322752e+00   9.751438e+00     1.2493e-01   1.006967e-01   2.205592e+03
   8.129058e-04   1.248607e+00   1.358432e+00   9.740985e+00     1.2818e-01   9.937163e-02   1.914505e+03
   8.307816e-04   1.278037e+00   1.393195e+00   9.730589e+00     1.3134e-01   9.796142e-02   1.670866e+03
   8.486573e-04   1.306583e+00   1.427037e+00   9.720060e+00     1.3442e-01   9.648997e-02   1.465721e+03
   8.665331e-04   1.334253e+00   1.460060e+00   9.703242e+00     1.3751e-01   9.527155e-02   1.292007e+03
   8.844088e-04   1.361062e+00   1.492120e+00   9.692037e+00     1.4043e-01   9.372988e-02   1.144124e+03
   9.022846e-04   1.387022e+00   1.523270e+00   9.680584e+00     1.4328e-01   9.216603e-02   1.017586e+03
   9.201603e-04   1.412149e+00   1.553628e+00   9.663347e+00     1.4613e-01   9.084837e-02   9.087862e+02
   9.380361e-04   1.436459e+00   1.583045e+00   9.651199e+00     1.4884e-01   8.927047e-02   8.148111e+02
   9.559118e-04   1.459969e+00   1.611574e+00   9.640162e+00     1.5145e-01   8.763141e-02   7.332832e+02
   9.737876e-04   1.482697e+00   1.639359e+00   9.621742e+00     1.5410e-01   8.632044e-02   6.622607e+02
   9.916633e-04   1.504660e+00   1.666190e+00   9.610122e+00     1.5657e-01   8.470232e-02   6.001462e+02
   1.045291e-03   1.566144e+00   1.742022e+00   9.560584e+00     1.6381e-01   8.052490e-02   4.550961e+02
   1.063166e-03   1.585232e+00   1.765765e+00   9.542030e+00     1.6613e-01   7.923630e-02   4.174189e+02
   1.081042e-03   1.603650e+00   1.788693e+00   9.530032e+00     1.6827e-01   7.769227e-02   3.838933e+02
   1.116794e-03   1.638546e+00   1.832412e+00   9.491739e+00     1.7263e-01   7.524028e-02   3.271863e+02
   1.134669e-03   1.655062e+00   1.853243e+00   9.473071e+00     1.7471e-01   7.402137e-02   3.031441e+02
   1.152545e-03   1.670980e+00   1.873253e+00   9.460131e+00     1.7663e-01   7.260241e-02   2.815067e+02
   1.170421e-03   1.686320e+00   1.892720e+00   9.440691e+00     1.7862e-01   7.145693e-02   2.619822e+02
   1.188297e-03   1.701099e+00   1.911534e+00   9.421551e+00     1.8055e-01   7.032156e-02   2.443214e+02
   1.206172e-03   1.715333e+00   1.929657e+00   9.402503e+00     1.8243e-01   6.920519e-02   2.283084e+02
   1.241924e-03   1.742239e+00   1.964023e+00   9.370270e+00     1.8593e-01   6.683308e-02   2.005037e+02
   1.259800e-03   1.754942e+00   1.980377e+00   9.350776e+00     1.8768e-01   6.580607e-02   1.884078e+02
   1.277675e-03   1.767168e+00   1.996149e+00   9.331412e+00     1.8938e-01   6.479830e-02   1.773455e+02
   1.313427e-03   1.790247e+00   2.026008e+00   9.293218e+00     1.9264e-01   6.283665e-02   1.579021e+02
   1.331303e-03   1.801130e+00   2.040106e+00   9.280063e+00     1.9409e-01   6.169445e-02   1.493429e+02
   1.367054e-03   1.821654e+00   2.066829e+00   9.240803e+00     1.9713e-01   5.991720e-02   1.341772e+02
   1.384930e-03   1.831324e+00   2.079477e+00   9.221511e+00     1.9859e-01   5.905260e-02   1.274479e+02
   1.402806e-03   1.840615e+00   2.091698e+00   9.202378e+00     2.0002e-01   5.820611e-02   1.212167e+02
   1.420681e-03   1.849542e+00   2.103487e+00   9.183263e+00     2.0140e-01   5.738204e-02   1.154379e+02
   1.456433e-03   1.866350e+00   2.125600e+00   9.150478e+00     2.0396e-01   5.563573e-02   1.050790e+02
   1.474309e-03   1.874255e+00   2.136011e+00   9.131128e+00     2.0526e-01   5.488735e-02   1.004292e+02
   1.492184e-03   1.881842e+00   2.146100e+00   9.111917e+00     2.0653e-01   5.415603e-02   9.609234e+01
   1.510060e-03   1.889122e+00   2.155853e+00   9.092932e+00     2.0776e-01   5.343893e-02   9.204205e+01
   1.527936e-03   1.896106e+00   2.165084e+00   9.080069e+00     2.0882e-01   5.256504e-02   8.825487e+01
   1.545812e-03   1.902803e+00   2.173964e+00   9.060497e+00     2.1001e-01   5.190746e-02   8.470893e+01
   1.563687e-03   1.909225e+00   2.182572e+00   9.041189e+00     2.1117e-01   5.126171e-02   8.138504e+01
   1.581563e-03   1.915379e+00   2.190904e+00   9.022059e+00     2.1230e-01   5.062995e-02   7.826566e+01
   1.599439e-03   1.921275e+00   2.198767e+00   9.003302e+00     2.1340e-01   5.000648e-02   7.533489e+01
   1.617315e-03   1.926923e+00   2.206272e+00   8.990334e+00     2.1433e-01   4.924283e-02   7.257866e+01
   1.635190e-03   1.932330e+00   2.213633e+00   8.971045e+00     2.1540e-01   4.867185e-02   6.998338e+01
   1.653066e-03   1.937506e+00   2.220664e+00   8.952210e+00     2.1643e-01   4.810589e-02   6.753725e+01
   1.670942e-03   1.942457e+00   2.227227e+00   8.940014e+00     2.1728e-01   4.738073e-02   6.522956e+01
   1.688818e-03   1.947192e+00   2.233672e+00   8.920392e+00     2.1829e-01   4.687072e-02   6.305013e+01
   1.706693e-03   1.951718e+00   2.239916e+00   8.901545e+00     2.1926e-01   4.635623e-02   6.098993e+01
   1.742445e-03   1.960173e+00   2.251286e+00   8.870286e+00     2.2098e-01   4.520968e-02   5.719480e+01
   1.760321e-03   1.964115e+00   2.256772e+00   8.851224e+00     2.2190e-01   4.474790e-02   5.544515e+01
   1.778196e-03   1.967875e+00   2.261851e+00   8.832811e+00     2.2279e-01   4.428413e-02   5.378530e+01
   1.796072e-03   1.971461e+00   2.266678e+00   8.820263e+00     2.2351e-01   4.368924e-02   5.220959e+01
   1.813948e-03   1.974877e+00   2.271484e+00   8.801471e+00     2.2438e-01   4.326410e-02   5.071225e+01
   1.831824e-03   1.978129e+00   2.275909e+00   8.783070e+00     2.2522e-01   4.284271e-02   4.928833e+01
   1.849699e-03   1.981224e+00   2.280066e+00   8.770522e+00     2.2590e-01   4.229323e-02   4.793345e+01
   1.867575e-03   1.984167e+00   2.284238e+00   8.751884e+00     2.2671e-01   4.190447e-02   4.664298e+01
   1.885451e-03   1.986962e+00   2.288060e+00   8.740103e+00     2.2734e-01   4.136547e-02   4.541319e+01
   1.903327e-03   1.989615e+00   2.291646e+00   8.721254e+00     2.2813e-01   4.100712e-02   4.424025e+01
   1.921202e-03   1.992131e+00   2.295241e+00   8.703178e+00     2.2890e-01   4.064222e-02   4.312077e+01
   1.939078e-03   1.994514e+00   2.298504e+00   8.690806e+00     2.2950e-01   4.015699e-02   4.205185e+01
   1.956954e-03   1.996769e+00   2.301589e+00   8.672588e+00     2.3024e-01   3.981897e-02   4.103020e+01
   1.974830e-03   1.998900e+00   2.304460e+00   8.660461e+00     2.3081e-01   3.935326e-02   4.005339e+01
   1.992705e-03   2.000912e+00   2.307394e+00   8.642137e+00     2.3153e-01   3.903992e-02   3.911864e+01
   2.010581e-03   2.002808e+00   2.310007e+00   8.630422e+00     2.3206e-01   3.858880e-02   3.822380e+01
   2.028457e-03   2.004592e+00   2.312432e+00   8.612212e+00     2.3276e-01   3.829394e-02   3.736646e+01
   2.046333e-03   2.006269e+00   2.314707e+00   8.600432e+00     2.3328e-01   3.786704e-02   3.654477e+01
   2.064208e-03   2.007842e+00   2.317058e+00   8.582316e+00     2.3395e-01   3.759004e-02   3.575660e+01
   2.082084e-03   2.009314e+00   2.319081e+00   8.570491e+00     2.3445e-01   3.718561e-02   3.500038e+01
   2.099960e-03   2.010689e+00   2.320950e+00   8.552697e+00     2.3509e-01   3.692054e-02   3.427419e+01
   2.117836e-03   2.011971e+00   2.322682e+00   8.540834e+00     2.3557e-01   3.653727e-02   3.357673e+01
   2.135711e-03   2.013161e+00   2.324354e+00   8.530016e+00     2.3601e-01   3.614215e-02   3.290632e+01
   2.153587e-03   2.014264e+00   2.326037e+00   8.511323e+00     2.3666e-01   3.592310e-02   3.226164e+01
   2.171463e-03   2.015282e+00   2.327427e+00   8.500157e+00     2.3709e-01   3.555425e-02   3.164144e+01
   2.207214e-03   2.017075e+00   2.329846e+00   8.470670e+00     2.3812e-01   3.499281e-02   3.046956e+01
   2.225090e-03   2.017855e+00   2.330955e+00   8.460012e+00     2.3852e-01   3.464063e-02   2.991571e+01
   2.242966e-03   2.018562e+00   2.332092e+00   8.441519e+00     2.3912e-01   3.445701e-02   2.938185e+01
   2.260842e-03   2.019197e+00   2.332961e+00   8.430384e+00     2.3951e-01   3.413117e-02   2.886710e+01
   2.278717e-03   2.019763e+00   2.333708e+00   8.412875e+00     2.4008e-01   3.394200e-02   2.837043e+01
   2.296593e-03   2.020263e+00   2.334358e+00   8.401142e+00     2.4047e-01   3.364392e-02   2.789124e+01
   2.314469e-03   2.020698e+00   2.334954e+00   8.390361e+00     2.4084e-01   3.333476e-02   2.742853e+01
   2.332345e-03   2.021070e+00   2.335498e+00   8.380003e+00     2.4118e-01   3.302520e-02   2.698161e+01
   2.350220e-03   2.021383e+00   2.336077e+00   8.361556e+00     2.4175e-01   3.288205e-02   2.654975e+01
   2.368096e-03   2.021637e+00   2.336420e+00   8.350531e+00     2.4210e-01   3.259980e-02   2.613234e+01
   2.385972e-03   2.021835e+00   2.336691e+00   8.340039e+00     2.4243e-01   3.231448e-02   2.572870e+01
   2.403848e-03   2.021978e+00   2.336859e+00   8.321969e+00     2.4297e-01   3.218247e-02   2.533822e+01
   2.421723e-03   2.022069e+00   2.336941e+00   8.311158e+00     2.4330e-01   3.191649e-02   2.496040e+01
   2.439599e-03   2.022109e+00   2.336960e+00   8.300324e+00     2.4362e-01   3.165773e-02   2.459466e+01
   2.457475e-03   2.022100e+00   2.336940e+00   8.290046e+00     2.4392e-01   3.139505e-02   2.424049e+01
   2.493226e-03   2.021941e+00   2.336832e+00   8.261329e+00     2.4475e-01   3.104203e-02   2.356494e+01
   2.511102e-03   2.021794e+00   2.336610e+00   8.250632e+00     2.4505e-01   3.080535e-02   2.324270e+01
   2.528978e-03   2.021604e+00   2.336339e+00   8.240208e+00     2.4533e-01   3.056957e-02   2.293024e+01
   2.564729e-03   2.021101e+00   2.335758e+00   8.212272e+00     2.4611e-01   3.024573e-02   2.233311e+01
   2.582605e-03   2.020791e+00   2.335287e+00   8.201298e+00     2.4640e-01   3.003656e-02   2.204777e+01
   2.600481e-03   2.020443e+00   2.334776e+00   8.190866e+00     2.4667e-01   2.982284e-02   2.177075e+01
   2.636232e-03   2.019641e+00   2.333600e+00   8.170159e+00     2.4720e-01   2.940851e-02   2.124044e+01
   2.654108e-03   2.019188e+00   2.332946e+00   8.160017e+00     2.4745e-01   2.920527e-02   2.098656e+01
   2.671984e-03   2.018703e+00   2.332254e+00   8.142634e+00     2.4792e-01   2.913620e-02   2.073977e+01
   2.689860e-03   2.018186e+00   2.331518e+00   8.132153e+00     2.4817e-01   2.894824e-02   2.049993e+01
   2.707735e-03   2.017639e+00   2.330741e+00   8.121674e+00     2.4843e-01   2.876497e-02   2.026670e+01
   2.725611e-03   2.017062e+00   2.329924e+00   8.111233e+00     2.4868e-01   2.858564e-02   2.003986e+01
   2.743487e-03   2.016457e+00   2.329067e+00   8.100980e+00     2.4892e-01   2.840754e-02   1.981917e+01
   2.761363e-03   2.015824e+00   2.328167e+00   8.090739e+00     2.4915e-01   2.823367e-02   1.960442e+01
   2.779238e-03   2.015165e+00   2.327222e+00   8.080512e+00     2.4939e-01   2.806390e-02   1.939539e+01
   2.814990e-03   2.013770e+00   2.325206e+00   8.060264e+00     2.4984e-01   2.773347e-02   1.899372e+01
   2.832866e-03   2.013036e+00   2.324134e+00   8.050158e+00     2.5006e-01   2.757408e-02   1.880070e+01
   2.850741e-03   2.012279e+00   2.323029e+00   8.040114e+00     2.5028e-01   2.741764e-02   1.861266e+01
   2.868617e-03   2.011500e+00   2.321883e+00   8.030014e+00     2.5050e-01   2.726602e-02   1.842943e+01
   2.886493e-03   2.010699e+00   2.320712e+00   8.020048e+00     2.5071e-01   2.711595e-02   1.825084e+01
   2.922244e-03   2.009036e+00   2.318273e+00   8.000023e+00     2.5113e-01   2.682851e-02   1.790700e+01
   2.940120e-03   2.008175e+00   2.317019e+00   7.990026e+00     2.5134e-01   2.668993e-02   1.774146e+01
   2.957996e-03   2.007295e+00   2.315750e+00   7.980027e+00     2.5154e-01   2.655486e-02   1.757999e+01
   2.993747e-03   2.005482e+00   2.313210e+00   7.960047e+00     2.5194e-01   2.629465e-02   1.726873e+01
   3.011623e-03   2.004550e+00   2.311931e+00   7.950050e+00     2.5214e-01   2.616959e-02   1.711870e+01
   3.029499e-03   2.003602e+00   2.310566e+00   7.940075e+00     2.5234e-01   2.604740e-02   1.697224e+01
   3.047375e-03   2.002638e+00   2.309147e+00   7.930178e+00     2.5253e-01   2.592708e-02   1.682926e+01
   3.065251e-03   2.001659e+00   2.307696e+00   7.920267e+00     2.5273e-01   2.581007e-02   1.668963e+01
   3.083126e-03   2.000665e+00   2.306228e+00   7.910394e+00     2.5292e-01   2.569547e-02   1.655326e+01
   3.118878e-03   1.998637e+00   2.303292e+00   7.890674e+00     2.5329e-01   2.547468e-02   1.628989e+01
   3.136754e-03   1.997603e+00   2.301874e+00   7.881007e+00     2.5347e-01   2.536549e-02   1.616272e+01
   3.154629e-03   1.996557e+00   2.300445e+00   7.871220e+00     2.5365e-01   2.526103e-02   1.603842e+01
   3.172505e-03   1.995498e+00   2.298900e+00   7.861481e+00     2.5383e-01   2.515855e-02   1.591693e+01
   3.190381e-03   1.994429e+00   2.297318e+00   7.851899e+00     2.5401e-01   2.505627e-02   1.579815e+01
   3.208257e-03   1.993347e+00   2.295736e+00   7.842748e+00     2.5416e-01   2.494976e-02   1.568200e+01
   3.226132e-03   1.992256e+00   2.294041e+00   7.840013e+00     2.5411e-01   2.474451e-02   1.556848e+01
   3.244008e-03   1.991154e+00   2.292551e+00   7.830106e+00     2.5429e-01   2.465549e-02   1.545741e+01
   3.279760e-03   1.988920e+00   2.289292e+00   7.810684e+00     2.5464e-01   2.447866e-02   1.524246e+01
   3.297635e-03   1.987789e+00   2.287610e+00   7.801042e+00     2.5481e-01   2.439279e-02   1.513845e+01
   3.315511e-03   1.986650e+00   2.285955e+00   7.791584e+00     2.5497e-01   2.430641e-02   1.503666e+01
   3.333387e-03   1.985502e+00   2.284365e+00   7.782322e+00     2.5513e-01   2.421929e-02   1.493703e+01
   3.351263e-03   1.984346e+00   2.282807e+00   7.773206e+00     2.5528e-01   2.413220e-02   1.483950e+01
   3.369138e-03   1.983183e+00   2.280912e+00   7.770130e+00     2.5523e-01   2.395420e-02   1.474410e+01
   3.387014e-03   1.982012e+00   2.279184e+00   7.760473e+00     2.5540e-01   2.388020e-02   1.465064e+01
   3.404890e-03   1.980834e+00   2.277528e+00   7.750852e+00     2.5556e-01   2.380779e-02   1.455911e+01
   3.422766e-03   1.979649e+00   2.275943e+00   7.741619e+00     2.5572e-01   2.373153e-02   1.446947e+01
   3.458517e-03   1.977260e+00   2.272263e+00   7.730042e+00     2.5579e-01   2.348045e-02   1.429571e+01
   3.476393e-03   1.976056e+00   2.270571e+00   7.720348e+00     2.5595e-01   2.341758e-02   1.421146e+01
   3.494269e-03   1.974847e+00   2.268932e+00   7.710874e+00     2.5611e-01   2.335336e-02   1.412892e+01
   3.512144e-03   1.973633e+00   2.267134e+00   7.701671e+00     2.5626e-01   2.328697e-02   1.404802e+01
   3.530020e-03   1.972413e+00   2.265325e+00   7.692722e+00     2.5640e-01   2.321866e-02   1.396873e+01
   3.547896e-03   1.971188e+00   2.263529e+00   7.690096e+00     2.5633e-01   2.305733e-02   1.389109e+01
   3.565772e-03   1.969959e+00   2.261782e+00   7.680564e+00     2.5649e-01   2.300174e-02   1.381493e+01
   3.601523e-03   1.967488e+00   2.258123e+00   7.662350e+00     2.5677e-01   2.288321e-02   1.366707e+01
   3.619399e-03   1.966246e+00   2.256376e+00   7.660061e+00     2.5669e-01   2.272530e-02   1.359535e+01
   3.637275e-03   1.965000e+00   2.254503e+00   7.650480e+00     2.5685e-01   2.267763e-02   1.352498e+01
   3.655150e-03   1.963751e+00   2.252648e+00   7.641200e+00     2.5700e-01   2.262719e-02   1.345597e+01
   3.673026e-03   1.962499e+00   2.250904e+00   7.632442e+00     2.5713e-01   2.257070e-02   1.338827e+01
   3.690902e-03   1.961243e+00   2.249029e+00   7.630079e+00     2.5704e-01   2.242179e-02   1.332193e+01
   3.708778e-03   1.959984e+00   2.247141e+00   7.620620e+00     2.5719e-01   2.237907e-02   1.325681e+01
   3.726653e-03   1.958723e+00   2.245369e+00   7.611469e+00     2.5734e-01   2.233341e-02   1.319293e+01
   3.744529e-03   1.957459e+00   2.243673e+00   7.602856e+00     2.5746e-01   2.228143e-02   1.313022e+01
   3.762405e-03   1.956193e+00   2.241598e+00   7.600240e+00     2.5739e-01   2.214358e-02   1.306878e+01
   3.798156e-03   1.953653e+00   2.238096e+00   7.582207e+00     2.5766e-01   2.205940e-02   1.294920e+01
   3.833908e-03   1.951106e+00   2.234258e+00   7.570658e+00     2.5772e-01   2.188731e-02   1.283408e+01
   3.851784e-03   1.949830e+00   2.232478e+00   7.561660e+00     2.5786e-01   2.185019e-02   1.277809e+01
   3.869659e-03   1.948552e+00   2.230433e+00   7.560006e+00     2.5774e-01   2.170880e-02   1.272315e+01
   3.887535e-03   1.947274e+00   2.228704e+00   7.550547e+00     2.5790e-01   2.168120e-02   1.266921e+01
   3.905411e-03   1.945993e+00   2.226850e+00   7.541613e+00     2.5803e-01   2.164744e-02   1.261623e+01
   3.923287e-03   1.944712e+00   2.224829e+00   7.540016e+00     2.5792e-01   2.151013e-02   1.256425e+01
   3.941162e-03   1.943430e+00   2.223112e+00   7.530497e+00     2.5807e-01   2.148748e-02   1.251319e+01
   3.959038e-03   1.942147e+00   2.221196e+00   7.521636e+00     2.5821e-01   2.145675e-02   1.246304e+01
   3.976914e-03   1.940863e+00   2.219300e+00   7.513114e+00     2.5833e-01   2.142247e-02   1.241377e+01
   3.994790e-03   1.939579e+00   2.217463e+00   7.510606e+00     2.5825e-01   2.130414e-02   1.236547e+01
   4.012665e-03   1.938294e+00   2.215530e+00   7.501739e+00     2.5838e-01   2.127742e-02   1.231797e+01
   4.030541e-03   1.937009e+00   2.213698e+00   7.500053e+00     2.5827e-01   2.115046e-02   1.227134e+01
   4.084168e-03   1.933152e+00   2.208051e+00   7.480140e+00     2.5844e-01   2.098748e-02   1.213632e+01
   4.102044e-03   1.931867e+00   2.206107e+00   7.471064e+00     2.5858e-01   2.096982e-02   1.209289e+01
   4.119920e-03   1.930581e+00   2.204308e+00   7.462864e+00     2.5869e-01   2.094103e-02   1.205019e+01
   4.137796e-03   1.929296e+00   2.202357e+00   7.460391e+00     2.5861e-01   2.083338e-02   1.200831e+01
   4.155671e-03   1.928011e+00   2.200479e+00   7.451595e+00     2.5874e-01   2.081528e-02   1.196712e+01
   4.173547e-03   1.926727e+00   2.198630e+00   7.450040e+00     2.5862e-01   2.069750e-02   1.192666e+01
   4.191423e-03   1.925443e+00   2.196692e+00   7.440822e+00     2.5877e-01   2.068751e-02   1.188689e+01
   4.227174e-03   1.922877e+00   2.192932e+00   7.430283e+00     2.5879e-01   2.056130e-02   1.180942e+01
   4.245050e-03   1.921595e+00   2.191141e+00   7.421500e+00     2.5892e-01   2.054850e-02   1.177168e+01
   4.262926e-03   1.920314e+00   2.189199e+00   7.420016e+00     2.5880e-01   2.043602e-02   1.173460e+01
   4.298677e-03   1.917754e+00   2.185637e+00   7.402700e+00     2.5906e-01   2.041217e-02   1.166229e+01
   4.316553e-03   1.916476e+00   2.183557e+00   7.400431e+00     2.5897e-01   2.031398e-02   1.162712e+01
   4.334429e-03   1.915199e+00   2.181878e+00   7.391811e+00     2.5910e-01   2.030407e-02   1.159250e+01
   4.352305e-03   1.913922e+00   2.179809e+00   7.390151e+00     2.5898e-01   2.019983e-02   1.155850e+01
   4.370180e-03   1.912648e+00   2.178116e+00   7.381169e+00     2.5913e-01   2.019684e-02   1.152505e+01
   4.388056e-03   1.911374e+00   2.176081e+00   7.380016e+00     2.5899e-01   2.008798e-02   1.149219e+01
   4.405932e-03   1.910102e+00   2.174350e+00   7.370794e+00     2.5914e-01   2.009013e-02   1.145988e+01
   4.423808e-03   1.908831e+00   2.172518e+00   7.362767e+00     2.5925e-01   2.007690e-02   1.142808e+01
   4.441683e-03   1.907562e+00   2.170584e+00   7.360527e+00     2.5916e-01   1.998601e-02   1.139689e+01
   4.459559e-03   1.906294e+00   2.168794e+00   7.352183e+00     2.5928e-01   1.997898e-02   1.136617e+01
   4.477435e-03   1.905028e+00   2.166838e+00   7.350292e+00     2.5918e-01   1.988545e-02   1.133602e+01
   4.495311e-03   1.903763e+00   2.165076e+00   7.341680e+00     2.5931e-01   1.988384e-02   1.130634e+01
   4.513186e-03   1.902500e+00   2.163115e+00   7.340146e+00     2.5919e-01   1.978753e-02   1.127718e+01
   4.531062e-03   1.901239e+00   2.161375e+00   7.331412e+00     2.5933e-01   1.978932e-02   1.124850e+01
   4.548938e-03   1.899979e+00   2.159411e+00   7.330061e+00     2.5920e-01   1.969257e-02   1.122031e+01
   4.566814e-03   1.898721e+00   2.157674e+00   7.321042e+00     2.5935e-01   1.969988e-02   1.119259e+01
   4.584689e-03   1.897465e+00   2.155723e+00   7.320020e+00     2.5922e-01   1.960069e-02   1.116534e+01
   4.602565e-03   1.896211e+00   2.153995e+00   7.310951e+00     2.5937e-01   1.961027e-02   1.113854e+01
   4.620441e-03   1.894959e+00   2.152051e+00   7.310002e+00     2.5923e-01   1.951206e-02   1.111219e+01
   4.638317e-03   1.893709e+00   2.150322e+00   7.300833e+00     2.5938e-01   1.952458e-02   1.108629e+01
   4.656192e-03   1.892461e+00   2.148463e+00   7.292801e+00     2.5950e-01   1.952270e-02   1.106078e+01
   4.674068e-03   1.891215e+00   2.146655e+00   7.290698e+00     2.5940e-01   1.944252e-02   1.103577e+01
   4.691944e-03   1.889971e+00   2.144816e+00   7.282855e+00     2.5951e-01   1.943970e-02   1.101111e+01
   4.709820e-03   1.888729e+00   2.143008e+00   7.280740e+00     2.5941e-01   1.936146e-02   1.098694e+01
   4.727695e-03   1.887489e+00   2.141182e+00   7.272915e+00     2.5952e-01   1.935993e-02   1.096309e+01
   4.745571e-03   1.886251e+00   2.139363e+00   7.270690e+00     2.5943e-01   1.928489e-02   1.093973e+01
   4.763447e-03   1.885016e+00   2.137561e+00   7.262770e+00     2.5955e-01   1.928613e-02   1.091668e+01
   4.781323e-03   1.883782e+00   2.135734e+00   7.260722e+00     2.5945e-01   1.921041e-02   1.089408e+01
   4.799198e-03   1.882551e+00   2.133964e+00   7.252865e+00     2.5956e-01   1.921228e-02   1.087180e+01
   4.834950e-03   1.880096e+00   2.130396e+00   7.242902e+00     2.5958e-01   1.914228e-02   1.082841e+01
   4.852826e-03   1.878872e+00   2.128514e+00   7.240846e+00     2.5948e-01   1.906990e-02   1.080730e+01
   4.870701e-03   1.877651e+00   2.126802e+00   7.240006e+00     2.5934e-01   1.898243e-02   1.078652e+01
   4.906453e-03   1.875214e+00   2.123213e+00   7.230024e+00     2.5936e-01   1.891878e-02   1.074598e+01
   4.942204e-03   1.872788e+00   2.119633e+00   7.220079e+00     2.5939e-01   1.885749e-02   1.070680e+01
   4.960080e-03   1.871578e+00   2.117836e+00   7.211501e+00     2.5953e-01   1.887499e-02   1.068769e+01
   4.977956e-03   1.870371e+00   2.116065e+00   7.210158e+00     2.5941e-01   1.879867e-02   1.066893e+01
   4.995832e-03   1.869166e+00   2.114337e+00   7.201658e+00     2.5955e-01   1.881643e-02   1.065046e+01
   5.013707e-03   1.867964e+00   2.112519e+00   7.200353e+00     2.5943e-01   1.874105e-02   1.063234e+01
   5.031583e-03   1.866765e+00   2.110891e+00   7.192292e+00     2.5955e-01   1.875431e-02   1.061448e+01
   5.049459e-03   1.865568e+00   2.108997e+00   7.190552e+00     2.5945e-01   1.868604e-02   1.059697e+01
   5.067335e-03   1.864373e+00   2.107448e+00   7.182798e+00     2.5956e-01   1.869654e-02   1.057970e+01
   5.085210e-03   1.863182e+00   2.105506e+00   7.180755e+00     2.5947e-01   1.863356e-02   1.056280e+01
   5.103086e-03   1.861992e+00   2.103795e+00   7.180016e+00     2.5933e-01   1.855445e-02   1.054616e+01
   5.120962e-03   1.860806e+00   2.102064e+00   7.171155e+00     2.5948e-01   1.858108e-02   1.052980e+01
   5.138838e-03   1.859622e+00   2.100286e+00   7.170095e+00     2.5936e-01   1.850745e-02   1.051372e+01
   5.156713e-03   1.858441e+00   2.098694e+00   7.161683e+00     2.5950e-01   1.852942e-02   1.049791e+01
   5.174589e-03   1.857262e+00   2.096818e+00   7.160342e+00     2.5938e-01   1.846072e-02   1.048240e+01
   5.192465e-03   1.856086e+00   2.095296e+00   7.152409e+00     2.5950e-01   1.847764e-02   1.046711e+01
   5.228216e-03   1.853742e+00   2.091689e+00   7.150004e+00     2.5926e-01   1.833999e-02   1.043741e+01
   5.246092e-03   1.852574e+00   2.090046e+00   7.141045e+00     2.5943e-01   1.837175e-02   1.042293e+01
   5.263968e-03   1.851409e+00   2.088238e+00   7.140090e+00     2.5930e-01   1.830130e-02   1.040872e+01
   5.281844e-03   1.850247e+00   2.086722e+00   7.131771e+00     2.5944e-01   1.832592e-02   1.039473e+01
   5.299719e-03   1.849087e+00   2.084844e+00   7.130365e+00     2.5933e-01   1.826246e-02   1.038103e+01
   5.317595e-03   1.847930e+00   2.083318e+00   7.122527e+00     2.5945e-01   1.828197e-02   1.036752e+01
   5.335471e-03   1.846776e+00   2.081536e+00   7.120852e+00     2.5935e-01   1.822313e-02   1.035430e+01
   5.353347e-03   1.845624e+00   2.079763e+00   7.120052e+00     2.5922e-01   1.815379e-02   1.034130e+01
   5.371222e-03   1.844475e+00   2.078255e+00   7.111477e+00     2.5937e-01   1.818423e-02   1.032852e+01
   5.389098e-03   1.843330e+00   2.076409e+00   7.110281e+00     2.5925e-01   1.812105e-02   1.031599e+01
   5.406974e-03   1.842186e+00   2.074895e+00   7.102470e+00     2.5937e-01   1.814275e-02   1.030365e+01
   5.424850e-03   1.841046e+00   2.073165e+00   7.100729e+00     2.5928e-01   1.808765e-02   1.029159e+01
   5.442725e-03   1.839908e+00   2.071386e+00   7.100036e+00     2.5914e-01   1.801983e-02   1.027972e+01
   5.460601e-03   1.838774e+00   2.069892e+00   7.091453e+00     2.5929e-01   1.805280e-02   1.026806e+01
   5.478477e-03   1.837642e+00   2.068092e+00   7.090320e+00     2.5918e-01   1.799165e-02   1.025663e+01
   5.496353e-03   1.836513e+00   2.066558e+00   7.082428e+00     2.5931e-01   1.801680e-02   1.024537e+01
   5.514228e-03   1.835386e+00   2.064916e+00   7.080867e+00     2.5920e-01   1.796213e-02   1.023438e+01
   5.532104e-03   1.834263e+00   2.063117e+00   7.080079e+00     2.5907e-01   1.789827e-02   1.022357e+01
   5.549980e-03   1.833142e+00   2.061626e+00   7.071698e+00     2.5922e-01   1.793099e-02   1.021295e+01
   5.567856e-03   1.832024e+00   2.059922e+00   7.070433e+00     2.5911e-01   1.787416e-02   1.020255e+01
   5.585731e-03   1.830909e+00   2.058330e+00   7.062823e+00     2.5923e-01   1.789805e-02   1.019230e+01
   5.603607e-03   1.829797e+00   2.056727e+00   7.061097e+00     2.5914e-01   1.784807e-02   1.018232e+01
   5.621483e-03   1.828687e+00   2.054978e+00   7.060200e+00     2.5901e-01   1.778816e-02   1.017250e+01
   5.639359e-03   1.827580e+00   2.053460e+00   7.052205e+00     2.5915e-01   1.781822e-02   1.016285e+01
   5.657234e-03   1.826477e+00   2.051865e+00   7.050730e+00     2.5905e-01   1.776658e-02   1.015342e+01
   5.675110e-03   1.825376e+00   2.050106e+00   7.050011e+00     2.5892e-01   1.770598e-02   1.014416e+01
   5.692986e-03   1.824278e+00   2.048623e+00   7.041674e+00     2.5907e-01   1.774161e-02   1.013507e+01
   5.710862e-03   1.823182e+00   2.047020e+00   7.040360e+00     2.5896e-01   1.768940e-02   1.012619e+01
   5.728737e-03   1.822090e+00   2.045391e+00   7.032809e+00     2.5908e-01   1.771602e-02   1.011743e+01
   5.746613e-03   1.821000e+00   2.043825e+00   7.031269e+00     2.5899e-01   1.766759e-02   1.010892e+01
   5.764489e-03   1.819913e+00   2.042204e+00   7.030255e+00     2.5887e-01   1.761305e-02   1.010056e+01
   5.800240e-03   1.817748e+00   2.039064e+00   7.020974e+00     2.5890e-01   1.759623e-02   1.008432e+01
   5.835992e-03   1.815594e+00   2.035887e+00   7.012302e+00     2.5892e-01   1.757346e-02   1.006874e+01
   5.853868e-03   1.814521e+00   2.034343e+00   7.010829e+00     2.5882e-01   1.752694e-02   1.006123e+01
   5.871743e-03   1.813452e+00   2.032698e+00   7.010064e+00     2.5869e-01   1.747207e-02   1.005386e+01
   5.889619e-03   1.812385e+00   2.031184e+00   7.002026e+00     2.5884e-01   1.750833e-02   1.004663e+01
   5.925371e-03   1.810259e+00   2.028018e+00   7.000034e+00     2.5861e-01   1.740650e-02   1.003269e+01
   5.943246e-03   1.809200e+00   2.026515e+00   6.991760e+00     2.5876e-01   1.744683e-02   1.002592e+01
   5.961122e-03   1.808145e+00   2.025009e+00   6.990658e+00     2.5865e-01   1.739826e-02   1.001934e+01
   5.978998e-03   1.807092e+00   2.023385e+00   6.990042e+00     2.5852e-01   1.734414e-02   1.001289e+01
   5.996874e-03   1.806042e+00   2.021889e+00   6.981682e+00     2.5868e-01   1.738662e-02   1.000658e+01
   6.014749e-03   1.804994e+00   2.020395e+00   6.980626e+00     2.5857e-01   1.733874e-02   1.000044e+01
   6.032625e-03   1.803950e+00   2.018798e+00   6.980027e+00     2.5844e-01   1.728565e-02   9.994430e+00
   6.050501e-03   1.802908e+00   2.017305e+00   6.971799e+00     2.5860e-01   1.732754e-02   9.988545e+00
   6.068377e-03   1.801869e+00   2.015818e+00   6.970659e+00     2.5849e-01   1.728191e-02   9.982833e+00
   6.086253e-03   1.800833e+00   2.014258e+00   6.970052e+00     2.5837e-01   1.723014e-02   9.977248e+00
   6.104128e-03   1.799799e+00   2.012755e+00   6.961874e+00     2.5852e-01   1.727245e-02   9.971779e+00
   6.122004e-03   1.798769e+00   2.011276e+00   6.960725e+00     2.5842e-01   1.722811e-02   9.966481e+00
   6.139880e-03   1.797741e+00   2.009765e+00   6.960078e+00     2.5829e-01   1.717801e-02   9.961305e+00
   6.157756e-03   1.796716e+00   2.008237e+00   6.951872e+00     2.5845e-01   1.722166e-02   9.956239e+00
   6.175631e-03   1.795694e+00   2.006763e+00   6.950714e+00     2.5835e-01   1.717858e-02   9.951339e+00
   6.211383e-03   1.793658e+00   2.003773e+00   6.942305e+00     2.5837e-01   1.716876e-02   9.941872e+00
   6.229259e-03   1.792644e+00   2.002294e+00   6.940899e+00     2.5827e-01   1.712987e-02   9.937364e+00
   6.247134e-03   1.791633e+00   2.000861e+00   6.940222e+00     2.5815e-01   1.708237e-02   9.932963e+00
   6.265010e-03   1.790624e+00   1.999338e+00   6.932469e+00     2.5830e-01   1.712238e-02   9.928651e+00
   6.282886e-03   1.789619e+00   1.997862e+00   6.931138e+00     2.5820e-01   1.708364e-02   9.924517e+00
   6.300762e-03   1.788616e+00   1.996437e+00   6.930328e+00     2.5809e-01   1.703886e-02   9.920486e+00
   6.318637e-03   1.787615e+00   1.994914e+00   6.930001e+00     2.5795e-01   1.698857e-02   9.916570e+00
   6.336513e-03   1.786618e+00   1.993472e+00   6.921469e+00     2.5813e-01   1.703935e-02   9.912759e+00
   6.354389e-03   1.785623e+00   1.992044e+00   6.920468e+00     2.5802e-01   1.699796e-02   9.909088e+00
   6.372265e-03   1.784631e+00   1.990612e+00   6.920015e+00     2.5789e-01   1.695025e-02   9.905524e+00
   6.390140e-03   1.783642e+00   1.989124e+00   6.911891e+00     2.5805e-01   1.699693e-02   9.902054e+00
   6.408016e-03   1.782656e+00   1.987687e+00   6.910684e+00     2.5796e-01   1.695911e-02   9.898733e+00
   6.425892e-03   1.781672e+00   1.986298e+00   6.910138e+00     2.5783e-01   1.691352e-02   9.895510e+00
   6.443768e-03   1.780691e+00   1.984822e+00   6.902410e+00     2.5798e-01   1.695625e-02   9.892366e+00
   6.461643e-03   1.779712e+00   1.983373e+00   6.901009e+00     2.5789e-01   1.692179e-02   9.889386e+00
   6.479519e-03   1.778736e+00   1.981987e+00   6.900298e+00     2.5778e-01   1.687921e-02   9.886495e+00
   6.515271e-03   1.776793e+00   1.979108e+00   6.891448e+00     2.5783e-01   1.688591e-02   9.881014e+00
   6.533146e-03   1.775825e+00   1.977706e+00   6.890511e+00     2.5772e-01   1.684705e-02   9.878447e+00
   6.551022e-03   1.774860e+00   1.976347e+00   6.890058e+00     2.5760e-01   1.680264e-02   9.875976e+00
   6.586774e-03   1.772938e+00   1.973482e+00   6.881079e+00     2.5765e-01   1.681326e-02   9.871331e+00
   6.604649e-03   1.771981e+00   1.972118e+00   6.880325e+00     2.5754e-01   1.677345e-02   9.869170e+00
   6.622525e-03   1.771027e+00   1.970740e+00   6.880002e+00     2.5742e-01   1.672876e-02   9.867103e+00
   6.640401e-03   1.770075e+00   1.969301e+00   6.871593e+00     2.5759e-01   1.678280e-02   9.865120e+00
   6.694028e-03   1.767235e+00   1.965186e+00   6.862562e+00     2.5752e-01   1.674938e-02   9.859776e+00
   6.711904e-03   1.766294e+00   1.963780e+00   6.861274e+00     2.5743e-01   1.671786e-02   9.858217e+00
   6.747655e-03   1.764419e+00   1.961107e+00   6.860006e+00     2.5720e-01   1.663984e-02   9.855339e+00
   6.765531e-03   1.763486e+00   1.959698e+00   6.852063e+00     2.5737e-01   1.669004e-02   9.854011e+00
   6.783407e-03   1.762555e+00   1.958322e+00   6.850952e+00     2.5727e-01   1.665750e-02   9.852814e+00
   6.801283e-03   1.761627e+00   1.956999e+00   6.850279e+00     2.5716e-01   1.661996e-02   9.851694e+00
   6.819158e-03   1.760701e+00   1.955682e+00   6.850001e+00     2.5704e-01   1.657797e-02   9.850659e+00
   6.837034e-03   1.759778e+00   1.954276e+00   6.841594e+00     2.5722e-01   1.663477e-02   9.849698e+00
   6.854910e-03   1.758857e+00   1.952928e+00   6.840727e+00     2.5712e-01   1.660038e-02   9.848849e+00
   6.872786e-03   1.757939e+00   1.951627e+00   6.840179e+00     2.5700e-01   1.656244e-02   9.848079e+00
   6.890661e-03   1.757023e+00   1.950317e+00   6.832462e+00     2.5716e-01   1.661165e-02   9.847360e+00
   6.926413e-03   1.755200e+00   1.947597e+00   6.830644e+00     2.5696e-01   1.654580e-02   9.846267e+00
   6.944289e-03   1.754292e+00   1.946314e+00   6.830142e+00     2.5685e-01   1.650839e-02   9.845834e+00
   6.962164e-03   1.753387e+00   1.945006e+00   6.822677e+00     2.5699e-01   1.655546e-02   9.845444e+00
   6.980040e-03   1.752484e+00   1.943637e+00   6.821425e+00     2.5691e-01   1.652762e-02   9.845198e+00
   7.015792e-03   1.750686e+00   1.941056e+00   6.820086e+00     2.5670e-01   1.645866e-02   9.844907e+00
   7.033667e-03   1.749790e+00   1.939762e+00   6.812438e+00     2.5685e-01   1.650887e-02   9.844844e+00
   7.051543e-03   1.748898e+00   1.938408e+00   6.811389e+00     2.5676e-01   1.647960e-02   9.844911e+00
   7.069419e-03   1.748007e+00   1.937112e+00   6.810607e+00     2.5666e-01   1.644735e-02   9.845044e+00
   7.087295e-03   1.747119e+00   1.935856e+00   6.810095e+00     2.5655e-01   1.641213e-02   9.845248e+00
   7.105170e-03   1.746234e+00   1.934586e+00   6.802641e+00     2.5670e-01   1.646086e-02   9.845489e+00
   7.123046e-03   1.745351e+00   1.933242e+00   6.801455e+00     2.5661e-01   1.643424e-02   9.845867e+00
   7.140922e-03   1.744470e+00   1.931951e+00   6.800541e+00     2.5652e-01   1.640458e-02   9.846305e+00
   7.158798e-03   1.743592e+00   1.930710e+00   6.800108e+00     2.5641e-01   1.636938e-02   9.846808e+00
   7.176673e-03   1.742716e+00   1.929479e+00   6.792715e+00     2.5656e-01   1.641826e-02   9.847347e+00
   7.194549e-03   1.741843e+00   1.928136e+00   6.791544e+00     2.5647e-01   1.639242e-02   9.848020e+00
   7.212425e-03   1.740972e+00   1.926858e+00   6.790744e+00     2.5637e-01   1.636232e-02   9.848750e+00
   7.230301e-03   1.740104e+00   1.925623e+00   6.790229e+00     2.5627e-01   1.632907e-02   9.849545e+00
   7.248176e-03   1.739238e+00   1.924404e+00   6.790001e+00     2.5615e-01   1.629264e-02   9.850409e+00
   7.266052e-03   1.738375e+00   1.923095e+00   6.781852e+00     2.5633e-01   1.635162e-02   9.851322e+00
   7.283928e-03   1.737513e+00   1.921820e+00   6.780928e+00     2.5624e-01   1.632397e-02   9.852339e+00
   7.319679e-03   1.735798e+00   1.919386e+00   6.780018e+00     2.5602e-01   1.625810e-02   9.854555e+00
   7.337555e-03   1.734944e+00   1.918117e+00   6.772020e+00     2.5619e-01   1.631611e-02   9.855740e+00
   7.355431e-03   1.734092e+00   1.916842e+00   6.771158e+00     2.5610e-01   1.628859e-02   9.857029e+00
   7.373307e-03   1.733243e+00   1.915612e+00   6.770489e+00     2.5600e-01   1.625900e-02   9.858376e+00
   7.391182e-03   1.732396e+00   1.914418e+00   6.770101e+00     2.5589e-01   1.622628e-02   9.859784e+00
   7.409058e-03   1.731551e+00   1.913216e+00   6.762524e+00     2.5605e-01   1.628002e-02   9.861222e+00
   7.426934e-03   1.730709e+00   1.911929e+00   6.761550e+00     2.5596e-01   1.625473e-02   9.862779e+00
   7.444810e-03   1.729869e+00   1.910694e+00   6.760709e+00     2.5587e-01   1.622806e-02   9.864389e+00
   7.462685e-03   1.729032e+00   1.909500e+00   6.760195e+00     2.5577e-01   1.619770e-02   9.866056e+00
   7.480561e-03   1.728196e+00   1.908392e+00   6.752990e+00     2.5592e-01   1.624776e-02   9.867735e+00
   7.498437e-03   1.727363e+00   1.907082e+00   6.752039e+00     2.5583e-01   1.622304e-02   9.869550e+00
   7.516313e-03   1.726533e+00   1.905842e+00   6.751069e+00     2.5574e-01   1.619877e-02   9.871418e+00
   7.534188e-03   1.725704e+00   1.904644e+00   6.750447e+00     2.5564e-01   1.617053e-02   9.873336e+00
   7.552064e-03   1.724878e+00   1.903480e+00   6.750085e+00     2.5553e-01   1.613942e-02   9.875311e+00
   7.569940e-03   1.724054e+00   1.902316e+00   6.742650e+00     2.5569e-01   1.619315e-02   9.877308e+00
   7.587816e-03   1.723233e+00   1.901053e+00   6.741428e+00     2.5562e-01   1.617272e-02   9.879427e+00
   7.605691e-03   1.722413e+00   1.899847e+00   6.740705e+00     2.5552e-01   1.614650e-02   9.881588e+00
   7.623567e-03   1.721596e+00   1.898682e+00   6.740276e+00     2.5542e-01   1.611698e-02   9.883803e+00
   7.641443e-03   1.720782e+00   1.897539e+00   6.740009e+00     2.5531e-01   1.608576e-02   9.886073e+00
   7.659319e-03   1.719969e+00   1.896348e+00   6.732297e+00     2.5548e-01   1.614369e-02   9.888372e+00
   7.695070e-03   1.718351e+00   1.893950e+00   6.730674e+00     2.5530e-01   1.609516e-02   9.893225e+00
   7.712946e-03   1.717545e+00   1.892804e+00   6.730180e+00     2.5520e-01   1.606742e-02   9.895725e+00
   7.730822e-03   1.716741e+00   1.891678e+00   6.730001e+00     2.5509e-01   1.603613e-02   9.898280e+00
   7.748697e-03   1.715940e+00   1.890479e+00   6.722081e+00     2.5527e-01   1.609741e-02   9.900865e+00
   7.766573e-03   1.715141e+00   1.889286e+00   6.721179e+00     2.5518e-01   1.607509e-02   9.903545e+00
   7.784449e-03   1.714344e+00   1.888130e+00   6.720548e+00     2.5509e-01   1.604973e-02   9.906270e+00
   7.802325e-03   1.713549e+00   1.887006e+00   6.720154e+00     2.5499e-01   1.602174e-02   9.909045e+00
   7.820200e-03   1.712756e+00   1.885931e+00   6.712828e+00     2.5515e-01   1.607664e-02   9.911828e+00
   7.838076e-03   1.711966e+00   1.884700e+00   6.711943e+00     2.5506e-01   1.605486e-02   9.914730e+00
   7.855952e-03   1.711178e+00   1.883528e+00   6.711091e+00     2.5498e-01   1.603287e-02   9.917676e+00
   7.873828e-03   1.710392e+00   1.882392e+00   6.710520e+00     2.5488e-01   1.600770e-02   9.920666e+00
   7.891703e-03   1.709608e+00   1.881285e+00   6.710136e+00     2.5478e-01   1.598052e-02   9.923703e+00
   7.909579e-03   1.708826e+00   1.880219e+00   6.702907e+00     2.5494e-01   1.603508e-02   9.926746e+00
   7.927455e-03   1.708046e+00   1.879008e+00   6.701911e+00     2.5486e-01   1.601553e-02   9.929909e+00
   7.945331e-03   1.707269e+00   1.877849e+00   6.700963e+00     2.5478e-01   1.599557e-02   9.933113e+00
   7.963206e-03   1.706493e+00   1.876732e+00   6.700515e+00     2.5468e-01   1.596983e-02   9.936357e+00
   7.981082e-03   1.705720e+00   1.875638e+00   6.700117e+00     2.5458e-01   1.594370e-02   9.939648e+00
   7.998958e-03   1.704949e+00   1.874556e+00   6.700000e+00     2.5447e-01   1.591442e-02   9.942987e+00
   8.016834e-03   1.704180e+00   1.873402e+00   6.692029e+00     2.5466e-01   1.597876e-02   9.946351e+00
   8.034709e-03   1.703413e+00   1.872259e+00   6.691169e+00     2.5458e-01   1.595863e-02   9.949803e+00
   8.052585e-03   1.702648e+00   1.871150e+00   6.690603e+00     2.5448e-01   1.593515e-02   9.953293e+00
   8.070461e-03   1.701885e+00   1.870067e+00   6.690162e+00     2.5439e-01   1.591037e-02   9.956827e+00
   8.088337e-03   1.701125e+00   1.869003e+00   6.690008e+00     2.5428e-01   1.588239e-02   9.960408e+00
   8.106212e-03   1.700366e+00   1.867882e+00   6.682261e+00     2.5446e-01   1.594485e-02   9.964006e+00
   8.141964e-03   1.698855e+00   1.865647e+00   6.680755e+00     2.5429e-01   1.590385e-02   9.971424e+00
   8.159840e-03   1.698103e+00   1.864573e+00   6.680271e+00     2.5420e-01   1.588041e-02   9.975193e+00
   8.177715e-03   1.697352e+00   1.863521e+00   6.680052e+00     2.5409e-01   1.585402e-02   9.979006e+00
   8.195591e-03   1.696604e+00   1.862450e+00   6.672648e+00     2.5426e-01   1.591315e-02   9.982825e+00
   8.213467e-03   1.695858e+00   1.861316e+00   6.671678e+00     2.5419e-01   1.589597e-02   9.986749e+00
   8.231343e-03   1.695113e+00   1.860223e+00   6.671009e+00     2.5410e-01   1.587536e-02   9.990705e+00
   8.249218e-03   1.694371e+00   1.859156e+00   6.670488e+00     2.5401e-01   1.585316e-02   9.994701e+00
   8.267094e-03   1.693631e+00   1.858111e+00   6.670129e+00     2.5391e-01   1.582921e-02   9.998737e+00
   8.284970e-03   1.692893e+00   1.857111e+00   6.662954e+00     2.5408e-01   1.588637e-02   1.000277e+01
   8.302846e-03   1.692157e+00   1.855968e+00   6.661983e+00     2.5400e-01   1.586998e-02   1.000691e+01
   8.320721e-03   1.691422e+00   1.854877e+00   6.661293e+00     2.5392e-01   1.585041e-02   1.001109e+01
   8.338597e-03   1.690690e+00   1.853815e+00   6.660739e+00     2.5383e-01   1.582937e-02   1.001531e+01
   8.356473e-03   1.689960e+00   1.852777e+00   6.660324e+00     2.5374e-01   1.580685e-02   1.001956e+01
   8.374349e-03   1.689232e+00   1.851754e+00   6.660067e+00     2.5364e-01   1.578262e-02   1.002385e+01
   8.392224e-03   1.688505e+00   1.850716e+00   6.652688e+00     2.5381e-01   1.584303e-02   1.002814e+01
   8.410100e-03   1.687781e+00   1.849616e+00   6.651807e+00     2.5373e-01   1.582648e-02   1.003254e+01
   8.427976e-03   1.687059e+00   1.848555e+00   6.651126e+00     2.5365e-01   1.580771e-02   1.003697e+01
   8.445852e-03   1.686338e+00   1.847515e+00   6.650561e+00     2.5356e-01   1.578770e-02   1.004143e+01
   8.463727e-03   1.685620e+00   1.846501e+00   6.650231e+00     2.5347e-01   1.576506e-02   1.004593e+01
   8.481603e-03   1.684903e+00   1.845495e+00   6.650031e+00     2.5337e-01   1.574106e-02   1.005046e+01
   8.499479e-03   1.684189e+00   1.844447e+00   6.642600e+00     2.5354e-01   1.580289e-02   1.005500e+01
   8.517355e-03   1.683476e+00   1.843378e+00   6.641666e+00     2.5347e-01   1.578785e-02   1.005964e+01
   8.535230e-03   1.682765e+00   1.842340e+00   6.641062e+00     2.5339e-01   1.576903e-02   1.006430e+01
   8.553106e-03   1.682056e+00   1.841322e+00   6.640524e+00     2.5330e-01   1.574957e-02   1.006900e+01
   8.570982e-03   1.681349e+00   1.840325e+00   6.640191e+00     2.5321e-01   1.572784e-02   1.007374e+01
   8.588858e-03   1.680644e+00   1.839333e+00   6.640001e+00     2.5311e-01   1.570457e-02   1.007851e+01
   8.606733e-03   1.679941e+00   1.838292e+00   6.632469e+00     2.5329e-01   1.576839e-02   1.008329e+01
   8.624609e-03   1.679240e+00   1.837245e+00   6.631588e+00     2.5322e-01   1.575357e-02   1.008815e+01
   8.642485e-03   1.678541e+00   1.836227e+00   6.631032e+00     2.5313e-01   1.573502e-02   1.009305e+01
   8.660361e-03   1.677843e+00   1.835228e+00   6.630529e+00     2.5305e-01   1.571598e-02   1.009797e+01
   8.678236e-03   1.677147e+00   1.834245e+00   6.630165e+00     2.5296e-01   1.569543e-02   1.010294e+01
   8.696112e-03   1.676454e+00   1.833271e+00   6.630032e+00     2.5286e-01   1.567232e-02   1.010793e+01
   8.713988e-03   1.675762e+00   1.832247e+00   6.622487e+00     2.5304e-01   1.573707e-02   1.011293e+01
   8.731864e-03   1.675072e+00   1.831220e+00   6.621746e+00     2.5297e-01   1.572139e-02   1.011802e+01
   8.749739e-03   1.674383e+00   1.830214e+00   6.621067e+00     2.5289e-01   1.570510e-02   1.012313e+01
   8.767615e-03   1.673697e+00   1.829233e+00   6.620632e+00     2.5280e-01   1.568606e-02   1.012828e+01
   8.785491e-03   1.673012e+00   1.828265e+00   6.620257e+00     2.5271e-01   1.566645e-02   1.013346e+01
   8.803367e-03   1.672330e+00   1.827305e+00   6.620049e+00     2.5262e-01   1.564501e-02   1.013867e+01
   8.821242e-03   1.671649e+00   1.826308e+00   6.612527e+00     2.5280e-01   1.571025e-02   1.014388e+01
   8.856994e-03   1.670292e+00   1.824300e+00   6.611156e+00     2.5265e-01   1.567926e-02   1.015451e+01
   8.874870e-03   1.669617e+00   1.823333e+00   6.610790e+00     2.5256e-01   1.566017e-02   1.015986e+01
   8.892745e-03   1.668943e+00   1.822379e+00   6.610394e+00     2.5247e-01   1.564156e-02   1.016525e+01
   8.910621e-03   1.668271e+00   1.821433e+00   6.610112e+00     2.5238e-01   1.562176e-02   1.017067e+01
   8.946373e-03   1.666933e+00   1.819471e+00   6.602358e+00     2.5248e-01   1.566755e-02   1.018157e+01
   8.964248e-03   1.666266e+00   1.818488e+00   6.601487e+00     2.5241e-01   1.565508e-02   1.018711e+01
   8.982124e-03   1.665601e+00   1.817528e+00   6.600992e+00     2.5233e-01   1.563826e-02   1.019267e+01
   9.000000e-03   1.664938e+00   1.816583e+00   6.600544e+00     2.5224e-01   1.562101e-02   1.019826e+01
