#
#
#
172
#
#
#
   1 7.9240596e+24 1.3153900e+01 3.0224700e+14
   2 2.5058077e+25 4.1596400e+01 1.9272200e+15
   3 7.9240596e+25 1.3153900e+02 1.2288500e+16
   4 2.5058077e+26 4.1596400e+02 7.8355300e+16
   5 7.9240596e+26 1.3153900e+03 4.9961700e+17
   6 2.5058077e+27 4.1596500e+03 3.1857100e+18
   7 7.9240596e+27 1.3154000e+04 2.0313000e+19
   8 2.5058077e+28 4.1596600e+04 1.2952200e+20
   9 7.9240596e+28 1.3154100e+05 8.2587100e+20
  10 2.5058077e+29 4.1597400e+05 5.2660000e+21
  11 6.2941021e+29 1.0448600e+06 2.3180000e+22
  12 1.5810483e+30 2.6247200e+06 9.7550000e+22
  13 3.9714637e+30 6.5934200e+06 3.9110000e+23
  14 4.9993737e+30 8.3000900e+06 5.2590000e+23
  15 9.9736529e+30 1.6559400e+07 1.4350000e+24
  16 1.9903802e+31 3.3049200e+07 3.8330000e+24
  17 3.9720924e+31 6.5961300e+07 1.0060000e+25
  18 7.9241766e+31 1.3160800e+08 2.6040000e+25
  19 1.5810085e+32 2.6262600e+08 6.6760000e+25
  20 1.9903251e+32 3.3064100e+08 8.7380000e+25
  21 3.1549891e+32 5.2419700e+08 1.6290000e+26
  22 4.9993283e+32 8.3077400e+08 3.0290000e+26
  23 6.2945701e+32 1.0461200e+09 4.1290000e+26
  24 7.2972555e+32 1.2128400e+09 5.0360000e+26
  25 9.6596825e+32 1.6056900e+09 6.8600000e+26
  26 1.5310681e+33 2.5456400e+09 1.2720000e+27
  27 2.5056234e+33 4.1672000e+09 2.3560000e+27
  28 3.9714103e+33 6.6070800e+09 4.3620000e+27
  29 4.8272701e+33 8.0321300e+09 5.6620000e+27
  30 6.0773554e+33 1.0114100e+10 7.7020000e+27
  31 7.9262449e+33 1.3194000e+10 1.0480000e+28
  32 9.9770279e+33 1.6611300e+10 1.4250000e+28
  33 1.2560893e+34 2.0918100e+10 1.9380000e+28
  34 1.5214336e+34 2.5342100e+10 2.5030000e+28
  35 1.9904168e+34 3.3163800e+10 3.4040000e+28
  36 2.5055867e+34 4.1758900e+10 4.6280000e+28
  37 3.0243691e+34 5.0417100e+10 5.9490000e+28
  38 3.9714843e+34 6.6230000e+10 8.0890000e+28
  39 5.0005690e+34 8.3418400e+10 1.1000000e+29
  40 6.1510504e+34 1.0264500e+11 1.4500000e+29
  41 6.5452906e+34 1.0923400e+11 1.4950000e+29
  42 8.4854411e+34 1.4166800e+11 2.0330000e+29
  43 1.0195206e+35 1.7026400e+11 2.5970000e+29
  44 1.1051693e+35 1.8459400e+11 2.8920000e+29
  45 1.2558448e+35 2.0980700e+11 3.2900000e+29
  46 1.6347240e+35 2.7323200e+11 4.4730000e+29
  47 1.9904085e+35 3.3280600e+11 5.8160000e+29
  48 2.5058585e+35 4.1918100e+11 7.5380000e+29
  49 2.5721235e+35 4.3028900e+11 7.8050000e+29
  50 2.5930996e+35 4.3380500e+11 7.8900000e+29
  51 2.7061425e+35 4.5275600e+11 8.3520000e+29
  52 2.8854394e+35 4.8281700e+11 9.0980000e+29
  53 2.9784065e+35 4.9840700e+11 9.4910000e+29
  54 3.0580613e+35 5.1176500e+11 9.8310000e+29
  55 3.4176606e+35 5.7207900e+11 1.0830000e+30
  56 1.2615670e+36 2.1161200e+12 2.1547000e+30
  57 1.8946657e+36 3.1795500e+12 3.4272000e+30
  58 2.6725544e+36 4.4868900e+12 5.2679000e+30
  59 3.6061400e+36 6.0567500e+12 7.7976000e+30
  60 4.7096225e+36 7.9132800e+12 1.1147000e+31
  61 7.4961780e+36 1.2605300e+13 2.0894000e+31
  62 1.1196814e+37 1.8843100e+13 3.5841000e+31
  63 1.5998730e+37 2.6945900e+13 5.7611000e+31
  64 2.2072627e+37 3.7205800e+13 8.8117000e+31
  65 2.9476517e+37 4.9725600e+13 1.2947000e+32
  66 4.2683437e+37 7.2087900e+13 2.1620000e+32
  67 6.2199641e+37 1.0519400e+14 3.8475000e+32
  68 7.3173592e+37 1.2384000e+14 5.0462000e+32
  69 7.5958581e+37 1.2857500e+14 5.3711000e+32
  70 8.4999842e+37 1.4396100e+14 7.1867000e+32
  71 8.9999826e+37 1.5247900e+14 8.0225000e+32
  72 9.4999825e+37 1.6100300e+14 8.9331000e+32
  73 9.9999824e+37 1.6953200e+14 9.9253000e+32
  74 1.0499982e+38 1.7806600e+14 1.1005000e+33
  75 1.0999982e+38 1.8660700e+14 1.2178000e+33
  76 1.1499982e+38 1.9515400e+14 1.3452000e+33
  77 1.1999982e+38 2.0370700e+14 1.4832000e+33
  78 1.2499982e+38 2.1226700e+14 1.6325000e+33
  79 1.2999982e+38 2.2083400e+14 1.7937000e+33
  80 1.3499982e+38 2.2940800e+14 1.9674000e+33
  81 1.3999982e+38 2.3799000e+14 2.1544000e+33
  82 1.4499982e+38 2.4657900e+14 2.3552000e+33
  83 1.4999982e+38 2.5517600e+14 2.5704000e+33
  84 1.5499982e+38 2.6378100e+14 2.8008000e+33
  85 1.5999981e+38 2.7239500e+14 3.0468000e+33
  86 1.6499981e+38 2.8101800e+14 3.3090000e+33
  87 1.6999981e+38 2.8965000e+14 3.5884000e+33
  88 1.7499981e+38 2.9829100e+14 3.8853000e+33
  89 1.7999981e+38 3.0694200e+14 4.2005000e+33
  90 1.8499980e+38 3.1560300e+14 4.5346000e+33
  91 1.8999980e+38 3.2427500e+14 4.8882000e+33
  92 1.9499980e+38 3.3295700e+14 5.2618000e+33
  93 1.9999980e+38 3.4165000e+14 5.6563000e+33
  94 2.0499979e+38 3.5035400e+14 6.0721000e+33
  95 2.0999979e+38 3.5907000e+14 6.5101000e+33
  96 2.1499978e+38 3.6779800e+14 6.9705000e+33
  97 2.1999978e+38 3.7653800e+14 7.4544000e+33
  98 2.2499978e+38 3.8529000e+14 7.9621000e+33
  99 2.2999977e+38 3.9405500e+14 8.4945000e+33
 100 2.3499977e+38 4.0283400e+14 9.0520000e+33
 101 2.3999976e+38 4.1162600e+14 9.6355000e+33
 102 2.4499976e+38 4.2043200e+14 1.0245000e+34
 103 2.4999975e+38 4.2925200e+14 1.0882000e+34
 104 2.5999974e+38 4.4693500e+14 1.2225000e+34
 105 2.6999976e+38 4.6467900e+14 1.3695000e+34
 106 2.7999979e+38 4.8248600e+14 1.5301000e+34
 107 2.8999982e+38 5.0036000e+14 1.7050000e+34
 108 2.9999985e+38 5.1830300e+14 1.8965000e+34
 109 3.0999989e+38 5.3632100e+14 2.1040000e+34
 110 3.1999991e+38 5.5441700e+14 2.3303000e+34
 111 3.2999993e+38 5.7259400e+14 2.5741000e+34
 112 3.3999996e+38 5.9085700e+14 2.8369000e+34
 113 3.4999999e+38 6.0920900e+14 3.1219000e+34
 114 3.6000001e+38 6.2765500e+14 3.4274000e+34
 115 3.7000003e+38 6.4619900e+14 3.7566000e+34
 116 3.8000005e+38 6.6484500e+14 4.1097000e+34
 117 3.9000005e+38 6.8359900e+14 4.4865000e+34
 118 4.0000006e+38 7.0246300e+14 4.8885000e+34
 119 4.1000008e+38 7.2144300e+14 5.3176000e+34
 120 4.2000008e+38 7.4054300e+14 5.7752000e+34
 121 4.3000007e+38 7.5976800e+14 6.2596000e+34
 122 4.4000007e+38 7.7912200e+14 6.7725000e+34
 123 4.5000007e+38 7.9861000e+14 7.3170000e+34
 124 4.6000007e+38 8.1823600e+14 7.8917000e+34
 125 4.7000006e+38 8.3800500e+14 8.4997000e+34
 126 4.8000004e+38 8.5792100e+14 9.1393000e+34
 127 4.9000002e+38 8.7799000e+14 9.8135000e+34
 128 5.0000000e+38 8.9821600e+14 1.0521000e+35
 129 5.0999999e+38 9.1860300e+14 1.1265000e+35
 130 5.1999997e+38 9.3915600e+14 1.2046000e+35
 131 5.2999994e+38 9.5988100e+14 1.2863000e+35
 132 5.3999992e+38 9.8078100e+14 1.3719000e+35
 133 5.5999981e+38 1.0231300e+15 1.5549000e+35
 134 5.7999974e+38 1.0662300e+15 1.7541000e+35
 135 5.9999962e+38 1.1101300e+15 1.9710000e+35
 136 6.1999949e+38 1.1548700e+15 2.2052000e+35
 137 6.3999937e+38 1.2004800e+15 2.4585000e+35
 138 6.5999913e+38 1.2470100e+15 2.7309000e+35
 139 6.7999899e+38 1.2944900e+15 3.0221000e+35
 140 6.9999885e+38 1.3429500e+15 3.3357000e+35
 141 7.1999862e+38 1.3924500e+15 3.6696000e+35
 142 7.3999840e+38 1.4430100e+15 4.0258000e+35
 143 7.5999818e+38 1.4946700e+15 4.4041000e+35
 144 7.7999804e+38 1.5474800e+15 4.8063000e+35
 145 7.9999781e+38 1.6014700e+15 5.2337000e+35
 146 8.1999753e+38 1.6566800e+15 5.6849000e+35
 147 8.3999725e+38 1.7131500e+15 6.1615000e+35
 148 8.5999698e+38 1.7709100e+15 6.6633000e+35
 149 8.7999677e+38 1.8300100e+15 7.1920000e+35
 150 8.9999651e+38 1.8904800e+15 7.7492000e+35
 151 9.1999620e+38 1.9523600e+15 8.3334000e+35
 152 9.3999594e+38 2.0156900e+15 8.9460000e+35
 153 9.5999570e+38 2.0805100e+15 9.5888000e+35
 154 9.7999540e+38 2.1468500e+15 1.0262000e+36
 155 9.9999502e+38 2.2147500e+15 1.0965000e+36
 156 1.0199948e+39 2.2842500e+15 1.1697000e+36
 157 1.0399945e+39 2.3553800e+15 1.2464000e+36
 158 1.0599941e+39 2.4281900e+15 1.3262000e+36
 159 1.0799938e+39 2.5027000e+15 1.4093000e+36
 160 1.0999937e+39 2.5789700e+15 1.4957000e+36
 161 1.1199930e+39 2.6570200e+15 1.5863000e+36
 162 1.1399928e+39 2.7368900e+15 1.6781000e+36
 163 1.1599926e+39 2.8186000e+15 1.7762000e+36
 164 1.1799921e+39 2.9022200e+15 1.8759000e+36
 165 1.1999919e+39 2.9877600e+15 1.9805000e+36
 166 1.2199916e+39 3.0752700e+15 2.0881000e+36
 167 1.2399910e+39 3.1647900e+15 2.2005000e+36
 168 1.2599907e+39 3.2563300e+15 2.3144000e+36
 169 1.2799906e+39 3.3499500e+15 2.4349000e+36
 170 1.2999900e+39 3.4456800e+15 2.5582000e+36
 171 1.3199897e+39 3.5435500e+15 2.6850000e+36
 172 1.3059914e+39 3.6436100e+15 2.8164000e+36
