#
#
#
200 <-- Number of lines
#
#
#
1 6.030689e+23 1.000003e+00 8.387683e+14
2 7.198623e+23 1.193669e+00 1.062067e+15
3 8.592746e+23 1.424841e+00 1.344814e+15
4 1.025686e+24 1.700784e+00 1.702833e+15
5 1.224326e+24 2.030167e+00 2.156166e+15
6 1.461435e+24 2.423340e+00 2.730186e+15
7 1.744464e+24 2.892657e+00 3.457023e+15
8 2.082307e+24 3.452865e+00 4.377360e+15
9 2.485577e+24 4.121566e+00 5.542713e+15
10 2.966947e+24 4.919771e+00 7.018308e+15
11 3.541541e+24 5.872561e+00 8.886739e+15
12 4.227414e+24 7.009874e+00 1.125259e+16
13 5.046117e+24 8.367445e+00 1.424828e+16
14 6.023374e+24 9.987931e+00 1.804150e+16
15 7.189892e+24 1.192225e+01 2.284455e+16
16 8.582324e+24 1.423118e+01 2.892629e+16
17 1.024442e+25 1.698727e+01 3.662711e+16
18 1.222841e+25 2.027712e+01 4.637808e+16
19 1.459663e+25 2.420411e+01 5.872497e+16
20 1.742349e+25 2.889162e+01 7.435888e+16
21 2.079781e+25 3.448694e+01 9.415489e+16
22 2.482562e+25 4.116588e+01 1.192210e+17
23 2.963348e+25 4.913831e+01 1.509604e+17
24 3.537245e+25 5.865472e+01 1.911494e+17
25 4.222287e+25 7.001415e+01 2.420377e+17
26 5.039997e+25 8.357351e+01 3.064736e+17
27 6.016069e+25 9.975887e+01 3.880638e+17
28 7.181172e+25 1.190788e+02 4.913751e+17
29 8.571915e+25 1.421403e+02 6.221903e+17
30 1.023200e+26 1.696681e+02 7.817409e+17
31 1.221358e+26 2.025271e+02 9.322867e+17
32 1.457892e+26 2.417498e+02 1.111795e+18
33 1.740235e+26 2.885685e+02 1.325837e+18
34 2.077258e+26 3.444545e+02 1.581060e+18
35 2.479551e+26 4.111638e+02 1.885396e+18
36 2.959754e+26 4.907923e+02 2.248315e+18
37 3.532955e+26 5.858422e+02 2.681128e+18
38 4.217165e+26 6.993001e+02 3.197353e+18
39 5.033884e+26 8.347310e+02 3.813163e+18
40 6.008772e+26 9.963902e+02 4.547917e+18
41 7.172462e+26 1.189357e+03 5.424823e+18
42 8.561518e+26 1.419696e+03 6.471739e+18
43 1.021959e+27 1.694643e+03 7.722166e+18
44 1.219876e+27 2.022838e+03 9.216458e+18
45 1.456124e+27 2.414594e+03 1.100337e+19
46 1.738125e+27 2.882219e+03 1.314193e+19
47 2.074739e+27 3.440408e+03 1.570390e+19
48 2.476544e+27 4.106699e+03 1.877679e+19
49 2.956164e+27 4.902028e+03 2.246782e+19
50 3.528670e+27 5.851386e+03 2.690900e+19
51 4.212050e+27 6.984602e+03 3.226373e+19
52 5.027778e+27 8.337284e+03 3.873546e+19
53 6.001484e+27 9.951935e+03 4.657921e+19
54 7.163762e+27 1.187929e+04 5.611669e+19
55 8.551134e+27 1.417991e+04 6.775673e+19
56 1.020719e+28 1.692608e+04 8.202255e+19
57 1.218397e+28 2.020409e+04 9.958850e+19
58 1.454358e+28 2.411694e+04 1.213298e+20
59 1.736016e+28 2.878758e+04 1.483893e+20
60 2.072222e+28 3.436277e+04 1.822689e+20
61 2.473540e+28 4.101769e+04 2.249509e+20
62 2.952578e+28 4.896144e+04 2.790645e+20
63 3.524390e+28 5.844364e+04 3.481066e+20
64 4.206942e+28 6.976222e+04 4.367399e+20
65 5.021680e+28 8.327284e+04 5.511900e+20
66 5.994204e+28 9.940003e+04 6.997714e+20
67 7.155073e+28 1.186505e+05 8.935773e+20
68 8.540762e+28 1.416292e+05 1.147410e+21
69 1.019481e+29 1.690582e+05 1.480978e+21
70 1.216919e+29 2.017992e+05 1.920463e+21
71 1.452594e+29 2.408812e+05 2.500586e+21
72 1.733911e+29 2.875321e+05 3.267228e+21
73 2.069709e+29 3.432178e+05 4.280977e+21
74 2.470540e+29 4.096882e+05 5.621564e+21
75 2.948997e+29 4.890320e+05 7.393729e+21
76 3.520115e+29 5.837423e+05 9.734841e+21
77 4.201839e+29 6.967953e+05 1.282456e+22
78 5.015589e+29 8.317434e+05 1.689748e+22
79 5.986934e+29 9.928274e+05 2.225916e+22
80 7.146395e+29 1.185109e+06 2.930704e+22
81 8.530403e+29 1.414631e+06 3.855678e+22
82 1.018245e+30 1.688605e+06 5.067597e+22
83 1.215443e+30 2.015641e+06 6.652763e+22
84 1.450832e+30 2.406017e+06 8.722516e+22
85 1.731808e+30 2.872001e+06 1.142019e+23
86 2.067199e+30 3.428236e+06 1.493014e+23
87 2.467543e+30 4.092202e+06 1.948883e+23
88 2.945420e+30 4.884767e+06 2.539939e+23
89 3.515846e+30 5.830839e+06 3.304979e+23
90 4.196743e+30 6.960151e+06 4.293606e+23
91 5.009506e+30 8.308196e+06 5.569238e+23
92 5.979673e+30 9.917341e+06 7.212666e+23
93 7.137727e+30 1.183816e+07 9.320077e+23
94 8.520056e+30 1.413103e+07 1.203947e+24
95 1.017009e+31 1.686802e+07 1.565332e+24
96 1.213969e+31 2.013516e+07 2.129431e+24
97 1.449072e+31 2.403515e+07 2.722506e+24
98 1.729707e+31 2.869059e+07 3.495892e+24
99 2.064691e+31 3.424782e+07 4.488135e+24
100 2.464550e+31 4.088152e+07 5.750115e+24
101 2.941848e+31 4.880023e+07 7.101496e+24
102 3.511581e+31 5.825283e+07 8.583133e+24
103 4.191652e+31 6.953647e+07 1.100497e+25
104 5.003430e+31 8.300595e+07 1.405521e+25
105 5.972420e+31 9.908474e+07 1.792731e+25
106 7.129070e+31 1.182784e+08 2.288438e+25
107 8.509722e+31 1.411903e+08 2.851007e+25
108 1.015776e+32 1.685409e+08 3.598358e+25
109 1.212496e+32 2.011901e+08 4.561466e+25
110 1.447315e+32 2.401647e+08 5.748555e+25
111 1.727609e+32 2.866902e+08 7.290690e+25
112 2.062187e+32 3.422301e+08 9.552652e+25
113 2.461561e+32 4.085320e+08 1.275776e+26
114 2.938280e+32 4.876808e+08 1.549806e+26
115 3.507322e+32 5.821667e+08 2.120481e+26
116 4.186568e+32 6.949616e+08 2.458601e+26
117 4.997361e+32 8.296098e+08 2.960723e+26
118 5.965176e+32 9.903483e+08 3.759515e+26
119 7.120423e+32 1.182235e+09 4.745526e+26
120 8.499401e+32 1.411308e+09 5.988982e+26
121 1.014544e+33 1.684775e+09 7.552019e+26
122 1.211026e+33 2.011240e+09 9.534724e+26
123 1.445559e+33 2.400980e+09 1.209361e+27
124 1.725514e+33 2.866260e+09 1.539714e+27
125 2.059686e+33 3.421730e+09 1.963224e+27
126 2.458575e+33 4.084866e+09 2.361244e+27
127 2.934716e+33 4.876530e+09 2.919492e+27
128 3.503068e+33 5.821652e+09 3.686662e+27
129 4.181491e+33 6.949998e+09 4.661136e+27
130 4.991300e+33 8.297102e+09 5.888086e+27
131 5.957941e+33 9.905390e+09 7.437044e+27
132 7.111787e+33 1.182552e+10 9.389418e+27
133 8.489092e+33 1.411799e+10 1.184169e+28
134 1.013313e+34 1.685503e+10 1.498070e+28
135 1.209557e+34 2.012282e+10 1.805522e+28
136 1.443806e+34 2.402425e+10 2.239643e+28
137 1.723421e+34 2.868222e+10 2.687073e+28
138 2.057188e+34 3.424351e+10 3.414709e+28
139 2.455593e+34 4.088375e+10 4.515702e+28
140 2.931156e+34 4.881234e+10 5.564990e+28
141 3.498819e+34 5.827904e+10 6.972321e+28
142 4.176419e+34 6.958267e+10 8.904194e+28
143 4.985246e+34 8.307920e+10 1.034917e+29
144 5.950714e+34 9.919390e+10 1.311177e+29
145 7.103161e+34 1.184361e+11 1.657577e+29
146 8.478796e+34 1.414133e+11 2.093421e+29
147 1.012084e+35 1.688502e+11 2.568074e+29
148 1.208090e+35 2.016117e+11 3.108086e+29
149 1.442055e+35 2.407320e+11 3.893696e+29
150 1.721331e+35 2.874473e+11 4.850708e+29
151 2.054693e+35 3.432322e+11 5.982335e+29
152 2.452615e+35 4.098483e+11 7.420420e+29
153 2.927601e+35 4.893956e+11 8.704429e+29
154 3.494576e+35 5.843703e+11 9.285317e+29
155 4.171353e+35 6.977524e+11 1.002920e+30
156 4.979199e+35 8.331092e+11 1.080493e+30
157 5.943497e+35 9.947000e+11 1.191747e+30
158 7.094545e+35 1.187612e+12 1.333188e+30
159 8.468512e+35 1.417920e+12 1.512041e+30
160 1.010857e+36 1.692873e+12 1.737959e+30
161 1.206625e+36 2.021129e+12 2.024826e+30
162 1.440306e+36 2.413028e+12 2.388586e+30
163 1.719243e+36 2.880910e+12 2.832098e+30
164 2.052200e+36 3.439515e+12 3.419680e+30
165 2.449640e+36 4.106445e+12 4.160306e+30
166 2.924050e+36 4.902715e+12 5.098386e+30
167 3.490337e+36 5.853423e+12 6.278851e+30
168 4.166294e+36 6.988535e+12 7.759034e+30
169 4.973160e+36 8.343838e+12 9.628032e+30
170 5.936288e+36 9.962068e+12 1.196999e+31
171 7.085940e+36 1.189426e+13 1.488930e+31
172 8.458240e+36 1.420135e+13 1.852698e+31
173 1.009631e+37 1.695612e+13 2.309484e+31
174 1.205161e+37 2.024552e+13 2.898626e+31
175 1.438559e+37 2.417341e+13 3.665612e+31
176 1.717158e+37 2.886390e+13 4.683205e+31
177 2.049711e+37 3.446534e+13 6.073872e+31
178 2.446669e+37 4.115514e+13 8.041004e+31
179 2.920504e+37 4.914568e+13 1.094366e+32
180 3.486104e+37 5.869088e+13 1.475482e+32
181 4.161241e+37 7.009280e+13 1.835880e+32
182 4.967128e+37 8.371536e+13 2.703999e+32
183 5.929088e+37 9.999895e+13 3.995942e+32
184 7.077346e+37 1.194706e+14 5.977914e+32
185 8.447981e+37 1.427663e+14 9.030316e+32
186 1.008406e+38 1.706565e+14 1.386662e+33
187 1.203699e+38 2.040822e+14 2.184502e+33
188 1.436814e+38 2.442101e+14 3.582362e+33
189 1.715075e+38 2.925236e+14 6.179370e+33
190 2.047225e+38 3.509779e+14 1.116772e+34
191 2.443701e+38 4.222597e+14 2.075493e+34
192 2.916961e+38 5.101933e+14 3.863698e+34
193 3.481875e+38 6.200670e+14 6.756014e+34
194 4.156193e+38 7.580639e+14 1.021802e+35
195 4.961103e+38 9.318806e+14 1.536115e+35
196 5.921896e+38 1.152806e+15 2.293044e+35
197 7.068762e+38 1.436247e+15 3.400474e+35
198 8.437735e+38 1.803360e+15 5.010994e+35
199 1.007183e+39 2.283285e+15 7.337889e+35
200 1.202239e+39 2.916224e+15 1.067760e+36
