#
#
#
200
#
#
#
   1 6.0306889e+23 1.0000028e+00 1.0000000e+00
   2 7.1986235e+23 1.1936687e+00 1.0620673e+15
   3 8.5927463e+23 1.4248411e+00 1.3448136e+15
   4 1.0256862e+24 1.7007836e+00 1.7028333e+15
   5 1.2243260e+24 2.0301666e+00 2.1561659e+15
   6 1.4614353e+24 2.4233397e+00 2.7301859e+15
   7 1.7444644e+24 2.8926569e+00 3.4570230e+15
   8 2.0823065e+24 3.4528648e+00 4.3773605e+15
   9 2.4855768e+24 4.1215656e+00 5.5427126e+15
  10 2.9669465e+24 4.9197707e+00 7.0183076e+15
  11 3.5415408e+24 5.8725608e+00 8.8867394e+15
  12 4.2274140e+24 7.0098737e+00 1.1252590e+16
  13 5.0461170e+24 8.3674450e+00 1.4248283e+16
  14 6.0233743e+24 9.9879313e+00 1.8041497e+16
  15 7.1898923e+24 1.1922250e+01 2.2844551e+16
  16 8.5823242e+24 1.4231181e+01 2.8926285e+16
  17 1.0244422e+25 1.6987273e+01 3.6627114e+16
  18 1.2228410e+25 2.0277125e+01 4.6378078e+16
  19 1.4596627e+25 2.4204110e+01 5.8724969e+16
  20 1.7423486e+25 2.8891618e+01 7.4358879e+16
  21 2.0797809e+25 3.4486937e+01 9.4154890e+16
  22 2.4825621e+25 4.1165879e+01 1.1922104e+17
  23 2.9633479e+25 4.9138306e+01 1.5096038e+17
  24 3.5372453e+25 5.8654723e+01 1.9114943e+17
  25 4.2222866e+25 7.0014148e+01 2.4203772e+17
  26 5.0399966e+25 8.3573511e+01 3.0647362e+17
  27 6.0160686e+25 9.9758866e+01 3.8806381e+17
  28 7.1811717e+25 1.1907878e+02 4.9137515e+17
  29 8.5719147e+25 1.4214032e+02 6.2219029e+17
  30 1.0231996e+26 1.6966810e+02 7.8174089e+17
  31 1.2213578e+26 2.0252709e+02 9.3228669e+17
  32 1.4578923e+26 2.4174976e+02 1.1117950e+18
  33 1.7402353e+26 2.8856854e+02 1.3258372e+18
  34 2.0772583e+26 3.4445454e+02 1.5810603e+18
  35 2.4795510e+26 4.1116377e+02 1.8853962e+18
  36 2.9597537e+26 4.9079232e+02 2.2483149e+18
  37 3.5329550e+26 5.8584225e+02 2.6811277e+18
  38 4.2171654e+26 6.9930014e+02 3.1973532e+18
  39 5.0338836e+26 8.3473100e+02 3.8131626e+18
  40 6.0087717e+26 9.9639024e+02 4.5479173e+18
  41 7.1724617e+26 1.1893574e+03 5.4248227e+18
  42 8.5615179e+26 1.4196959e+03 6.4717394e+18
  43 1.0219586e+27 1.6946431e+03 7.7221655e+18
  44 1.2198764e+27 2.0228383e+03 9.2164580e+18
  45 1.4561240e+27 2.4145938e+03 1.1003365e+19
  46 1.7381246e+27 2.8822192e+03 1.3141928e+19
  47 2.0747388e+27 3.4404079e+03 1.5703897e+19
  48 2.4765435e+27 4.1066989e+03 1.8776786e+19
  49 2.9561638e+27 4.9020280e+03 2.2467817e+19
  50 3.5286699e+27 5.8513856e+03 2.6909001e+19
  51 4.2120504e+27 6.9846017e+03 3.2263728e+19
  52 5.0277780e+27 8.3372837e+03 3.8735465e+19
  53 6.0014837e+27 9.9519346e+03 4.6579208e+19
  54 7.1637622e+27 1.1879289e+04 5.6116687e+19
  55 8.5511336e+27 1.4179907e+04 6.7756728e+19
  56 1.0207191e+28 1.6926078e+04 8.2022553e+19
  57 1.2183968e+28 2.0204090e+04 9.9588498e+19
  58 1.4543579e+28 2.4116943e+04 1.2132976e+20
  59 1.7360164e+28 2.8787584e+04 1.4838935e+20
  60 2.0722224e+28 3.4362773e+04 1.8226892e+20
  61 2.4735397e+28 4.1017690e+04 2.2495094e+20
  62 2.9525783e+28 4.8961443e+04 2.7906454e+20
  63 3.5243900e+28 5.8443638e+04 3.4810661e+20
  64 4.2069417e+28 6.9762221e+04 4.3673987e+20
  65 5.0216798e+28 8.3272842e+04 5.5119003e+20
  66 5.9942045e+28 9.9400027e+04 6.9977139e+20
  67 7.1550733e+28 1.1865052e+05 8.9357727e+20
  68 8.5407620e+28 1.4162922e+05 1.1474102e+21
  69 1.0194810e+29 1.6905815e+05 1.4809783e+21
  70 1.2169190e+29 2.0179920e+05 1.9204630e+21
  71 1.4525939e+29 2.4088115e+05 2.5005860e+21
  72 1.7339108e+29 2.8753207e+05 3.2672284e+21
  73 2.0697090e+29 3.4321783e+05 4.2809771e+21
  74 2.4705396e+29 4.0968823e+05 5.6215639e+21
  75 2.9489971e+29 4.8903198e+05 7.3937294e+21
  76 3.5201152e+29 5.8374228e+05 9.7348415e+21
  77 4.2018391e+29 6.9679526e+05 1.2824562e+22
  78 5.0155891e+29 8.3174343e+05 1.6897475e+22
  79 5.9869341e+29 9.9282737e+05 2.2259162e+22
  80 7.1463949e+29 1.1851090e+06 2.9307040e+22
  81 8.5304029e+29 1.4146306e+06 3.8556778e+22
  82 1.0182445e+30 1.6886049e+06 5.0675971e+22
  83 1.2154430e+30 2.0156414e+06 6.6527632e+22
  84 1.4508321e+30 2.4060174e+06 8.7225160e+22
  85 1.7318077e+30 2.8720008e+06 1.1420185e+23
  86 2.0671986e+30 3.4282355e+06 1.4930135e+23
  87 2.4675431e+30 4.0922022e+06 1.9488834e+23
  88 2.9454203e+30 4.8847674e+06 2.5399394e+23
  89 3.5158457e+30 5.8308393e+06 3.3049788e+23
  90 4.1967427e+30 6.9601513e+06 4.2936059e+23
  91 5.0095057e+30 8.3081958e+06 5.5692383e+23
  92 5.9796726e+30 9.9173410e+06 7.2126656e+23
  93 7.1377271e+30 1.1838162e+07 9.3200768e+23
  94 8.5200564e+30 1.4131030e+07 1.2039473e+24
  95 1.0170095e+31 1.6868015e+07 1.5653316e+24
  96 1.2139688e+31 2.0135156e+07 2.1294306e+24
  97 1.4490723e+31 2.4035155e+07 2.7225056e+24
  98 1.7297072e+31 2.8690593e+07 3.4958917e+24
  99 2.0646913e+31 3.4247818e+07 4.4881346e+24
 100 2.4645502e+31 4.0881524e+07 5.7501149e+24
 101 2.9418478e+31 4.8800233e+07 7.1014965e+24
 102 3.5115813e+31 5.8252828e+07 8.5831335e+24
 103 4.1916524e+31 6.9536471e+07 1.1004970e+25
 104 5.0034297e+31 8.3005950e+07 1.4055212e+25
 105 5.9724199e+31 9.9084740e+07 1.7927306e+25
 106 7.1290697e+31 1.1827838e+08 2.2884382e+25
 107 8.5097225e+31 1.4119030e+08 2.8510066e+25
 108 1.0157760e+32 1.6854086e+08 3.5983575e+25
 109 1.2124964e+32 2.0119010e+08 4.5614660e+25
 110 1.4473148e+32 2.4016468e+08 5.7485554e+25
 111 1.7276093e+32 2.8669020e+08 7.2906902e+25
 112 2.0621871e+32 3.4223011e+08 9.5526524e+25
 113 2.4615609e+32 4.0853197e+08 1.2757758e+26
 114 2.9382796e+32 4.8768079e+08 1.5498058e+26
 115 3.5073222e+32 5.8216666e+08 2.1204811e+26
 116 4.1865684e+32 6.9496155e+08 2.4586009e+26
 117 4.9973610e+32 8.2960976e+08 2.9607234e+26
 118 5.9651759e+32 9.9034831e+08 3.7595151e+26
 119 7.1204229e+32 1.1822355e+09 4.7455257e+26
 120 8.4994010e+32 1.4113085e+09 5.9889825e+26
 121 1.0145439e+33 1.6847750e+09 7.5520194e+26
 122 1.2110258e+33 2.0112405e+09 9.5347235e+26
 123 1.4455593e+33 2.4009795e+09 1.2093612e+27
 124 1.7255139e+33 2.8662602e+09 1.5397144e+27
 125 2.0596858e+33 3.4217303e+09 1.9632243e+27
 126 2.4585753e+33 4.0848660e+09 2.3612443e+27
 127 2.9347158e+33 4.8765295e+09 2.9194918e+27
 128 3.5030681e+33 5.8216518e+09 3.6866620e+27
 129 4.1814905e+33 6.9499980e+09 4.6611362e+27
 130 4.9912997e+33 8.2971017e+09 5.8880857e+27
 131 5.9579408e+33 9.9053901e+09 7.4370437e+27
 132 7.1117866e+33 1.1825523e+10 9.3894179e+27
 133 8.4890921e+33 1.4117992e+10 1.1841687e+28
 134 1.0133134e+34 1.6855031e+10 1.4980701e+28
 135 1.2095569e+34 2.0122820e+10 1.8055221e+28
 136 1.4438060e+34 2.4024254e+10 2.2396430e+28
 137 1.7234210e+34 2.8682221e+10 2.6870732e+28
 138 2.0571877e+34 3.4243507e+10 3.4147088e+28
 139 2.4555933e+34 4.0883751e+10 4.5157023e+28
 140 2.9311563e+34 4.8812341e+10 5.5649903e+28
 141 3.4988193e+34 5.8279043e+10 6.9723212e+28
 142 4.1764188e+34 6.9582669e+10 8.9041940e+28
 143 4.9852458e+34 8.3079203e+10 1.0349173e+29
 144 5.9507144e+34 9.9193898e+10 1.3111770e+29
 145 7.1031607e+34 1.1843613e+11 1.6575769e+29
 146 8.4787957e+34 1.4141330e+11 2.0934214e+29
 147 1.0120843e+35 1.6885023e+11 2.5680743e+29
 148 1.2080899e+35 2.0161173e+11 3.1080860e+29
 149 1.4420548e+35 2.4073202e+11 3.8936963e+29
 150 1.7213307e+35 2.8744730e+11 4.8507079e+29
 151 2.0546925e+35 3.4323221e+11 5.9823346e+29
 152 2.4526149e+35 4.0984826e+11 7.4204197e+29
 153 2.9276011e+35 4.8939561e+11 8.7044292e+29
 154 3.4945756e+35 5.8437026e+11 9.2853167e+29
 155 4.1713532e+35 6.9775238e+11 1.0029198e+30
 156 4.9791992e+35 8.3310924e+11 1.0804934e+30
 157 5.9434968e+35 9.9470004e+11 1.1917471e+30
 158 7.0945453e+35 1.1876124e+12 1.3331883e+30
 159 8.4685118e+35 1.4179196e+12 1.5120410e+30
 160 1.0108568e+36 1.6928726e+12 1.7379591e+30
 161 1.2066246e+36 2.0211293e+12 2.0248261e+30
 162 1.4403058e+36 2.4130277e+12 2.3885857e+30
 163 1.7192429e+36 2.8809101e+12 2.8320977e+30
 164 2.0522004e+36 3.4395150e+12 3.4196799e+30
 165 2.4496402e+36 4.1064446e+12 4.1603063e+30
 166 2.9240502e+36 4.9027153e+12 5.0983864e+30
 167 3.4903370e+36 5.8534230e+12 6.2788512e+30
 168 4.1662938e+36 6.9885352e+12 7.7590340e+30
 169 4.9731599e+36 8.3438382e+12 9.6280322e+30
 170 5.9362879e+36 9.9620679e+12 1.1969993e+31
 171 7.0859403e+36 1.1894257e+13 1.4889303e+31
 172 8.4582404e+36 1.4201348e+13 1.8526979e+31
 173 1.0096307e+37 1.6956122e+13 2.3094841e+31
 174 1.2051611e+37 2.0245519e+13 2.8986261e+31
 175 1.4385588e+37 2.4173408e+13 3.6656125e+31
 176 1.7171576e+37 2.8863897e+13 4.6832052e+31
 177 2.0497113e+37 3.4465335e+13 6.0738723e+31
 178 2.4466690e+37 4.1155140e+13 8.0410038e+31
 179 2.9205036e+37 4.9145678e+13 1.0943661e+32
 180 3.4861036e+37 5.8690878e+13 1.4754819e+32
 181 4.1612405e+37 7.0092805e+13 1.8358802e+32
 182 4.9671280e+37 8.3715359e+13 2.7039992e+32
 183 5.9290878e+37 9.9998953e+13 3.9959417e+32
 184 7.0773458e+37 1.1947062e+14 5.9779139e+32
 185 8.4479814e+37 1.4276631e+14 9.0303164e+32
 186 1.0084061e+38 1.7065647e+14 1.3866623e+33
 187 1.2036993e+38 2.0408220e+14 2.1845017e+33
 188 1.4368140e+38 2.4421010e+14 3.5823615e+33
 189 1.7150749e+38 2.9252357e+14 6.1793697e+33
 190 2.0472252e+38 3.5097791e+14 1.1167716e+34
 191 2.4437014e+38 4.2225971e+14 2.0754934e+34
 192 2.9169614e+38 5.1019333e+14 3.8636976e+34
 193 3.4818753e+38 6.2006700e+14 6.7560141e+34
 194 4.1561934e+38 7.5806390e+14 1.0218020e+35
 195 4.9611034e+38 9.3188058e+14 1.5361150e+35
 196 5.9218965e+38 1.1528060e+15 2.2930437e+35
 197 7.0687617e+38 1.4362472e+15 3.4004739e+35
 198 8.4377349e+38 1.8033601e+15 5.0109939e+35
 199 1.0071830e+39 2.2832849e+15 7.3378895e+35
 200 1.2022394e+39 2.9162243e+15 1.0677599e+36
