#
#
#
200
#
#
#
   0 6.0310055e+25 1.0000254e+02 7.6236859e+17
   1 7.0342968e+25 1.1663868e+02 9.3599374e+17
   2 8.2044911e+25 1.3604236e+02 1.1491610e+18
   3 9.5693538e+25 1.5867400e+02 1.4108760e+18
   4 1.1161269e+26 1.8507059e+02 1.7321950e+18
   5 1.3018008e+26 2.1585847e+02 2.1266927e+18
   6 1.5183626e+26 2.5176816e+02 2.6110349e+18
   7 1.7709506e+26 2.9365173e+02 3.2056834e+18
   8 2.0655581e+26 3.4250298e+02 3.9357597e+18
   9 2.4091752e+26 3.9948106e+02 4.8321068e+18
  10 2.8099548e+26 4.6593795e+02 5.9325919e+18
  11 3.2774064e+26 5.4345053e+02 7.2837062e+18
  12 3.8226211e+26 6.3385804e+02 8.9425293e+18
  13 4.4585354e+26 7.3930568e+02 1.0979140e+19
  14 5.2002375e+26 8.6229554e+02 1.3479577e+19
  15 6.0653259e+26 1.0057460e+03 1.6549475e+19
  16 7.0743265e+26 1.1730608e+03 2.0318524e+19
  17 8.2511800e+26 1.3682101e+03 2.4945954e+19
  18 9.6238096e+26 1.5958246e+03 3.0627254e+19
  19 1.1224784e+27 1.8613052e+03 3.7602438e+19
  20 1.3092089e+27 2.1709513e+03 4.6166181e+19
  21 1.5270031e+27 2.5321106e+03 5.6680269e+19
  22 1.7810285e+27 2.9533529e+03 6.9588880e+19
  23 2.0773125e+27 3.4446739e+03 8.5437355e+19
  24 2.4228849e+27 4.0177320e+03 1.0489523e+20
  25 2.8259453e+27 4.6861256e+03 1.2878453e+20
  26 3.2960570e+27 5.4657151e+03 1.5811448e+20
  27 3.8443743e+27 6.3749996e+03 1.9412416e+20
  28 4.4839074e+27 7.4355560e+03 2.3833484e+20
  29 5.2298302e+27 8.6725510e+03 2.9261426e+20
  30 6.0998415e+27 1.0115338e+04 3.5925550e+20
  31 7.1145840e+27 1.1798155e+04 4.4107392e+20
  32 8.2981346e+27 1.3760934e+04 5.4152602e+20
  33 9.6785754e+27 1.6050253e+04 6.6485551e+20
  34 1.1288660e+28 1.8720438e+04 8.1627261e+20
  35 1.3166591e+28 2.1834854e+04 1.0021741e+21
  36 1.5356927e+28 2.5467409e+04 1.2304136e+21
  37 1.7911637e+28 2.9704307e+04 1.5106333e+21
  38 2.0891337e+28 3.4646093e+04 1.8546716e+21
  39 2.4366727e+28 4.0410044e+04 2.2770626e+21
  40 2.8420268e+28 4.7132947e+04 2.7956507e+21
  41 3.3148137e+28 5.4974348e+04 3.4323444e+21
  42 3.8662513e+28 6.4120341e+04 4.2140415e+21
  43 4.5094237e+28 7.4787981e+04 5.1737656e+21
  44 5.2595914e+28 8.7230440e+04 6.3520616e+21
  45 6.1345536e+28 1.0174301e+05 7.7987078e+21
  46 7.1550707e+28 1.1867013e+05 9.5748195e+21
  47 8.3453564e+28 1.3841346e+05 1.0933259e+22
  48 9.7336528e+28 1.6144145e+05 1.2002517e+22
  49 1.1352900e+29 1.8830047e+05 1.3257759e+22
  50 1.3241518e+29 2.1962790e+05 1.4732502e+22
  51 1.5444318e+29 2.5616712e+05 1.6466703e+22
  52 1.8013566e+29 2.9878519e+05 1.8508133e+22
  53 2.1010223e+29 3.4849342e+05 2.0915264e+22
  54 2.4505390e+29 4.0647138e+05 2.3825797e+22
  55 2.8581997e+29 4.7409489e+05 2.7224989e+22
  56 3.3336771e+29 5.5296862e+05 3.1234625e+22
  57 3.8882528e+29 6.4496425e+05 3.5994401e+22
  58 4.5350853e+29 7.5226482e+05 4.1661279e+22
  59 5.2895219e+29 8.7741659e+05 4.8426554e+22
  60 6.1694632e+29 1.0233894e+06 5.6523083e+22
  61 7.1957877e+29 1.1936473e+06 6.6240322e+22
  62 8.3928469e+29 1.3922305e+06 7.7935878e+22
  63 9.7890436e+29 1.6238515e+06 9.2053100e+22
  64 1.1417505e+30 1.8940068e+06 1.0914232e+23
  65 1.3316871e+30 2.2091074e+06 1.2988718e+23
  66 1.5532206e+30 2.5766310e+06 1.5513560e+23
  67 1.8116075e+30 3.0052994e+06 1.8594215e+23
  68 2.1129784e+30 3.5052854e+06 2.2361749e+23
  69 2.4644841e+30 4.0884547e+06 2.6978636e+23
  70 2.8744648e+30 4.7686468e+06 3.2646249e+23
  71 3.3526479e+30 5.5620044e+06 3.9613395e+23
  72 3.9103795e+30 6.4873557e+06 4.8189491e+23
  73 4.5608929e+30 7.5666620e+06 5.8756013e+23
  74 5.3196227e+30 8.8255386e+06 7.1783581e+23
  75 6.2045715e+30 1.0293863e+07 8.7853188e+23
  76 7.2367364e+30 1.2006485e+07 1.0768055e+24
  77 8.4406077e+30 1.4004051e+07 1.3214665e+24
  78 9.8447496e+30 1.6333974e+07 1.6236774e+24
  79 1.1482478e+31 1.9051555e+07 1.9876461e+24
  80 1.3392652e+31 2.2221295e+07 2.4432604e+24
  81 1.5620594e+31 2.5918433e+07 3.0076231e+24
  82 1.8219167e+31 3.0230727e+07 3.7037902e+24
  83 2.1250027e+31 3.5260538e+07 4.5620458e+24
  84 2.4785087e+31 4.1127262e+07 5.6198566e+24
  85 2.8908223e+31 4.7970167e+07 6.9229250e+24
  86 3.3717267e+31 5.5951694e+07 8.5285537e+24
  87 3.9326321e+31 6.5261323e+07 1.0505155e+25
  88 4.5868473e+31 7.6120068e+07 1.2938450e+25
  89 5.3498948e+31 8.8785724e+07 1.5932149e+25
  90 6.2398795e+31 1.0355900e+08 1.9615164e+25
  91 7.2779181e+31 1.2079065e+08 2.4144164e+25
  92 8.4886402e+31 1.4088980e+08 2.9712686e+25
  93 9.9007727e+31 1.6433371e+08 3.6558694e+25
  94 1.1547821e+32 1.9167907e+08 4.5131461e+25
  95 1.3468865e+32 2.2357504e+08 5.3188369e+25
  96 1.5709486e+32 2.6077892e+08 6.5456836e+25
  97 1.8322846e+32 3.0417438e+08 8.0337986e+25
  98 2.1370953e+32 3.5479197e+08 9.8591312e+25
  99 2.4926130e+32 4.1383383e+08 1.2098900e+26
 100 2.9072730e+32 4.8270222e+08 1.4842679e+26
 101 3.3909140e+32 5.6303287e+08 1.8196168e+26
 102 3.9550114e+32 6.5673385e+08 2.2288152e+26
 103 4.6129495e+32 7.6603087e+08 2.7271251e+26
 104 5.3803392e+32 8.9352025e+08 3.3350889e+26
 105 6.2753885e+32 1.0422307e+09 4.0781753e+26
 106 7.3193342e+32 1.2156951e+09 4.9880203e+26
 107 8.5369461e+32 1.4180350e+09 6.1022899e+26
 108 9.9571145e+32 1.6540581e+09 7.4582408e+26
 109 1.1613536e+33 1.9293726e+09 9.1055474e+26
 110 1.3545512e+33 2.2505208e+09 1.1104998e+27
 111 1.5798883e+33 2.6251350e+09 1.3569403e+27
 112 1.8427115e+33 3.0621135e+09 1.5911277e+27
 113 2.1492568e+33 3.5718392e+09 1.9454617e+27
 114 2.5067976e+33 4.1664334e+09 2.3805261e+27
 115 2.9238173e+33 4.8600309e+09 2.9142652e+27
 116 3.4102105e+33 5.6691217e+09 3.5687240e+27
 117 3.9775180e+33 6.6129436e+09 4.3707157e+27
 118 4.6392002e+33 7.7139401e+09 5.3530929e+27
 119 5.4109569e+33 8.9982949e+09 6.5560961e+27
 120 6.3110996e+33 1.0496556e+10 8.0283389e+27
 121 7.3609860e+33 1.2244362e+10 9.8162410e+27
 122 8.5855269e+33 1.4283279e+10 1.1845984e+28
 123 1.0013777e+34 1.6661777e+10 1.4072203e+28
 124 1.1679624e+34 1.9436445e+10 1.7270721e+28
 125 1.3622595e+34 2.2673351e+10 2.1185282e+28
 126 1.5888789e+34 2.6449540e+10 2.6013609e+28
 127 1.8531977e+34 3.0854716e+10 2.9497293e+28
 128 2.1614875e+34 3.5993892e+10 3.9548517e+28
 129 2.5210629e+34 4.1989771e+10 4.8222956e+28
 130 2.9404557e+34 4.8984671e+10 5.6244688e+28
 131 3.4296168e+34 5.7145014e+10 6.8051205e+28
 132 4.0001526e+34 6.6665372e+10 8.3453158e+28
 133 4.6656002e+34 7.7772676e+10 1.0260078e+29
 134 5.4417487e+34 9.0731725e+10 1.2675263e+29
 135 6.3470138e+34 1.0585059e+11 1.4433320e+29
 136 7.4028748e+34 1.2348894e+11 1.7569985e+29
 137 8.6343841e+34 1.4406758e+11 2.0928969e+29
 138 1.0070762e+35 1.6807755e+11 2.6377390e+29
 139 1.1746089e+35 1.9609024e+11 2.9732052e+29
 140 1.3700116e+35 2.2877152e+11 3.5891755e+29
 141 1.5979207e+35 2.6690171e+11 4.2897878e+29
 142 1.8637436e+35 3.1138954e+11 5.1604770e+29
 143 2.1737877e+35 3.6329527e+11 6.1301340e+29
 144 2.5354094e+35 4.2385532e+11 7.2710991e+29
 145 2.9571888e+35 4.9451031e+11 8.2952974e+29
 146 3.4491336e+35 5.7693603e+11 9.0292310e+29
 147 4.0229161e+35 6.7308757e+11 9.7741076e+29
 148 4.6921505e+35 7.8524879e+11 1.0568841e+30
 149 5.4727158e+35 9.1608441e+11 1.1473598e+30
 150 6.3831325e+35 1.0687034e+12 1.2535091e+30
 151 7.4450020e+35 1.2467330e+12 1.3799265e+30
 152 8.6835194e+35 1.4544045e+12 1.5320970e+30
 153 1.0128071e+36 1.6966542e+12 1.7147952e+30
 154 1.1812932e+36 1.9792408e+12 1.9369854e+30
 155 1.3778079e+36 2.3088821e+12 2.1995022e+30
 156 1.6070139e+36 2.6934148e+12 2.5193425e+30
 157 1.8743495e+36 3.1419814e+12 2.8997175e+30
 158 2.1861580e+36 3.6652472e+12 3.3619265e+30
 159 2.5498375e+36 4.2756556e+12 3.9229615e+30
 160 2.9740171e+36 4.9877221e+12 4.5879692e+30
 161 3.4687614e+36 5.8183786e+12 5.3679242e+30
 162 4.0458091e+36 6.7873767e+12 6.2911221e+30
 163 4.7188519e+36 7.9177590e+12 7.3772644e+30
 164 5.5038591e+36 9.2364023e+12 8.6177163e+30
 165 6.4194567e+36 1.0774655e+13 1.0033971e+31
 166 7.4873689e+36 1.2569086e+13 1.1634851e+31
 167 8.7329343e+36 1.4662354e+13 1.3546568e+31
 168 1.0185706e+37 1.7104234e+13 1.5806313e+31
 169 1.1880155e+37 1.9952791e+13 1.8489494e+31
 170 1.3856485e+37 2.3275769e+13 2.1731151e+31
 171 1.6161588e+37 2.7152230e+13 2.5978611e+31
 172 1.8850158e+37 3.1674489e+13 3.1891596e+31
 173 2.1985987e+37 3.6950387e+13 4.0694489e+31
 174 2.5643477e+37 4.3106007e+13 5.4507405e+31
 175 2.9909412e+37 5.0288919e+13 7.6938206e+31
 176 3.4885009e+37 5.8672163e+13 1.1465919e+32
 177 4.0688324e+37 6.8457759e+13 1.6104914e+32
 178 4.7457053e+37 7.9883152e+13 2.4803917e+32
 179 5.5351797e+37 9.3231270e+13 4.0753597e+32
 180 6.4559875e+37 1.0883368e+14 6.1601942e+32
 181 7.5299769e+37 1.2707234e+14 8.4541136e+32
 182 8.7826304e+37 1.4838806e+14 1.0746492e+33
 183 1.0243670e+38 1.7330338e+14 1.4385116e+33
 184 1.1947761e+38 2.0246044e+14 2.1651580e+33
 185 1.3935337e+38 2.3663691e+14 3.3061358e+33
 186 1.6253558e+38 2.7676495e+14 5.1078800e+33
 187 1.8957428e+38 3.2398846e+14 7.9493457e+33
 188 2.2111101e+38 3.7972873e+14 1.2412522e+34
 189 2.5789406e+38 4.4577706e+14 1.9389370e+34
 190 3.0079616e+38 5.2442706e+14 3.0240925e+34
 191 3.5083528e+38 6.1866447e+14 4.7030183e+34
 192 4.0919867e+38 7.3244185e+14 7.2875327e+34
 193 4.7727114e+38 8.7108029e+14 1.1249521e+35
 194 5.5666785e+38 1.0418646e+15 1.7306318e+35
 195 6.4927263e+38 1.2549378e+15 2.6556641e+35
 196 7.5728274e+38 1.5246629e+15 4.0698136e+35
 197 8.8326093e+38 1.8717215e+15 6.2372796e+35
 198 1.0301963e+39 2.3263644e+15 9.5710452e+35
 199 1.2015752e+39 2.9334619e+15 1.4717551e+36