#
#
#
1341 <-- Number of lines
#
#
#
1 4.734940e+24 7.860000e+00 2.510000e+09
2 4.740964e+24 7.870000e+00 6.310000e+09
3 4.753012e+24 7.890000e+00 1.590000e+10
4 4.891566e+24 8.120000e+00 3.980000e+10
5 5.108434e+24 8.480000e+00 1.000000e+11
6 5.481928e+24 9.100000e+00 2.510000e+11
7 6.144578e+24 1.020000e+01 6.310000e+11
8 7.108434e+24 1.180000e+01 1.590000e+12
9 8.554217e+24 1.420000e+01 3.980000e+12
10 1.072289e+25 1.780000e+01 1.000000e+13
11 1.415663e+25 2.350000e+01 2.510000e+13
12 1.927711e+25 3.200000e+01 6.310000e+13
13 2.704819e+25 4.490000e+01 1.590000e+14
14 3.885542e+25 6.450000e+01 3.980000e+14
15 5.716867e+25 9.490000e+01 1.000000e+15
16 8.614458e+25 1.430000e+02 2.510000e+15
17 1.313253e+26 2.180000e+02 6.310000e+15
18 2.042169e+26 3.390000e+02 1.590000e+16
19 3.216867e+26 5.340000e+02 3.980000e+16
20 5.138554e+26 8.530000e+02 1.000000e+17
21 8.313253e+26 1.380000e+03 2.510000e+17
22 1.385542e+27 2.300000e+03 6.310000e+17
23 2.283133e+27 3.790000e+03 1.590000e+18
24 3.783133e+27 6.280000e+03 3.980000e+18
25 6.325301e+27 1.050000e+04 1.000000e+19
26 1.060241e+28 1.760000e+04 2.510000e+19
27 1.789157e+28 2.970000e+04 6.310000e+19
28 3.036145e+28 5.040000e+04 1.590000e+20
29 5.180723e+28 8.600000e+04 3.980000e+20
30 8.855422e+28 1.470000e+05 1.000000e+21
31 1.518072e+29 2.520000e+05 2.510000e+21
32 2.608434e+29 4.330000e+05 6.310000e+21
33 4.673370e+29 7.751701e+05 1.441959e+22
34 4.761640e+29 7.898119e+05 1.485807e+22
35 4.851640e+29 8.047406e+05 1.530987e+22
36 4.943390e+29 8.199597e+05 1.577543e+22
37 5.036940e+29 8.354774e+05 1.625520e+22
38 5.132310e+29 8.512970e+05 1.674947e+22
39 5.229550e+29 8.674268e+05 1.725881e+22
40 5.328690e+29 8.838717e+05 1.778352e+22
41 5.429780e+29 9.006402e+05 1.832441e+22
42 5.532840e+29 9.177354e+05 1.888149e+22
43 5.637930e+29 9.351674e+05 1.945571e+22
44 5.745090e+29 9.529428e+05 2.004739e+22
45 5.854340e+29 9.710648e+05 2.065686e+22
46 5.965750e+29 9.895452e+05 2.128507e+22
47 6.079350e+29 1.008389e+06 2.193235e+22
48 6.195180e+29 1.027603e+06 2.259918e+22
49 6.313300e+29 1.047196e+06 2.328651e+22
50 6.433740e+29 1.067174e+06 2.399452e+22
51 6.556570e+29 1.087549e+06 2.472415e+22
52 6.681820e+29 1.108325e+06 2.547605e+22
53 6.809540e+29 1.129511e+06 2.625070e+22
54 6.939790e+29 1.151117e+06 2.704890e+22
55 7.072620e+29 1.173151e+06 2.787146e+22
56 7.208080e+29 1.195621e+06 2.871901e+22
57 7.346230e+29 1.218537e+06 2.959236e+22
58 7.487120e+29 1.241908e+06 3.049214e+22
59 7.630800e+29 1.265741e+06 3.141932e+22
60 7.777340e+29 1.290050e+06 3.237486e+22
61 7.926800e+29 1.314842e+06 3.335924e+22
62 8.079230e+29 1.340127e+06 3.437374e+22
63 8.234690e+29 1.365915e+06 3.541900e+22
64 8.393260e+29 1.392219e+06 3.649598e+22
65 8.554980e+29 1.419045e+06 3.760581e+22
66 8.719940e+29 1.446409e+06 3.874928e+22
67 8.888190e+29 1.474318e+06 3.992752e+22
68 9.059810e+29 1.502787e+06 4.114181e+22
69 9.234860e+29 1.531825e+06 4.239279e+22
70 9.413410e+29 1.561443e+06 4.368190e+22
71 9.595550e+29 1.591657e+06 4.501026e+22
72 9.781340e+29 1.622476e+06 4.637884e+22
73 9.970850e+29 1.653913e+06 4.778924e+22
74 1.016420e+30 1.685986e+06 4.924241e+22
75 1.036140e+30 1.718698e+06 5.073981e+22
76 1.056260e+30 1.752074e+06 5.228270e+22
77 1.076780e+30 1.786114e+06 5.387254e+22
78 1.097720e+30 1.820850e+06 5.551077e+22
79 1.119070e+30 1.856266e+06 5.719866e+22
80 1.140860e+30 1.892412e+06 5.893798e+22
81 1.163090e+30 1.929289e+06 6.073018e+22
82 1.185770e+30 1.966911e+06 6.257701e+22
83 1.208910e+30 2.005297e+06 6.447991e+22
84 1.232520e+30 2.044463e+06 6.644050e+22
85 1.256600e+30 2.084408e+06 6.846100e+22
86 1.281180e+30 2.125183e+06 7.054271e+22
87 1.306250e+30 2.166771e+06 7.268786e+22
88 1.331830e+30 2.209205e+06 7.489807e+22
89 1.357930e+30 2.252501e+06 7.717572e+22
90 1.384570e+30 2.296694e+06 7.952243e+22
91 1.411740e+30 2.341765e+06 8.194059e+22
92 1.439470e+30 2.387766e+06 8.443230e+22
93 1.467760e+30 2.434696e+06 8.699979e+22
94 1.496630e+30 2.482588e+06 8.964530e+22
95 1.526090e+30 2.531459e+06 9.237124e+22
96 1.556160e+30 2.581342e+06 9.518018e+22
97 1.586840e+30 2.632237e+06 9.807451e+22
98 1.618140e+30 2.684160e+06 1.010568e+23
99 1.650090e+30 2.737162e+06 1.041298e+23
100 1.682690e+30 2.791243e+06 1.072962e+23
101 1.715960e+30 2.846434e+06 1.105588e+23
102 1.749920e+30 2.902771e+06 1.139208e+23
103 1.784570e+30 2.960252e+06 1.173849e+23
104 1.819940e+30 3.018928e+06 1.209544e+23
105 1.856030e+30 3.078799e+06 1.246325e+23
106 1.892860e+30 3.139897e+06 1.284223e+23
107 1.930460e+30 3.202273e+06 1.323274e+23
108 1.968830e+30 3.265926e+06 1.363513e+23
109 2.008000e+30 3.330906e+06 1.404976e+23
110 2.047970e+30 3.397214e+06 1.447699e+23
111 2.088770e+30 3.464899e+06 1.491721e+23
112 2.130410e+30 3.533977e+06 1.537082e+23
113 2.172920e+30 3.604499e+06 1.583822e+23
114 2.216310e+30 3.676481e+06 1.631977e+23
115 2.260600e+30 3.749956e+06 1.681612e+23
116 2.305800e+30 3.824941e+06 1.732738e+23
117 2.351950e+30 3.901502e+06 1.785433e+23
118 2.399050e+30 3.979640e+06 1.839731e+23
119 2.447140e+30 4.059420e+06 1.895679e+23
120 2.496230e+30 4.140859e+06 1.953309e+23
121 2.546340e+30 4.223990e+06 2.012718e+23
122 2.597490e+30 4.308847e+06 2.073921e+23
123 2.649710e+30 4.395479e+06 2.136983e+23
124 2.703020e+30 4.483920e+06 2.201967e+23
125 2.757450e+30 4.574219e+06 2.268922e+23
126 2.813010e+30 4.666393e+06 2.337912e+23
127 2.869740e+30 4.760508e+06 2.409017e+23
128 2.927660e+30 4.856598e+06 2.482268e+23
129 2.986790e+30 4.954695e+06 2.557747e+23
130 3.047160e+30 5.054850e+06 2.635516e+23
131 3.108800e+30 5.157112e+06 2.715657e+23
132 3.171730e+30 5.261514e+06 2.798249e+23
133 3.235980e+30 5.368107e+06 2.883341e+23
134 3.301590e+30 5.476956e+06 2.971012e+23
135 3.368580e+30 5.588094e+06 3.061359e+23
136 3.436980e+30 5.701573e+06 3.154445e+23
137 3.506820e+30 5.817440e+06 3.250367e+23
138 3.578130e+30 5.935747e+06 3.349206e+23
139 3.650950e+30 6.056559e+06 3.451056e+23
140 3.725310e+30 6.179927e+06 3.555999e+23
141 3.801240e+30 6.305900e+06 3.664130e+23
142 3.878770e+30 6.434527e+06 3.775545e+23
143 3.957950e+30 6.565893e+06 3.890357e+23
144 4.038810e+30 6.700045e+06 4.008662e+23
145 4.121380e+30 6.837036e+06 4.130555e+23
146 4.205700e+30 6.976930e+06 4.256150e+23
147 4.291810e+30 7.119794e+06 4.385574e+23
148 4.379750e+30 7.265695e+06 4.518939e+23
149 4.469550e+30 7.414683e+06 4.656357e+23
150 4.561270e+30 7.566856e+06 4.797942e+23
151 4.654950e+30 7.722281e+06 4.943836e+23
152 4.750610e+30 7.880992e+06 5.094184e+23
153 4.848320e+30 8.043105e+06 5.249083e+23
154 5.097070e+30 8.455786e+06 5.408691e+23
155 5.202040e+30 8.629945e+06 5.573171e+23
156 5.309250e+30 8.807821e+06 5.742633e+23
157 5.418750e+30 8.989496e+06 5.917270e+23
158 5.530590e+30 9.175054e+06 6.097195e+23
159 5.644820e+30 9.364579e+06 6.282615e+23
160 5.761500e+30 9.558169e+06 6.473658e+23
161 5.880680e+30 9.755907e+06 6.670502e+23
162 6.002410e+30 9.957877e+06 6.873353e+23
163 6.126750e+30 1.016418e+07 7.082357e+23
164 6.253760e+30 1.037491e+07 7.297722e+23
165 6.383500e+30 1.059017e+07 7.519623e+23
166 6.516030e+30 1.081006e+07 7.748286e+23
167 6.651400e+30 1.103467e+07 7.983902e+23
168 6.789690e+30 1.126412e+07 8.226680e+23
169 6.930950e+30 1.149850e+07 8.476843e+23
170 7.075260e+30 1.173794e+07 8.734618e+23
171 7.222670e+30 1.198252e+07 9.000210e+23
172 7.373270e+30 1.223240e+07 9.273894e+23
173 7.527110e+30 1.248766e+07 9.555909e+23
174 7.684280e+30 1.274844e+07 9.846480e+23
175 7.844840e+30 1.301485e+07 1.014589e+24
176 8.008870e+30 1.328701e+07 1.045443e+24
177 8.176450e+30 1.356507e+07 1.077233e+24
178 8.347650e+30 1.384913e+07 1.109989e+24
179 8.522560e+30 1.413935e+07 1.143743e+24
180 8.701260e+30 1.443587e+07 1.178523e+24
181 8.883830e+30 1.473880e+07 1.214358e+24
182 9.070360e+30 1.504831e+07 1.251285e+24
183 9.260940e+30 1.536453e+07 1.289336e+24
184 9.455650e+30 1.568761e+07 1.328542e+24
185 9.654590e+30 1.601772e+07 1.368941e+24
186 9.857860e+30 1.635500e+07 1.410569e+24
187 1.006550e+31 1.669954e+07 1.453462e+24
188 1.027770e+31 1.705165e+07 1.497660e+24
189 1.049460e+31 1.741156e+07 1.543202e+24
190 1.071610e+31 1.777910e+07 1.590128e+24
191 1.094250e+31 1.815478e+07 1.638482e+24
192 1.117380e+31 1.853858e+07 1.688309e+24
193 1.141010e+31 1.893069e+07 1.739643e+24
194 1.165160e+31 1.933143e+07 1.792547e+24
195 1.189840e+31 1.974096e+07 1.847053e+24
196 1.215060e+31 2.015945e+07 1.903225e+24
197 1.240830e+31 2.058708e+07 1.961096e+24
198 1.267160e+31 2.102400e+07 2.020729e+24
199 1.294060e+31 2.147037e+07 2.082173e+24
200 1.321560e+31 2.192671e+07 2.145491e+24
201 1.349660e+31 2.239301e+07 2.210731e+24
202 1.378370e+31 2.286943e+07 2.277959e+24
203 1.407710e+31 2.335630e+07 2.347221e+24
204 1.437690e+31 2.385380e+07 2.418598e+24
205 1.468340e+31 2.436242e+07 2.492137e+24
206 1.499650e+31 2.488200e+07 2.567920e+24
207 1.531650e+31 2.541303e+07 2.646010e+24
208 1.564360e+31 2.595584e+07 2.726472e+24
209 1.597780e+31 2.651044e+07 2.809384e+24
210 1.631940e+31 2.707732e+07 2.894812e+24
211 1.666850e+31 2.765665e+07 2.982836e+24
212 1.702530e+31 2.824876e+07 3.073535e+24
213 1.738990e+31 2.885381e+07 3.167006e+24
214 1.776250e+31 2.947215e+07 3.263313e+24
215 1.814340e+31 3.010426e+07 3.362536e+24
216 1.853260e+31 3.075016e+07 3.464787e+24
217 1.893040e+31 3.141032e+07 3.570146e+24
218 1.933700e+31 3.208510e+07 3.678709e+24
219 1.975260e+31 3.277481e+07 3.790573e+24
220 2.017730e+31 3.347963e+07 3.905834e+24
221 2.061140e+31 3.420005e+07 4.024619e+24
222 2.105510e+31 3.493641e+07 4.146994e+24
223 2.150860e+31 3.568904e+07 4.273101e+24
224 2.197210e+31 3.645827e+07 4.403037e+24
225 2.244590e+31 3.724460e+07 4.536931e+24
226 2.293010e+31 3.804819e+07 4.674895e+24
227 2.342510e+31 3.886970e+07 4.817040e+24
228 2.393100e+31 3.970932e+07 4.963527e+24
229 2.444810e+31 4.056753e+07 5.114452e+24
230 2.497660e+31 4.144466e+07 5.269975e+24
231 2.551690e+31 4.234138e+07 5.430225e+24
232 2.606910e+31 4.325786e+07 5.595361e+24
233 2.663360e+31 4.419475e+07 5.765496e+24
234 2.721060e+31 4.515240e+07 5.940822e+24
235 2.780040e+31 4.613130e+07 6.121468e+24
236 2.840330e+31 4.713195e+07 6.307625e+24
237 2.901950e+31 4.815467e+07 6.499421e+24
238 2.964950e+31 4.920031e+07 6.697066e+24
239 3.029340e+31 5.026903e+07 6.900702e+24
240 3.095170e+31 5.136165e+07 7.110539e+24
241 3.162450e+31 5.247835e+07 7.326769e+24
242 3.231240e+31 5.362011e+07 7.549568e+24
243 3.301550e+31 5.478711e+07 7.779128e+24
244 3.373420e+31 5.598002e+07 8.015689e+24
245 3.446900e+31 5.719965e+07 8.259428e+24
246 3.522010e+31 5.844635e+07 8.510585e+24
247 3.598790e+31 5.972077e+07 8.769385e+24
248 3.677290e+31 6.102375e+07 9.036051e+24
249 3.757530e+31 6.235563e+07 9.310824e+24
250 3.839560e+31 6.371722e+07 9.593945e+24
251 3.923410e+31 6.510903e+07 9.885685e+24
252 4.009140e+31 6.653206e+07 1.018629e+25
253 4.096780e+31 6.798680e+07 1.049603e+25
254 4.186370e+31 6.947392e+07 1.081520e+25
255 4.277960e+31 7.099426e+07 1.114408e+25
256 4.371600e+31 7.254863e+07 1.148296e+25
257 4.467330e+31 7.413770e+07 1.183214e+25
258 4.565190e+31 7.576214e+07 1.219194e+25
259 4.665240e+31 7.742295e+07 1.256267e+25
260 4.767520e+31 7.912079e+07 1.294469e+25
261 4.872090e+31 8.085665e+07 1.333831e+25
262 4.978990e+31 8.263121e+07 1.374390e+25
263 5.088290e+31 8.444562e+07 1.416185e+25
264 5.200030e+31 8.630055e+07 1.459248e+25
265 5.314270e+31 8.819699e+07 1.503622e+25
266 5.431060e+31 9.013579e+07 1.549345e+25
267 5.550460e+31 9.211792e+07 1.596458e+25
268 5.672540e+31 9.414456e+07 1.645003e+25
269 5.797350e+31 9.621654e+07 1.695023e+25
270 5.924960e+31 9.833502e+07 1.746565e+25
271 6.055420e+31 1.005008e+08 1.799677e+25
272 6.188800e+31 1.027151e+08 1.854407e+25
273 6.325180e+31 1.049792e+08 1.910788e+25
274 6.464600e+31 1.072939e+08 1.968899e+25
275 6.607160e+31 1.096606e+08 2.028772e+25
276 6.752900e+31 1.120802e+08 2.090456e+25
277 6.901920e+31 1.145543e+08 2.154030e+25
278 7.054280e+31 1.170838e+08 2.219527e+25
279 7.210050e+31 1.196699e+08 2.287027e+25
280 7.369320e+31 1.223142e+08 2.356561e+25
281 7.532160e+31 1.250178e+08 2.428227e+25
282 7.698660e+31 1.277822e+08 2.502071e+25
283 7.868890e+31 1.306085e+08 2.578142e+25
284 8.042940e+31 1.334983e+08 2.656553e+25
285 8.220900e+31 1.364530e+08 2.737335e+25
286 8.402860e+31 1.394742e+08 2.820568e+25
287 8.588900e+31 1.425631e+08 2.906332e+25
288 8.779130e+31 1.457217e+08 2.994708e+25
289 8.973630e+31 1.489511e+08 3.085776e+25
290 9.172500e+31 1.522532e+08 3.179615e+25
291 9.375830e+31 1.556293e+08 3.276307e+25
292 9.583740e+31 1.590815e+08 3.375930e+25
293 9.796320e+31 1.626113e+08 3.478582e+25
294 1.001370e+32 1.662208e+08 3.584357e+25
295 1.023590e+32 1.699104e+08 3.693353e+25
296 1.046320e+32 1.736848e+08 3.805666e+25
297 1.069550e+32 1.775421e+08 3.921391e+25
298 1.093310e+32 1.814876e+08 4.040641e+25
299 1.117610e+32 1.855227e+08 4.163496e+25
300 1.142450e+32 1.896476e+08 4.290116e+25
301 1.167850e+32 1.938655e+08 4.420565e+25
302 1.193820e+32 1.981780e+08 4.554988e+25
303 1.220370e+32 2.025870e+08 4.693496e+25
304 1.247530e+32 2.070973e+08 4.836218e+25
305 1.275290e+32 2.117072e+08 4.983282e+25
306 1.303680e+32 2.164219e+08 5.134815e+25
307 1.332710e+32 2.212429e+08 5.290964e+25
308 1.362400e+32 2.261735e+08 5.451854e+25
309 1.392750e+32 2.312138e+08 5.617631e+25
310 1.423790e+32 2.363688e+08 5.788455e+25
311 1.455520e+32 2.416384e+08 5.964470e+25
312 1.487970e+32 2.470276e+08 6.145837e+25
313 1.521160e+32 2.525398e+08 6.332731e+25
314 1.555090e+32 2.581749e+08 6.525296e+25
315 1.589780e+32 2.639364e+08 6.723726e+25
316 1.625260e+32 2.698291e+08 6.928180e+25
317 1.715140e+32 2.847535e+08 7.138850e+25
318 1.753430e+32 2.911130e+08 7.355929e+25
319 1.792590e+32 2.976171e+08 7.579625e+25
320 1.832630e+32 3.042674e+08 7.810098e+25
321 1.873580e+32 3.110689e+08 8.047588e+25
322 1.915450e+32 3.180233e+08 8.292305e+25
323 1.958260e+32 3.251339e+08 8.544471e+25
324 2.002040e+32 3.324057e+08 8.804296e+25
325 2.046810e+32 3.398420e+08 9.072020e+25
326 2.092580e+32 3.474445e+08 9.347883e+25
327 2.139400e+32 3.552216e+08 9.632141e+25
328 2.187260e+32 3.631714e+08 9.925035e+25
329 2.236210e+32 3.713025e+08 1.022684e+26
330 2.286270e+32 3.796180e+08 1.053782e+26
331 2.337450e+32 3.881196e+08 1.085827e+26
332 2.389800e+32 3.968157e+08 1.118845e+26
333 2.443320e+32 4.057063e+08 1.152867e+26
334 2.498050e+32 4.147980e+08 1.187924e+26
335 2.554020e+32 4.240958e+08 1.224047e+26
336 2.611260e+32 4.336048e+08 1.261269e+26
337 2.669780e+32 4.433264e+08 1.299621e+26
338 2.729630e+32 4.532692e+08 1.339141e+26
339 2.790830e+32 4.634363e+08 1.379862e+26
340 2.853420e+32 4.738346e+08 1.421821e+26
341 2.917420e+32 4.844672e+08 1.465057e+26
342 2.982870e+32 4.953408e+08 1.509608e+26
343 3.049790e+32 5.064588e+08 1.555511e+26
344 3.118230e+32 5.178295e+08 1.602817e+26
345 3.188220e+32 5.294579e+08 1.651556e+26
346 3.259790e+32 5.413490e+08 1.701768e+26
347 3.332980e+32 5.535094e+08 1.753518e+26
348 3.407820e+32 5.659441e+08 1.806839e+26
349 3.484350e+32 5.786598e+08 1.861793e+26
350 3.562620e+32 5.916647e+08 1.918398e+26
351 3.642660e+32 6.049640e+08 1.976733e+26
352 3.724510e+32 6.185642e+08 2.036847e+26
353 3.808200e+32 6.324704e+08 2.098787e+26
354 3.893800e+32 6.466941e+08 2.162602e+26
355 3.981330e+32 6.612387e+08 2.228371e+26
356 4.070840e+32 6.761126e+08 2.296127e+26
357 4.162370e+32 6.913224e+08 2.365950e+26
358 4.255980e+32 7.068780e+08 2.437888e+26
359 4.351700e+32 7.227846e+08 2.512020e+26
360 4.449600e+32 7.390536e+08 2.588412e+26
361 4.549700e+32 7.556885e+08 2.667127e+26
362 4.652080e+32 7.727026e+08 2.748229e+26
363 4.756770e+32 7.901008e+08 2.831799e+26
364 4.863830e+32 8.078932e+08 2.917900e+26
365 4.973310e+32 8.260881e+08 3.006628e+26
366 5.085270e+32 8.446954e+08 3.098065e+26
367 5.199770e+32 8.637252e+08 3.192273e+26
368 5.316860e+32 8.831857e+08 3.289348e+26
369 5.436600e+32 9.030870e+08 3.389372e+26
370 5.559060e+32 9.234407e+08 3.492424e+26
371 5.684280e+32 9.442536e+08 3.598633e+26
372 5.812340e+32 9.655388e+08 3.708061e+26
373 5.943310e+32 9.873080e+08 3.820822e+26
374 6.077240e+32 1.009570e+09 3.936996e+26
375 6.214200e+32 1.032335e+09 4.056711e+26
376 6.354260e+32 1.055617e+09 4.180078e+26
377 6.497500e+32 1.079427e+09 4.307179e+26
378 6.643980e+32 1.103777e+09 4.438157e+26
379 6.793780e+32 1.128678e+09 4.573124e+26
380 6.946980e+32 1.154146e+09 4.712177e+26
381 7.103640e+32 1.180189e+09 4.855476e+26
382 7.263860e+32 1.206824e+09 5.003117e+26
383 7.427700e+32 1.234062e+09 5.155259e+26
384 7.595260e+32 1.261918e+09 5.312016e+26
385 7.766620e+32 1.290407e+09 5.473548e+26
386 7.941860e+32 1.319542e+09 5.639998e+26
387 8.374850e+32 1.391503e+09 5.811495e+26
388 8.563850e+32 1.422925e+09 5.988215e+26
389 8.933130e+32 1.484304e+09 6.170302e+26
390 9.134760e+32 1.517827e+09 6.357933e+26
391 9.340960e+32 1.552111e+09 6.551268e+26
392 9.551830e+32 1.587172e+09 6.750482e+26
393 9.767480e+32 1.623028e+09 6.955753e+26
394 9.988020e+32 1.659698e+09 7.167272e+26
395 1.021360e+33 1.697207e+09 7.385216e+26
396 1.044420e+33 1.735552e+09 7.609794e+26
397 1.068010e+33 1.774778e+09 7.841196e+26
398 1.092130e+33 1.814887e+09 8.079632e+26
399 1.116800e+33 1.855911e+09 8.325326e+26
400 1.142030e+33 1.897866e+09 8.578485e+26
401 1.167830e+33 1.940771e+09 8.839336e+26
402 1.194220e+33 1.984658e+09 9.108133e+26
403 1.221200e+33 2.029527e+09 9.385101e+26
404 1.248800e+33 2.075428e+09 9.670481e+26
405 1.277020e+33 2.122361e+09 9.964544e+26
406 1.305880e+33 2.170359e+09 1.026755e+27
407 1.335400e+33 2.219456e+09 1.057978e+27
408 1.365590e+33 2.269669e+09 1.090148e+27
409 1.396460e+33 2.321013e+09 1.123299e+27
410 1.428030e+33 2.373523e+09 1.157456e+27
411 1.460320e+33 2.427232e+09 1.192652e+27
412 1.493330e+33 2.482139e+09 1.228919e+27
413 1.527100e+33 2.538312e+09 1.266290e+27
414 1.561640e+33 2.595767e+09 1.304795e+27
415 1.596950e+33 2.654504e+09 1.344471e+27
416 1.633070e+33 2.714590e+09 1.385356e+27
417 1.670010e+33 2.776041e+09 1.427482e+27
418 1.707780e+33 2.838875e+09 1.470889e+27
419 1.746420e+33 2.903157e+09 1.515617e+27
420 1.785920e+33 2.968872e+09 1.561704e+27
421 1.826330e+33 3.036102e+09 1.609194e+27
422 1.867650e+33 3.104848e+09 1.658124e+27
423 1.972090e+33 3.278530e+09 1.708545e+27
424 2.016720e+33 3.352784e+09 1.760504e+27
425 2.062350e+33 3.428704e+09 1.814032e+27
426 2.109030e+33 3.506372e+09 1.869195e+27
427 2.156760e+33 3.585790e+09 1.926040e+27
428 2.205570e+33 3.667007e+09 1.984600e+27
429 2.255500e+33 3.750089e+09 2.044954e+27
430 2.306550e+33 3.835036e+09 2.107134e+27
431 2.358770e+33 3.921933e+09 2.171205e+27
432 2.412160e+33 4.010779e+09 2.237231e+27
433 2.466770e+33 4.101658e+09 2.305260e+27
434 2.522620e+33 4.194602e+09 2.375371e+27
435 2.579740e+33 4.289662e+09 2.447597e+27
436 2.638150e+33 4.386872e+09 2.522018e+27
437 2.697890e+33 4.486297e+09 2.598714e+27
438 2.758980e+33 4.587972e+09 2.677734e+27
439 2.821460e+33 4.691963e+09 2.759172e+27
440 2.885360e+33 4.798320e+09 2.843062e+27
441 2.950710e+33 4.907094e+09 2.929516e+27
442 3.017540e+33 5.018334e+09 3.018597e+27
443 3.085890e+33 5.132107e+09 3.110401e+27
444 3.155790e+33 5.248463e+09 3.204978e+27
445 3.227280e+33 5.367469e+09 3.302438e+27
446 3.300380e+33 5.489159e+09 3.402863e+27
447 3.375150e+33 5.613632e+09 3.506331e+27
448 3.451620e+33 5.740939e+09 3.612956e+27
449 3.529820e+33 5.871129e+09 3.722817e+27
450 3.609790e+33 6.004271e+09 3.836027e+27
451 3.691580e+33 6.140445e+09 3.952666e+27
452 3.775230e+33 6.279721e+09 4.072861e+27
453 3.860780e+33 6.422165e+09 4.196725e+27
454 3.948270e+33 6.567842e+09 4.324338e+27
455 4.037740e+33 6.716821e+09 4.455829e+27
456 4.129240e+33 6.869185e+09 4.591325e+27
457 4.222830e+33 7.025033e+09 4.730939e+27
458 4.318530e+33 7.184400e+09 4.874798e+27
459 4.416410e+33 7.347402e+09 5.023032e+27
460 4.516510e+33 7.514106e+09 5.175783e+27
461 4.618890e+33 7.684613e+09 5.333165e+27
462 4.723580e+33 7.858972e+09 5.495337e+27
463 4.830660e+33 8.037317e+09 5.662444e+27
464 4.940160e+33 8.219698e+09 5.834630e+27
465 5.052160e+33 8.406249e+09 6.012055e+27
466 5.166690e+33 8.597020e+09 6.194863e+27
467 5.283820e+33 8.792129e+09 6.383247e+27
468 5.403620e+33 8.991691e+09 6.577351e+27
469 5.526130e+33 9.195774e+09 6.777351e+27
470 5.651430e+33 9.404512e+09 6.983455e+27
471 5.779560e+33 9.617971e+09 7.195807e+27
472 5.910610e+33 9.836302e+09 7.414616e+27
473 6.044640e+33 1.005961e+10 7.640091e+27
474 6.181700e+33 1.028796e+10 7.872406e+27
475 6.321890e+33 1.052155e+10 8.111788e+27
476 6.465250e+33 1.076042e+10 8.358459e+27
477 6.611860e+33 1.100472e+10 8.612628e+27
478 6.761810e+33 1.125459e+10 8.874520e+27
479 7.160890e+33 1.191914e+10 9.144390e+27
480 7.323300e+33 1.218978e+10 9.422448e+27
481 7.489390e+33 1.246656e+10 9.708981e+27
482 7.659260e+33 1.274965e+10 1.000421e+28
483 7.832980e+33 1.303917e+10 1.030842e+28
484 8.010650e+33 1.333528e+10 1.062189e+28
485 8.192350e+33 1.363812e+10 1.094488e+28
486 8.378180e+33 1.394785e+10 1.127770e+28
487 8.568230e+33 1.426463e+10 1.162063e+28
488 8.762590e+33 1.458861e+10 1.197401e+28
489 8.961370e+33 1.491996e+10 1.233812e+28
490 9.164660e+33 1.525884e+10 1.271330e+28
491 9.372570e+33 1.560544e+10 1.309989e+28
492 9.585190e+33 1.595990e+10 1.349824e+28
493 9.802650e+33 1.632245e+10 1.390870e+28
494 1.002500e+34 1.669316e+10 1.433164e+28
495 1.025250e+34 1.707247e+10 1.476745e+28
496 1.048510e+34 1.746030e+10 1.521649e+28
497 1.072300e+34 1.785699e+10 1.567922e+28
498 1.096630e+34 1.826269e+10 1.615603e+28
499 1.121510e+34 1.867758e+10 1.664725e+28
500 1.146960e+34 1.910199e+10 1.715354e+28
501 1.172980e+34 1.953593e+10 1.767505e+28
502 1.199600e+34 1.997989e+10 1.821258e+28
503 1.226820e+34 2.043387e+10 1.876645e+28
504 1.254660e+34 2.089822e+10 1.933699e+28
505 1.283130e+34 2.137309e+10 1.992499e+28
506 1.312250e+34 2.185882e+10 2.053093e+28
507 1.342030e+34 2.235559e+10 2.115530e+28
508 1.372480e+34 2.286355e+10 2.179857e+28
509 1.403630e+34 2.338321e+10 2.246139e+28
510 1.435480e+34 2.391457e+10 2.314440e+28
511 1.468060e+34 2.445813e+10 2.384824e+28
512 1.501380e+34 2.501407e+10 2.457338e+28
513 1.535450e+34 2.558254e+10 2.532064e+28
514 1.570300e+34 2.616405e+10 2.609064e+28
515 1.605940e+34 2.675877e+10 2.688404e+28
516 1.642390e+34 2.736703e+10 2.770147e+28
517 1.679670e+34 2.798917e+10 2.854390e+28
518 1.784700e+34 2.974032e+10 2.941179e+28
519 1.825210e+34 3.041639e+10 3.030613e+28
520 1.866640e+34 3.110784e+10 3.122770e+28
521 1.909010e+34 3.181501e+10 3.217731e+28
522 1.952340e+34 3.253824e+10 3.315576e+28
523 1.996660e+34 3.327802e+10 3.416401e+28
524 2.041980e+34 3.403453e+10 3.520286e+28
525 2.088330e+34 3.480827e+10 3.627344e+28
526 2.135740e+34 3.559974e+10 3.737637e+28
527 2.184220e+34 3.640911e+10 3.851296e+28
528 2.233800e+34 3.723689e+10 3.968415e+28
529 2.284510e+34 3.808357e+10 4.089075e+28
530 2.336370e+34 3.894949e+10 4.213420e+28
531 2.389410e+34 3.983516e+10 4.341546e+28
532 2.443660e+34 4.074108e+10 4.473565e+28
533 2.499130e+34 4.166741e+10 4.609606e+28
534 2.555870e+34 4.261500e+10 4.749780e+28
535 2.613890e+34 4.358402e+10 4.894201e+28
536 2.673230e+34 4.457513e+10 5.043027e+28
537 2.733920e+34 4.558884e+10 5.196387e+28
538 2.795990e+34 4.662565e+10 5.354394e+28
539 2.859470e+34 4.768607e+10 5.517223e+28
540 2.924390e+34 4.877060e+10 5.684987e+28
541 2.990790e+34 4.987991e+10 5.857862e+28
542 3.058690e+34 5.101433e+10 6.035992e+28
543 3.128140e+34 5.217472e+10 6.219537e+28
544 3.199160e+34 5.336140e+10 6.408658e+28
545 3.339550e+34 5.570529e+10 6.603531e+28
546 3.415380e+34 5.697243e+10 6.804331e+28
547 3.492920e+34 5.826821e+10 7.011252e+28
548 3.572230e+34 5.959364e+10 7.224454e+28
549 3.653340e+34 6.094923e+10 7.444129e+28
550 3.736300e+34 6.233581e+10 7.670500e+28
551 3.821130e+34 6.375373e+10 7.903745e+28
552 3.907900e+34 6.520415e+10 8.144087e+28
553 3.996630e+34 6.668741e+10 8.391736e+28
554 4.087390e+34 6.820470e+10 8.646914e+28
555 4.180200e+34 6.975634e+10 8.909848e+28
556 4.275120e+34 7.134335e+10 9.180792e+28
557 4.372200e+34 7.296656e+10 9.459971e+28
558 4.568740e+34 7.624982e+10 9.747626e+28
559 4.672490e+34 7.798469e+10 1.004404e+29
560 4.778590e+34 7.975896e+10 1.034947e+29
561 4.887110e+34 8.157379e+10 1.066417e+29
562 4.998090e+34 8.342988e+10 1.098845e+29
563 5.111590e+34 8.532822e+10 1.132260e+29
564 5.227660e+34 8.726966e+10 1.166690e+29
565 5.346380e+34 8.925554e+10 1.202167e+29
566 5.607990e+34 9.362719e+10 1.238723e+29
567 5.735340e+34 9.575758e+10 1.276392e+29
568 5.865590e+34 9.793661e+10 1.315204e+29
569 5.998800e+34 1.001653e+11 1.355198e+29
570 6.135030e+34 1.024446e+11 1.396407e+29
571 6.274360e+34 1.047760e+11 1.438870e+29
572 6.416850e+34 1.071604e+11 1.482624e+29
573 6.562580e+34 1.095991e+11 1.527707e+29
574 6.711620e+34 1.120934e+11 1.574162e+29
575 6.864040e+34 1.146444e+11 1.622027e+29
576 7.019930e+34 1.172537e+11 1.671358e+29
577 7.179360e+34 1.199223e+11 1.722180e+29
578 7.342410e+34 1.226518e+11 1.774539e+29
579 7.509170e+34 1.254435e+11 1.828500e+29
580 8.024390e+34 1.340568e+11 1.884111e+29
581 8.206630e+34 1.371078e+11 1.941405e+29
582 8.393020e+34 1.402284e+11 2.000446e+29
583 8.583640e+34 1.434201e+11 2.061264e+29
584 8.778590e+34 1.466845e+11 2.123941e+29
585 8.977970e+34 1.500233e+11 2.188541e+29
586 9.181880e+34 1.534381e+11 2.255079e+29
587 9.390420e+34 1.569307e+11 2.323653e+29
588 9.603700e+34 1.605030e+11 2.394309e+29
589 9.821820e+34 1.641565e+11 2.467127e+29
590 1.004490e+35 1.678934e+11 2.542141e+29
591 1.027310e+35 1.717163e+11 2.619446e+29
592 1.050640e+35 1.756249e+11 2.699107e+29
593 1.074500e+35 1.796226e+11 2.781170e+29
594 1.098910e+35 1.837127e+11 2.865749e+29
595 1.123870e+35 1.878952e+11 2.952891e+29
596 1.149390e+35 1.921719e+11 3.042677e+29
597 1.175500e+35 1.965478e+11 3.135203e+29
598 1.202200e+35 2.010228e+11 3.230549e+29
599 1.229510e+35 2.056005e+11 3.328778e+29
600 1.297030e+35 2.169029e+11 3.430004e+29
601 1.326490e+35 2.218412e+11 3.534305e+29
602 1.356620e+35 2.268922e+11 3.641779e+29
603 1.387430e+35 2.320576e+11 3.752522e+29
604 1.418950e+35 2.373424e+11 3.866629e+29
605 1.451180e+35 2.427466e+11 3.984212e+29
606 1.484140e+35 2.482736e+11 4.105353e+29
607 1.542830e+35 2.581057e+11 4.230195e+29
608 1.577870e+35 2.639822e+11 4.358833e+29
609 1.613710e+35 2.699932e+11 4.491381e+29
610 1.650370e+35 2.761423e+11 4.627951e+29
611 1.687850e+35 2.824293e+11 4.768686e+29
612 1.726190e+35 2.888611e+11 4.913683e+29
613 1.765400e+35 2.954393e+11 5.063102e+29
614 1.836280e+35 3.073184e+11 5.217071e+29
615 1.877990e+35 3.143168e+11 5.375719e+29
616 1.920650e+35 3.214752e+11 5.539173e+29
617 1.997020e+35 3.342771e+11 5.707610e+29
618 2.042380e+35 3.418893e+11 5.881173e+29
619 2.088780e+35 3.496767e+11 6.060008e+29
620 2.136220e+35 3.576392e+11 6.244291e+29
621 2.184750e+35 3.657853e+11 6.434165e+29
622 2.234380e+35 3.741167e+11 6.629822e+29
623 2.285130e+35 3.826368e+11 6.831424e+29
624 2.337040e+35 3.913523e+11 7.039162e+29
625 2.390130e+35 4.002667e+11 7.253213e+29
626 2.484500e+35 4.160954e+11 7.473769e+29
627 2.540930e+35 4.255717e+11 7.701038e+29
628 2.598650e+35 4.352654e+11 7.935212e+29
629 2.892810e+35 4.845654e+11 8.176499e+29
630 2.958530e+35 4.956019e+11 8.425141e+29
631 3.025730e+35 5.068878e+11 8.681345e+29
632 3.094470e+35 5.184333e+11 8.945320e+29
633 3.200000e+35 5.351562e+11 8.995868e+29
634 3.300000e+35 5.519096e+11 9.131268e+29
635 3.400000e+35 5.686633e+11 9.264890e+29
636 3.500000e+35 5.854175e+11 9.396877e+29
637 3.600000e+35 6.021721e+11 9.528047e+29
638 3.700000e+35 6.189270e+11 9.658833e+29
639 3.800000e+35 6.356824e+11 9.788786e+29
640 3.900000e+35 6.524381e+11 9.918658e+29
641 4.000000e+35 6.691941e+11 1.004863e+30
642 4.100000e+35 6.859505e+11 1.017856e+30
643 4.200000e+35 7.027072e+11 1.030847e+30
644 4.300000e+35 7.194643e+11 1.043874e+30
645 4.400000e+35 7.362217e+11 1.056871e+30
646 4.500000e+35 7.529794e+11 1.070079e+30
647 4.600000e+35 7.697374e+11 1.083249e+30
648 4.700000e+35 7.864957e+11 1.096490e+30
649 4.800000e+35 8.032543e+11 1.109706e+30
650 4.900000e+35 8.200132e+11 1.123038e+30
651 5.000000e+35 8.367724e+11 1.136422e+30
652 5.100000e+35 8.535319e+11 1.149882e+30
653 5.200000e+35 8.702916e+11 1.163408e+30
654 5.300000e+35 8.870517e+11 1.177007e+30
655 5.400000e+35 9.038120e+11 1.190662e+30
656 5.500000e+35 9.205726e+11 1.204401e+30
657 5.600000e+35 9.373335e+11 1.218197e+30
658 5.700000e+35 9.540946e+11 1.232069e+30
659 5.800000e+35 9.708560e+11 1.245998e+30
660 5.900000e+35 9.876176e+11 1.260056e+30
661 6.000000e+35 1.004380e+12 1.274163e+30
662 6.100000e+35 1.021142e+12 1.288341e+30
663 6.200000e+35 1.037904e+12 1.302602e+30
664 6.300000e+35 1.054667e+12 1.316943e+30
665 6.400000e+35 1.071430e+12 1.331351e+30
666 6.500000e+35 1.088193e+12 1.345863e+30
667 6.600000e+35 1.104956e+12 1.360426e+30
668 6.700000e+35 1.121720e+12 1.375079e+30
669 6.800000e+35 1.138484e+12 1.389806e+30
670 6.900000e+35 1.155248e+12 1.404611e+30
671 7.000000e+35 1.172012e+12 1.419450e+30
672 7.100000e+35 1.188777e+12 1.434465e+30
673 7.200000e+35 1.205541e+12 1.449502e+30
674 7.300000e+35 1.222306e+12 1.464679e+30
675 7.400000e+35 1.239072e+12 1.479823e+30
676 7.500000e+35 1.255837e+12 1.495093e+30
677 7.600000e+35 1.272603e+12 1.510449e+30
678 7.700000e+35 1.289369e+12 1.525887e+30
679 7.800000e+35 1.306135e+12 1.541406e+30
680 7.900000e+35 1.322901e+12 1.557006e+30
681 8.000000e+35 1.339668e+12 1.572722e+30
682 8.100000e+35 1.356434e+12 1.588476e+30
683 8.200000e+35 1.373201e+12 1.604307e+30
684 8.300000e+35 1.389968e+12 1.620217e+30
685 8.400000e+35 1.406736e+12 1.636207e+30
686 8.500000e+35 1.423503e+12 1.652277e+30
687 8.600000e+35 1.440271e+12 1.668426e+30
688 8.700000e+35 1.457039e+12 1.684641e+30
689 8.800000e+35 1.473807e+12 1.700951e+30
690 8.900000e+35 1.490576e+12 1.717325e+30
691 9.000000e+35 1.507344e+12 1.733763e+30
692 9.100000e+35 1.524113e+12 1.750298e+30
693 9.200000e+35 1.540882e+12 1.766896e+30
694 9.300000e+35 1.557651e+12 1.783575e+30
695 9.400000e+35 1.574421e+12 1.800334e+30
696 9.500000e+35 1.591190e+12 1.817157e+30
697 9.600000e+35 1.607960e+12 1.834059e+30
698 9.700000e+35 1.624730e+12 1.851027e+30
699 9.800000e+35 1.641500e+12 1.868074e+30
700 9.900000e+35 1.658271e+12 1.885201e+30
701 1.000000e+36 1.675041e+12 1.902392e+30
702 1.010000e+36 1.691812e+12 1.919664e+30
703 1.020000e+36 1.708583e+12 1.937015e+30
704 1.030000e+36 1.725354e+12 1.954415e+30
705 1.040000e+36 1.742125e+12 1.971895e+30
706 1.050000e+36 1.758896e+12 1.989455e+30
707 1.060000e+36 1.775668e+12 2.007079e+30
708 1.070000e+36 1.792440e+12 2.024783e+30
709 1.080000e+36 1.809212e+12 2.042567e+30
710 1.090000e+36 1.825984e+12 2.060399e+30
711 1.100000e+36 1.842756e+12 2.078311e+30
712 1.110000e+36 1.859529e+12 2.096304e+30
713 1.120000e+36 1.876302e+12 2.114360e+30
714 1.130000e+36 1.893074e+12 2.132433e+30
715 1.140000e+36 1.909848e+12 2.150714e+30
716 1.150000e+36 1.926621e+12 2.168962e+30
717 1.160000e+36 1.943394e+12 2.187275e+30
718 1.170000e+36 1.960168e+12 2.205684e+30
719 1.180000e+36 1.976941e+12 2.224125e+30
720 1.190000e+36 1.993715e+12 2.242711e+30
721 1.200000e+36 2.010489e+12 2.261312e+30
722 1.210000e+36 2.027264e+12 2.279977e+30
723 1.220000e+36 2.044038e+12 2.298723e+30
724 1.230000e+36 2.060813e+12 2.317532e+30
725 1.240000e+36 2.077587e+12 2.336294e+30
726 1.300000e+36 2.178239e+12 2.451074e+30
727 1.400000e+36 2.346006e+12 2.647404e+30
728 1.500000e+36 2.513787e+12 2.850016e+30
729 1.610000e+36 2.698364e+12 3.079752e+30
730 1.710000e+36 2.866177e+12 3.294972e+30
731 1.720000e+36 2.882959e+12 3.316762e+30
732 1.730000e+36 2.899741e+12 3.338631e+30
733 1.740000e+36 2.916523e+12 3.360565e+30
734 1.750000e+36 2.933305e+12 3.382579e+30
735 1.760000e+36 2.950088e+12 3.404625e+30
736 1.800000e+36 3.017220e+12 3.495565e+30
737 2.100000e+36 3.520774e+12 4.185654e+30
738 2.110000e+36 3.537561e+12 4.209446e+30
739 2.120000e+36 3.554348e+12 4.233431e+30
740 2.130000e+36 3.571136e+12 4.257399e+30
741 2.140000e+36 3.587923e+12 4.281400e+30
742 2.150000e+36 3.604711e+12 4.305465e+30
743 2.160000e+36 3.621498e+12 4.329513e+30
744 2.170000e+36 3.638286e+12 4.353706e+30
745 2.180000e+36 3.655074e+12 4.377931e+30
746 2.190000e+36 3.671862e+12 4.402188e+30
747 2.200000e+36 3.688650e+12 4.426413e+30
748 2.210000e+36 3.705439e+12 4.450814e+30
749 2.220000e+36 3.722227e+12 4.475167e+30
750 2.230000e+36 3.739016e+12 4.499665e+30
751 2.240000e+36 3.755805e+12 4.524146e+30
752 2.250000e+36 3.772593e+12 4.548691e+30
753 2.260000e+36 3.789382e+12 4.573285e+30
754 2.270000e+36 3.806171e+12 4.597878e+30
755 2.280000e+36 3.822961e+12 4.622568e+30
756 2.290000e+36 3.839750e+12 4.647305e+30
757 2.300000e+36 3.856539e+12 4.672059e+30
758 2.310000e+36 3.873329e+12 4.696877e+30
759 2.320000e+36 3.890118e+12 4.721742e+30
760 2.330000e+36 3.906908e+12 4.746640e+30
761 2.340000e+36 3.923698e+12 4.771602e+30
762 2.350000e+36 3.940488e+12 4.796596e+30
763 2.360000e+36 3.957278e+12 4.821638e+30
764 2.370000e+36 3.974068e+12 4.846728e+30
765 2.380000e+36 3.990859e+12 4.871866e+30
766 2.390000e+36 4.007649e+12 4.897036e+30
767 2.400000e+36 4.024440e+12 4.922271e+30
768 2.410000e+36 4.041231e+12 4.947537e+30
769 2.420000e+36 4.058021e+12 4.972851e+30
770 2.430000e+36 4.074812e+12 4.998198e+30
771 2.440000e+36 4.091603e+12 5.023608e+30
772 2.450000e+36 4.108394e+12 5.049051e+30
773 2.460000e+36 4.125186e+12 5.074542e+30
774 2.470000e+36 4.141977e+12 5.100080e+30
775 2.480000e+36 4.158769e+12 5.125651e+30
776 2.490000e+36 4.175560e+12 5.151270e+30
777 2.500000e+36 4.192352e+12 5.176937e+30
778 2.510000e+36 4.209144e+12 5.202652e+30
779 2.520000e+36 4.225936e+12 5.228399e+30
780 2.530000e+36 4.242728e+12 5.254194e+30
781 2.540000e+36 4.259520e+12 5.280037e+30
782 2.550000e+36 4.276312e+12 5.305912e+30
783 2.560000e+36 4.293105e+12 5.331835e+30
784 2.570000e+36 4.309897e+12 5.357790e+30
785 2.580000e+36 4.326690e+12 5.383794e+30
786 2.590000e+36 4.343482e+12 5.409877e+30
787 2.600000e+36 4.360275e+12 5.435944e+30
788 2.610000e+36 4.377068e+12 5.462076e+30
789 2.620000e+36 4.393861e+12 5.488256e+30
790 2.630000e+36 4.410654e+12 5.514483e+30
791 2.640000e+36 4.427448e+12 5.540727e+30
792 2.650000e+36 4.444241e+12 5.567035e+30
793 2.660000e+36 4.461034e+12 5.593342e+30
794 2.670000e+36 4.477828e+12 5.619794e+30
795 2.680000e+36 4.494622e+12 5.646150e+30
796 2.690000e+36 4.511416e+12 5.672666e+30
797 2.700000e+36 4.528209e+12 5.699182e+30
798 2.710000e+36 4.545004e+12 5.725810e+30
799 2.720000e+36 4.561798e+12 5.752342e+30
800 2.730000e+36 4.578592e+12 5.778954e+30
801 2.740000e+36 4.595386e+12 5.805631e+30
802 2.750000e+36 4.612181e+12 5.832339e+30
803 2.760000e+36 4.628975e+12 5.859111e+30
804 2.770000e+36 4.645770e+12 5.885916e+30
805 2.780000e+36 4.662565e+12 5.912640e+30
806 2.790000e+36 4.679360e+12 5.939589e+30
807 2.800000e+36 4.696155e+12 5.966505e+30
808 2.810000e+36 4.712950e+12 5.993454e+30
809 2.820000e+36 4.729745e+12 6.020434e+30
810 2.830000e+36 4.746540e+12 6.047479e+30
811 2.840000e+36 4.763336e+12 6.074540e+30
812 2.850000e+36 4.780131e+12 6.101649e+30
813 2.860000e+36 4.796927e+12 6.128790e+30
814 2.870000e+36 4.813722e+12 6.156011e+30
815 2.880000e+36 4.830518e+12 6.183232e+30
816 2.890000e+36 4.847314e+12 6.210501e+30
817 2.900000e+36 4.864110e+12 6.237802e+30
818 2.910000e+36 4.880906e+12 6.265167e+30
819 2.920000e+36 4.897702e+12 6.292532e+30
820 2.930000e+36 4.914499e+12 6.319945e+30
821 2.940000e+36 4.931295e+12 6.347423e+30
822 2.950000e+36 4.948092e+12 6.374900e+30
823 2.960000e+36 4.964888e+12 6.402506e+30
824 2.970000e+36 4.981685e+12 6.430031e+30
825 2.980000e+36 4.998482e+12 6.457652e+30
826 2.990000e+36 5.015279e+12 6.485306e+30
827 3.000000e+36 5.032076e+12 6.512992e+30
828 3.010000e+36 5.048873e+12 6.540741e+30
829 3.020000e+36 5.065670e+12 6.568475e+30
830 3.030000e+36 5.082468e+12 6.596273e+30
831 3.040000e+36 5.099265e+12 6.624119e+30
832 3.050000e+36 5.116063e+12 6.651996e+30
833 3.060000e+36 5.132860e+12 6.679890e+30
834 3.070000e+36 5.149658e+12 6.707848e+30
835 3.080000e+36 5.166456e+12 6.735790e+30
836 3.090000e+36 5.183254e+12 6.763860e+30
837 3.150000e+36 5.284044e+12 6.932778e+30
838 3.200000e+36 5.368038e+12 7.074522e+30
839 3.250000e+36 5.452034e+12 7.217180e+30
840 3.300000e+36 5.536033e+12 7.360671e+30
841 3.350000e+36 5.620035e+12 7.505059e+30
842 3.400000e+36 5.704039e+12 7.650297e+30
843 3.450000e+36 5.788045e+12 7.796399e+30
844 3.500000e+36 5.872053e+12 7.943303e+30
845 3.550000e+36 5.956064e+12 8.091103e+30
846 3.600000e+36 6.040077e+12 8.239625e+30
847 3.650000e+36 6.124092e+12 8.388948e+30
848 3.700000e+36 6.208110e+12 8.539200e+30
849 3.750000e+36 6.292129e+12 8.690077e+30
850 3.800000e+36 6.376151e+12 8.841819e+30
851 3.850000e+36 6.460176e+12 8.994250e+30
852 4.250000e+36 7.132446e+12 1.024050e+31
853 4.450000e+36 7.468630e+12 1.088036e+31
854 4.650000e+36 7.804847e+12 1.153067e+31
855 4.850000e+36 8.141094e+12 1.219109e+31
856 5.050000e+36 8.477372e+12 1.286089e+31
857 5.250000e+36 8.813678e+12 1.354009e+31
858 5.450000e+36 9.150014e+12 1.422790e+31
859 5.650000e+36 9.486377e+12 1.492389e+31
860 5.850000e+36 9.822767e+12 1.562830e+31
861 6.050000e+36 1.015918e+13 1.634028e+31
862 6.250000e+36 1.049563e+13 1.705949e+31
863 6.450000e+36 1.083209e+13 1.778592e+31
864 6.650000e+36 1.116859e+13 1.851908e+31
865 6.850000e+36 1.150510e+13 1.925880e+31
866 7.050000e+36 1.184165e+13 2.000494e+31
867 7.250000e+36 1.217821e+13 2.075684e+31
868 7.450000e+36 1.251480e+13 2.151483e+31
869 7.650000e+36 1.285141e+13 2.227826e+31
870 7.850000e+36 1.318804e+13 2.304699e+31
871 8.050000e+36 1.352469e+13 2.382100e+31
872 8.250000e+36 1.386136e+13 2.459982e+31
873 8.450000e+36 1.419806e+13 2.538360e+31
874 8.650000e+36 1.453477e+13 2.617187e+31
875 8.850000e+36 1.487151e+13 2.696479e+31
876 9.050000e+36 1.520826e+13 2.776171e+31
877 9.250000e+36 1.554504e+13 2.856280e+31
878 9.450000e+36 1.588183e+13 2.936773e+31
879 9.650000e+36 1.621864e+13 3.017667e+31
880 9.850000e+36 1.655547e+13 3.098914e+31
881 1.005000e+37 1.689232e+13 3.180513e+31
882 1.025000e+37 1.722919e+13 3.262448e+31
883 1.045000e+37 1.756607e+13 3.344720e+31
884 1.065000e+37 1.790297e+13 3.427296e+31
885 1.085000e+37 1.823989e+13 3.510192e+31
886 1.105000e+37 1.857683e+13 3.593361e+31
887 1.125000e+37 1.891378e+13 3.676819e+31
888 1.145000e+37 1.925075e+13 3.760613e+31
889 1.165000e+37 1.958773e+13 3.844599e+31
890 1.185000e+37 1.992473e+13 3.928841e+31
891 1.205000e+37 2.026174e+13 4.013324e+31
892 1.225000e+37 2.059877e+13 4.098047e+31
893 1.245000e+37 2.093582e+13 4.182994e+31
894 1.265000e+37 2.127288e+13 4.268166e+31
895 1.285000e+37 2.160996e+13 4.353546e+31
896 1.305000e+37 2.194705e+13 4.439118e+31
897 1.325000e+37 2.228415e+13 4.524899e+31
898 1.345000e+37 2.262127e+13 4.610856e+31
899 1.365000e+37 2.295840e+13 4.697005e+31
900 1.385000e+37 2.329555e+13 4.783314e+31
901 1.405000e+37 2.363271e+13 4.869783e+31
902 1.425000e+37 2.396988e+13 4.956413e+31
903 1.445000e+37 2.430707e+13 5.043219e+31
904 1.465000e+37 2.464427e+13 5.130137e+31
905 1.485000e+37 2.498148e+13 5.217247e+31
906 1.505000e+37 2.531871e+13 5.304470e+31
907 1.525000e+37 2.565594e+13 5.391837e+31
908 1.545000e+37 2.599319e+13 5.479315e+31
909 1.565000e+37 2.633046e+13 5.566938e+31
910 1.585000e+37 2.666773e+13 5.654545e+31
911 1.605000e+37 2.700502e+13 5.742409e+31
912 1.625000e+37 2.734232e+13 5.830496e+31
913 1.645000e+37 2.767963e+13 5.918536e+31
914 1.665000e+37 2.801696e+13 6.006672e+31
915 1.685000e+37 2.835429e+13 6.094984e+31
916 1.705000e+37 2.869164e+13 6.183312e+31
917 1.725000e+37 2.902899e+13 6.271768e+31
918 1.745000e+37 2.936636e+13 6.360256e+31
919 1.765000e+37 2.970374e+13 6.448905e+31
920 1.785000e+37 3.004113e+13 6.537617e+31
921 1.805000e+37 3.037853e+13 6.626410e+31
922 1.825000e+37 3.071595e+13 6.715250e+31
923 1.845000e+37 3.105337e+13 6.804187e+31
924 1.865000e+37 3.139080e+13 6.897979e+31
925 1.885000e+37 3.172825e+13 6.982429e+31
926 1.905000e+37 3.206570e+13 7.071558e+31
927 1.925000e+37 3.240317e+13 7.160639e+31
928 1.945000e+37 3.274064e+13 7.249640e+31
929 1.965000e+37 3.307812e+13 7.339202e+31
930 1.985000e+37 3.341562e+13 7.428603e+31
931 2.005000e+37 3.375312e+13 7.517973e+31
932 2.025000e+37 3.409064e+13 7.607486e+31
933 2.045000e+37 3.442816e+13 7.697032e+31
934 2.065000e+37 3.476569e+13 7.786578e+31
935 2.085000e+37 3.510324e+13 7.876203e+31
936 2.105000e+37 3.544079e+13 7.965941e+31
937 2.125000e+37 3.577835e+13 8.055615e+31
938 2.145000e+37 3.611592e+13 8.145401e+31
939 2.165000e+37 3.645350e+13 8.235219e+31
940 2.185000e+37 3.679109e+13 8.325133e+31
941 2.205000e+37 3.712869e+13 8.415031e+31
942 2.225000e+37 3.746629e+13 8.505058e+31
943 2.245000e+37 3.780391e+13 8.595020e+31
944 2.265000e+37 3.814153e+13 8.685255e+31
945 2.285000e+37 3.847917e+13 8.775297e+31
946 2.305000e+37 3.881681e+13 8.865371e+31
947 2.325000e+37 3.915446e+13 8.955494e+31
948 2.345000e+37 3.949212e+13 9.045648e+31
949 2.365000e+37 3.982978e+13 9.135835e+31
950 2.385000e+37 4.016746e+13 9.226037e+31
951 2.405000e+37 4.050514e+13 9.316272e+31
952 2.500000e+37 4.210925e+13 9.745783e+31
953 2.600000e+37 4.379797e+13 1.019869e+32
954 2.700000e+37 4.548689e+13 1.065234e+32
955 2.800000e+37 4.717599e+13 1.110728e+32
956 2.900000e+37 4.886526e+13 1.156340e+32
957 3.000000e+37 5.055471e+13 1.202075e+32
958 3.100000e+37 5.224432e+13 1.247948e+32
959 3.200000e+37 5.393409e+13 1.293951e+32
960 3.300000e+37 5.562402e+13 1.340171e+32
961 3.400000e+37 5.731411e+13 1.386570e+32
962 3.500000e+37 5.900434e+13 1.433251e+32
963 3.600000e+37 6.069471e+13 1.480145e+32
964 3.700000e+37 6.238523e+13 1.527332e+32
965 3.800000e+37 6.407589e+13 1.574842e+32
966 3.900000e+37 6.576668e+13 1.622700e+32
967 4.000000e+37 6.745760e+13 1.670942e+32
968 4.100000e+37 6.914866e+13 1.719648e+32
969 4.200000e+37 7.083985e+13 1.768819e+32
970 4.300000e+37 7.253116e+13 1.818454e+32
971 4.400000e+37 7.422260e+13 1.868715e+32
972 4.500000e+37 7.591416e+13 1.919552e+32
973 4.600000e+37 7.760585e+13 1.971046e+32
974 4.700000e+37 7.929766e+13 2.023228e+32
975 4.800000e+37 8.098959e+13 2.076164e+32
976 4.900000e+37 8.268163e+13 2.129901e+32
977 5.000000e+37 8.437380e+13 2.184504e+32
978 5.100000e+37 8.606609e+13 2.240019e+32
979 5.200000e+37 8.775849e+13 2.296512e+32
980 5.300000e+37 8.945102e+13 2.354030e+32
981 5.400000e+37 9.114366e+13 2.412653e+32
982 5.500000e+37 9.283642e+13 2.472399e+32
983 5.600000e+37 9.452929e+13 2.533297e+32
984 5.700000e+37 9.622229e+13 2.595542e+32
985 5.800000e+37 9.791540e+13 2.659100e+32
986 5.900000e+37 9.960863e+13 2.724101e+32
987 6.000000e+37 1.013020e+14 2.790495e+32
988 6.100000e+37 1.029955e+14 2.858427e+32
989 6.200000e+37 1.046890e+14 2.927721e+32
990 6.300000e+37 1.063827e+14 2.998906e+32
991 6.400000e+37 1.080766e+14 3.071661e+32
992 6.500000e+37 1.097705e+14 3.145970e+32
993 6.600000e+37 1.114639e+14 3.269562e+32
994 6.700000e+37 1.131581e+14 3.331726e+32
995 6.800000e+37 1.148525e+14 3.379471e+32
996 6.900000e+37 1.165470e+14 3.455094e+32
997 7.000000e+37 1.182416e+14 3.536164e+32
998 7.100000e+37 1.199363e+14 3.609383e+32
999 7.200000e+37 1.216312e+14 3.693658e+32
1000 7.300000e+37 1.233261e+14 3.770402e+32
1001 7.400000e+37 1.250211e+14 3.845224e+32
1002 7.500000e+37 1.267162e+14 3.911714e+32
1003 7.600000e+37 1.284114e+14 3.947923e+32
1004 7.700000e+37 1.301067e+14 3.987817e+32
1005 7.800000e+37 1.318021e+14 4.050302e+32
1006 7.900000e+37 1.334976e+14 4.110224e+32
1007 8.000000e+37 1.351933e+14 4.244646e+32
1008 8.085310e+37 1.366411e+14 4.295622e+32
1009 8.185310e+37 1.383371e+14 4.435386e+32
1010 8.285310e+37 1.400333e+14 4.579914e+32
1011 8.385310e+37 1.417297e+14 4.729315e+32
1012 8.485310e+37 1.434262e+14 4.883698e+32
1013 8.585310e+37 1.451230e+14 5.043176e+32
1014 8.685310e+37 1.468200e+14 5.207858e+32
1015 8.776930e+37 1.483750e+14 5.363402e+32
1016 8.876930e+37 1.500725e+14 5.538366e+32
1017 8.976930e+37 1.517701e+14 5.718858e+32
1018 9.076930e+37 1.534680e+14 5.904988e+32
1019 9.176930e+37 1.551661e+14 6.096869e+32
1020 9.276930e+37 1.568644e+14 6.294612e+32
1021 9.376930e+37 1.585630e+14 6.498329e+32
1022 9.476930e+37 1.602618e+14 6.708131e+32
1023 9.576930e+37 1.619609e+14 6.924131e+32
1024 9.676930e+37 1.636602e+14 7.146440e+32
1025 9.776930e+37 1.653598e+14 7.375171e+32
1026 9.876930e+37 1.670597e+14 7.610436e+32
1027 9.976930e+37 1.687598e+14 7.852348e+32
1028 1.007693e+38 1.704602e+14 8.101019e+32
1029 1.017693e+38 1.721608e+14 8.356561e+32
1030 1.027693e+38 1.738618e+14 8.619088e+32
1031 1.037693e+38 1.755630e+14 8.888712e+32
1032 1.047693e+38 1.772646e+14 9.165547e+32
1033 1.057693e+38 1.789664e+14 9.449704e+32
1034 1.067693e+38 1.806686e+14 9.741298e+32
1035 1.077693e+38 1.823710e+14 1.004044e+33
1036 1.087693e+38 1.840738e+14 1.034725e+33
1037 1.097693e+38 1.857768e+14 1.066183e+33
1038 1.107693e+38 1.874802e+14 1.098430e+33
1039 1.117693e+38 1.891840e+14 1.131477e+33
1040 1.127693e+38 1.908880e+14 1.165336e+33
1041 1.137693e+38 1.925924e+14 1.200018e+33
1042 1.147693e+38 1.942972e+14 1.235535e+33
1043 1.157693e+38 1.960023e+14 1.271897e+33
1044 1.167693e+38 1.977077e+14 1.309116e+33
1045 1.177693e+38 1.994135e+14 1.347203e+33
1046 1.187693e+38 2.011197e+14 1.386171e+33
1047 1.197693e+38 2.028262e+14 1.426029e+33
1048 1.207693e+38 2.045331e+14 1.466790e+33
1049 1.217693e+38 2.062404e+14 1.508465e+33
1050 1.227693e+38 2.079481e+14 1.551065e+33
1051 1.237693e+38 2.096561e+14 1.594602e+33
1052 1.247693e+38 2.113646e+14 1.639087e+33
1053 1.257693e+38 2.130735e+14 1.684532e+33
1054 1.260730e+38 2.135925e+14 1.698523e+33
1055 1.360730e+38 2.307053e+14 2.203159e+33
1056 1.460730e+38 2.478635e+14 2.810166e+33
1057 1.560730e+38 2.650722e+14 3.533008e+33
1058 1.660730e+38 2.823368e+14 4.383418e+33
1059 1.760730e+38 2.996630e+14 5.372619e+33
1060 1.860730e+38 3.170562e+14 6.511520e+33
1061 1.960730e+38 3.345223e+14 7.810761e+33
1062 2.060730e+38 3.520668e+14 9.280733e+33
1063 2.160730e+38 3.696955e+14 1.093157e+34
1064 2.260730e+38 3.874140e+14 1.277314e+34
1065 2.360730e+38 4.052280e+14 1.481502e+34
1066 2.460730e+38 4.231431e+14 1.706649e+34
1067 2.560730e+38 4.411649e+14 1.953653e+34
1068 2.660730e+38 4.592989e+14 2.223375e+34
1069 2.760730e+38 4.775505e+14 2.516644e+34
1070 2.860730e+38 4.959252e+14 2.834250e+34
1071 2.960730e+38 5.144282e+14 3.176945e+34
1072 3.060730e+38 5.330649e+14 3.545444e+34
1073 3.160730e+38 5.518402e+14 3.940421e+34
1074 3.260730e+38 5.707593e+14 4.362507e+34
1075 3.360730e+38 5.898271e+14 4.812296e+34
1076 3.460730e+38 6.090485e+14 5.290340e+34
1077 3.560730e+38 6.284281e+14 5.797149e+34
1078 3.660730e+38 6.479707e+14 6.333196e+34
1079 3.760730e+38 6.676806e+14 6.898913e+34
1080 3.860730e+38 6.875624e+14 7.494698e+34
1081 3.960730e+38 7.076202e+14 8.120912e+34
1082 4.060730e+38 7.278582e+14 8.777882e+34
1083 4.160730e+38 7.482805e+14 9.465906e+34
1084 4.260730e+38 7.688909e+14 1.018525e+35
1085 4.360730e+38 7.896933e+14 1.093617e+35
1086 4.460730e+38 8.106913e+14 1.171886e+35
1087 4.560730e+38 8.318885e+14 1.253355e+35
1088 4.660730e+38 8.532884e+14 1.338041e+35
1089 4.760730e+38 8.748943e+14 1.425962e+35
1090 4.860730e+38 8.967094e+14 1.517133e+35
1091 4.960730e+38 9.187370e+14 1.611571e+35
1092 5.060730e+38 9.409801e+14 1.709289e+35
1093 5.160730e+38 9.634416e+14 1.810304e+35
1094 5.260730e+38 9.861244e+14 1.914630e+35
1095 5.360730e+38 1.009031e+15 2.022283e+35
1096 5.460730e+38 1.032165e+15 2.133279e+35
1097 5.560730e+38 1.055529e+15 2.247635e+35
1098 5.660730e+38 1.079125e+15 2.365369e+35
1099 5.760730e+38 1.102955e+15 2.486501e+35
1100 5.860730e+38 1.127023e+15 2.611050e+35
1101 5.960730e+38 1.151330e+15 2.739038e+35
1102 6.060730e+38 1.175879e+15 2.870490e+35
1103 6.160730e+38 1.200673e+15 3.005430e+35
1104 6.260730e+38 1.225714e+15 3.143884e+35
1105 6.360730e+38 1.251004e+15 3.285880e+35
1106 6.460730e+38 1.276546e+15 3.431450e+35
1107 6.560730e+38 1.302341e+15 3.580622e+35
1108 6.660730e+38 1.328393e+15 3.733431e+35
1109 6.760730e+38 1.354703e+15 3.889911e+35
1110 6.860730e+38 1.381273e+15 4.050097e+35
1111 6.960730e+38 1.408106e+15 4.214027e+35
1112 7.060730e+38 1.435204e+15 4.381739e+35
1113 7.160730e+38 1.462570e+15 4.553273e+35
1114 7.260730e+38 1.490205e+15 4.728669e+35
1115 7.360730e+38 1.518111e+15 4.907970e+35
1116 7.460730e+38 1.546292e+15 5.091219e+35
1117 7.560730e+38 1.574749e+15 5.278459e+35
1118 7.660730e+38 1.603485e+15 5.469734e+35
1119 7.760730e+38 1.632501e+15 5.665091e+35
1120 7.860730e+38 1.661800e+15 5.864575e+35
1121 7.960730e+38 1.691385e+15 6.068233e+35
1122 8.060730e+38 1.721257e+15 6.276113e+35
1123 8.160730e+38 1.751419e+15 6.488260e+35
1124 8.260730e+38 1.781873e+15 6.704724e+35
1125 8.360730e+38 1.812622e+15 6.925553e+35
1126 8.460730e+38 1.843668e+15 7.150795e+35
1127 8.560730e+38 1.875012e+15 7.380499e+35
1128 8.660730e+38 1.906658e+15 7.614713e+35
1129 8.760730e+38 1.938608e+15 7.853487e+35
1130 8.860730e+38 1.970864e+15 8.096870e+35
1131 8.960730e+38 2.003429e+15 8.344910e+35
1132 9.060730e+38 2.036305e+15 8.597657e+35
1133 9.160730e+38 2.069494e+15 8.855158e+35
1134 9.260730e+38 2.102998e+15 9.117465e+35
1135 9.360730e+38 2.136821e+15 9.384624e+35
1136 9.460730e+38 2.170964e+15 9.656684e+35
1137 9.560730e+38 2.205430e+15 9.933694e+35
1138 9.660730e+38 2.240221e+15 1.021570e+36
1139 9.760730e+38 2.275340e+15 1.050276e+36
1140 9.860730e+38 2.310789e+15 1.079490e+36
1141 9.960730e+38 2.346570e+15 1.109219e+36
1142 1.006073e+39 2.382687e+15 1.139467e+36
1143 1.016073e+39 2.419140e+15 1.170239e+36
1144 1.026073e+39 2.455934e+15 1.201538e+36
1145 1.036073e+39 2.493070e+15 1.233371e+36
1146 1.046073e+39 2.530551e+15 1.265741e+36
1147 1.056073e+39 2.568379e+15 1.298653e+36
1148 1.066073e+39 2.606557e+15 1.332112e+36
1149 1.076073e+39 2.645086e+15 1.366123e+36
1150 1.086073e+39 2.683970e+15 1.400689e+36
1151 1.096073e+39 2.723212e+15 1.435815e+36
1152 1.106073e+39 2.762812e+15 1.471507e+36
1153 1.116073e+39 2.802775e+15 1.507767e+36
1154 1.126073e+39 2.843101e+15 1.544602e+36
1155 1.136073e+39 2.883795e+15 1.582014e+36
1156 1.146073e+39 2.924858e+15 1.620009e+36
1157 1.156073e+39 2.966293e+15 1.658590e+36
1158 1.166073e+39 3.008101e+15 1.697763e+36
1159 1.176073e+39 3.050287e+15 1.737531e+36
1160 1.186073e+39 3.092851e+15 1.777898e+36
1161 1.196073e+39 3.135797e+15 1.818870e+36
1162 1.206073e+39 3.179127e+15 1.860449e+36
1163 1.216073e+39 3.222843e+15 1.902641e+36
1164 1.226073e+39 3.266949e+15 1.945449e+36
1165 1.236073e+39 3.311445e+15 1.988878e+36
1166 1.246073e+39 3.356335e+15 2.032932e+36
1167 1.256073e+39 3.401622e+15 2.077614e+36
1168 1.266073e+39 3.447306e+15 2.122929e+36
1169 1.276073e+39 3.493392e+15 2.168881e+36
1170 1.286073e+39 3.539882e+15 2.215475e+36
1171 1.296073e+39 3.586777e+15 2.262713e+36
1172 1.306073e+39 3.634081e+15 2.310600e+36
1173 1.316073e+39 3.681795e+15 2.359140e+36
1174 1.326073e+39 3.729923e+15 2.408337e+36
1175 1.336073e+39 3.778466e+15 2.458194e+36
1176 1.346073e+39 3.827427e+15 2.508717e+36
1177 1.356073e+39 3.876808e+15 2.559908e+36
1178 1.366073e+39 3.926612e+15 2.611772e+36
1179 1.376073e+39 3.976842e+15 2.664312e+36
1180 1.386073e+39 4.027499e+15 2.717532e+36
1181 1.396073e+39 4.078586e+15 2.771437e+36
1182 1.406073e+39 4.130105e+15 2.826029e+36
1183 1.416073e+39 4.182059e+15 2.881313e+36
1184 1.426073e+39 4.234450e+15 2.937292e+36
1185 1.436073e+39 4.287280e+15 2.993971e+36
1186 1.446073e+39 4.340553e+15 3.051352e+36
1187 1.456073e+39 4.394269e+15 3.109440e+36
1188 1.466073e+39 4.448433e+15 3.168239e+36
1189 1.476073e+39 4.503045e+15 3.227751e+36
1190 1.486073e+39 4.558108e+15 3.287982e+36
1191 1.496073e+39 4.613625e+15 3.348934e+36
1192 1.506073e+39 4.669598e+15 3.410611e+36
1193 1.516073e+39 4.726030e+15 3.473016e+36
1194 1.526073e+39 4.782922e+15 3.536155e+36
1195 1.536073e+39 4.840277e+15 3.600029e+36
1196 1.546073e+39 4.898098e+15 3.664643e+36
1197 1.556073e+39 4.956386e+15 3.730000e+36
1198 1.566073e+39 5.015144e+15 3.796103e+36
1199 1.576073e+39 5.074374e+15 3.862957e+36
1200 1.586073e+39 5.134080e+15 3.930565e+36
1201 1.596073e+39 5.194262e+15 3.998931e+36
1202 1.606073e+39 5.254923e+15 4.068057e+36
1203 1.616073e+39 5.316066e+15 4.137948e+36
1204 1.626073e+39 5.377692e+15 4.208608e+36
1205 1.636073e+39 5.439805e+15 4.280038e+36
1206 1.646073e+39 5.502406e+15 4.352244e+36
1207 1.656073e+39 5.565498e+15 4.425228e+36
1208 1.666073e+39 5.629083e+15 4.498994e+36
1209 1.676073e+39 5.693163e+15 4.573545e+36
1210 1.686073e+39 5.757740e+15 4.648886e+36
1211 1.696073e+39 5.822818e+15 4.725018e+36
1212 1.706073e+39 5.888397e+15 4.801947e+36
1213 1.716073e+39 5.954481e+15 4.879674e+36
1214 1.726073e+39 6.021071e+15 4.958204e+36
1215 1.736073e+39 6.088170e+15 5.037540e+36
1216 1.746073e+39 6.155781e+15 5.117686e+36
1217 1.756073e+39 6.223904e+15 5.198644e+36
1218 1.766073e+39 6.292543e+15 5.280418e+36
1219 1.776073e+39 6.361700e+15 5.363011e+36
1220 1.786073e+39 6.431376e+15 5.446428e+36
1221 1.796073e+39 6.501575e+15 5.530670e+36
1222 1.806073e+39 6.572299e+15 5.615742e+36
1223 1.816073e+39 6.643549e+15 5.701647e+36
1224 1.826073e+39 6.715328e+15 5.788388e+36
1225 1.836073e+39 6.787638e+15 5.875968e+36
1226 1.846073e+39 6.860481e+15 5.964391e+36
1227 1.856073e+39 6.933860e+15 6.053660e+36
1228 1.866073e+39 7.007776e+15 6.143778e+36
1229 1.876073e+39 7.082233e+15 6.234749e+36
1230 1.886073e+39 7.157231e+15 6.326576e+36
1231 1.896073e+39 7.232774e+15 6.419262e+36
1232 1.906073e+39 7.308863e+15 6.512810e+36
1233 1.916073e+39 7.385500e+15 6.607223e+36
1234 1.926073e+39 7.462689e+15 6.702506e+36
1235 1.936073e+39 7.540430e+15 6.798660e+36
1236 1.946073e+39 7.618727e+15 6.895690e+36
1237 1.956073e+39 7.697580e+15 6.993598e+36
1238 1.966073e+39 7.776993e+15 7.092388e+36
1239 1.976073e+39 7.856968e+15 7.192063e+36
1240 1.986073e+39 7.937507e+15 7.292626e+36
1241 1.996073e+39 8.018611e+15 7.394080e+36
1242 2.006073e+39 8.100283e+15 7.496428e+36
1243 2.016073e+39 8.182526e+15 7.599674e+36
1244 2.026073e+39 8.265341e+15 7.703821e+36
1245 2.036073e+39 8.348730e+15 7.808872e+36
1246 2.046073e+39 8.432695e+15 7.914829e+36
1247 2.056073e+39 8.517240e+15 8.021697e+36
1248 2.066073e+39 8.602365e+15 8.129479e+36
1249 2.076073e+39 8.688073e+15 8.238176e+36
1250 2.086073e+39 8.774366e+15 8.347793e+36
1251 2.096073e+39 8.861247e+15 8.458333e+36
1252 2.106073e+39 8.948716e+15 8.569799e+36
1253 2.116073e+39 9.036777e+15 8.682193e+36
1254 2.126073e+39 9.125431e+15 8.795520e+36
1255 2.136073e+39 9.214681e+15 8.909781e+36
1256 2.146073e+39 9.304528e+15 9.024981e+36
1257 2.156073e+39 9.394975e+15 9.141122e+36
1258 2.166073e+39 9.486024e+15 9.258207e+36
1259 2.176073e+39 9.577677e+15 9.376240e+36
1260 2.186073e+39 9.669935e+15 9.495223e+36
1261 2.196073e+39 9.762802e+15 9.615159e+36
1262 2.206073e+39 9.856279e+15 9.736052e+36
1263 2.216073e+39 9.950368e+15 9.857904e+36
1264 2.226073e+39 1.004507e+16 9.980719e+36
1265 2.236073e+39 1.014039e+16 1.010450e+37
1266 2.246073e+39 1.023633e+16 1.022925e+37
1267 2.256073e+39 1.033289e+16 1.035497e+37
1268 2.266073e+39 1.043007e+16 1.048166e+37
1269 2.276073e+39 1.052787e+16 1.060934e+37
1270 2.286073e+39 1.062630e+16 1.073799e+37
1271 2.296073e+39 1.072536e+16 1.086763e+37
1272 2.306073e+39 1.082505e+16 1.099825e+37
1273 2.316073e+39 1.092538e+16 1.112987e+37
1274 2.326073e+39 1.102633e+16 1.126247e+37
1275 2.336073e+39 1.112793e+16 1.139607e+37
1276 2.346073e+39 1.123016e+16 1.153067e+37
1277 2.356073e+39 1.133304e+16 1.166627e+37
1278 2.366073e+39 1.143655e+16 1.180288e+37
1279 2.376073e+39 1.154072e+16 1.194049e+37
1280 2.386073e+39 1.164552e+16 1.207911e+37
1281 2.396073e+39 1.175098e+16 1.221875e+37
1282 2.406073e+39 1.185709e+16 1.235940e+37
1283 2.416073e+39 1.196385e+16 1.250107e+37
1284 2.426073e+39 1.207126e+16 1.264377e+37
1285 2.436073e+39 1.217934e+16 1.278749e+37
1286 2.446073e+39 1.228807e+16 1.293223e+37
1287 2.456073e+39 1.239746e+16 1.307801e+37
1288 2.466073e+39 1.250751e+16 1.322482e+37
1289 2.476073e+39 1.261823e+16 1.337266e+37
1290 2.486073e+39 1.272962e+16 1.352155e+37
1291 2.496073e+39 1.284167e+16 1.367148e+37
1292 2.506073e+39 1.295440e+16 1.382245e+37
1293 2.516073e+39 1.306780e+16 1.397447e+37
1294 2.526073e+39 1.318187e+16 1.412754e+37
1295 2.536073e+39 1.329662e+16 1.428167e+37
1296 2.546073e+39 1.341205e+16 1.443685e+37
1297 2.556073e+39 1.352815e+16 1.459309e+37
1298 2.566073e+39 1.364494e+16 1.475040e+37
1299 2.576073e+39 1.376242e+16 1.490876e+37
1300 2.586073e+39 1.388058e+16 1.506820e+37
1301 2.596073e+39 1.399943e+16 1.522871e+37
1302 2.606073e+39 1.411897e+16 1.539029e+37
1303 2.616073e+39 1.423920e+16 1.555294e+37
1304 2.626073e+39 1.436013e+16 1.571668e+37
1305 2.636073e+39 1.448175e+16 1.588150e+37
1306 2.646073e+39 1.460407e+16 1.604740e+37
1307 2.656073e+39 1.472709e+16 1.621439e+37
1308 2.666073e+39 1.485081e+16 1.638247e+37
1309 2.676073e+39 1.497523e+16 1.655165e+37
1310 2.686073e+39 1.510036e+16 1.672192e+37
1311 2.696073e+39 1.522620e+16 1.689329e+37
1312 2.706073e+39 1.535275e+16 1.706576e+37
1313 2.716073e+39 1.548001e+16 1.723933e+37
1314 2.726073e+39 1.560798e+16 1.741401e+37
1315 2.736073e+39 1.573667e+16 1.758980e+37
1316 2.746073e+39 1.586608e+16 1.776671e+37
1317 2.756073e+39 1.599620e+16 1.794473e+37
1318 2.766073e+39 1.612704e+16 1.812386e+37
1319 2.776073e+39 1.625861e+16 1.830412e+37
1320 2.786073e+39 1.639090e+16 1.848550e+37
1321 2.796073e+39 1.652392e+16 1.866801e+37
1322 2.806073e+39 1.665767e+16 1.885165e+37
1323 2.816073e+39 1.679215e+16 1.903641e+37
1324 2.826073e+39 1.692736e+16 1.922232e+37
1325 2.836073e+39 1.706330e+16 1.940936e+37
1326 2.846073e+39 1.719998e+16 1.959754e+37
1327 2.856073e+39 1.733740e+16 1.978686e+37
1328 2.866073e+39 1.747556e+16 1.997733e+37
1329 2.876073e+39 1.761446e+16 2.016894e+37
1330 2.886073e+39 1.775410e+16 2.036171e+37
1331 2.896073e+39 1.789449e+16 2.055563e+37
1332 2.906073e+39 1.803563e+16 2.075070e+37
1333 2.916073e+39 1.817751e+16 2.094694e+37
1334 2.926073e+39 1.832015e+16 2.114433e+37
1335 2.936073e+39 1.846354e+16 2.134289e+37
1336 2.946073e+39 1.860768e+16 2.154262e+37
1337 2.956073e+39 1.875258e+16 2.174351e+37
1338 2.966073e+39 1.889824e+16 2.194558e+37
1339 2.976073e+39 1.904466e+16 2.214882e+37
1340 2.986073e+39 1.919184e+16 2.235324e+37
1341 2.996073e+39 1.933978e+16 2.255884e+37
