#
#
#
1975 <-- Number of lines
#
#
#
1 8.085031e+29 1.346045e+06 3.494239e+22
2 8.180753e+29 1.361964e+06 3.645547e+22
3 8.277608e+29 1.378071e+06 3.798091e+22
4 8.375610e+29 1.394369e+06 3.950415e+22
5 8.474772e+29 1.410860e+06 4.100958e+22
6 8.575109e+29 1.427545e+06 4.248052e+22
7 8.676633e+29 1.444428e+06 4.390374e+22
8 8.779359e+29 1.461511e+06 4.528771e+22
9 8.883302e+29 1.478795e+06 4.664849e+22
10 8.988475e+29 1.496284e+06 4.800334e+22
11 9.094893e+29 1.513979e+06 4.937084e+22
12 9.202571e+29 1.531884e+06 5.076640e+22
13 9.311524e+29 1.550001e+06 5.218400e+22
14 9.421767e+29 1.568332e+06 5.361006e+22
15 9.533315e+29 1.586880e+06 5.503003e+22
16 9.646184e+29 1.605648e+06 5.642829e+22
17 9.760389e+29 1.624637e+06 5.779143e+22
18 9.875946e+29 1.643851e+06 5.912212e+22
19 9.992872e+29 1.663292e+06 6.042880e+22
20 1.011118e+30 1.682963e+06 6.172057e+22
21 1.023089e+30 1.702867e+06 6.300722e+22
22 1.035202e+30 1.723006e+06 6.429823e+22
23 1.047458e+30 1.743384e+06 6.559796e+22
24 1.059859e+30 1.764003e+06 6.690918e+22
25 1.072408e+30 1.784865e+06 6.823485e+22
26 1.085104e+30 1.805975e+06 6.957813e+22
27 1.097951e+30 1.827334e+06 7.094039e+22
28 1.110950e+30 1.848947e+06 7.231190e+22
29 1.124103e+30 1.870814e+06 7.367838e+22
30 1.137412e+30 1.892941e+06 7.502454e+22
31 1.150878e+30 1.915329e+06 7.633402e+22
32 1.164504e+30 1.937982e+06 7.759443e+22
33 1.178291e+30 1.960903e+06 7.882157e+22
34 1.192241e+30 1.984095e+06 8.004273e+22
35 1.206357e+30 2.007562e+06 8.128719e+22
36 1.220639e+30 2.031306e+06 8.258638e+22
37 1.235091e+30 2.055332e+06 8.396668e+22
38 1.249714e+30 2.079643e+06 8.541367e+22
39 1.264510e+30 2.104241e+06 8.689632e+22
40 1.279481e+30 2.129131e+06 8.838126e+22
41 1.294629e+30 2.154315e+06 8.983271e+22
42 1.309957e+30 2.179796e+06 9.121999e+22
43 1.325466e+30 2.205579e+06 9.255674e+22
44 1.341158e+30 2.231667e+06 9.387506e+22
45 1.357037e+30 2.258064e+06 9.520945e+22
46 1.373103e+30 2.284773e+06 9.659693e+22
47 1.389360e+30 2.311800e+06 9.807039e+22
48 1.405809e+30 2.339147e+06 9.962259e+22
49 1.422453e+30 2.366818e+06 1.012294e+23
50 1.439294e+30 2.394817e+06 1.028647e+23
51 1.456335e+30 2.423147e+06 1.045005e+23
52 1.473577e+30 2.451812e+06 1.061113e+23
53 1.491023e+30 2.480817e+06 1.076980e+23
54 1.508676e+30 2.510165e+06 1.092729e+23
55 1.526538e+30 2.539860e+06 1.108495e+23
56 1.544611e+30 2.569906e+06 1.124421e+23
57 1.562898e+30 2.600308e+06 1.140649e+23
58 1.581402e+30 2.631071e+06 1.157266e+23
59 1.600125e+30 2.662197e+06 1.174337e+23
60 1.619070e+30 2.693692e+06 1.191930e+23
61 1.638239e+30 2.725560e+06 1.210118e+23
62 1.657634e+30 2.757805e+06 1.228947e+23
63 1.677260e+30 2.790433e+06 1.248254e+23
64 1.697117e+30 2.823447e+06 1.267770e+23
65 1.717210e+30 2.856851e+06 1.287210e+23
66 1.737541e+30 2.890651e+06 1.306266e+23
67 1.758113e+30 2.924850e+06 1.324679e+23
68 1.778928e+30 2.959454e+06 1.342673e+23
69 1.799989e+30 2.994467e+06 1.360707e+23
70 1.821300e+30 3.029895e+06 1.379271e+23
71 1.842863e+30 3.065743e+06 1.398894e+23
72 1.864681e+30 3.102016e+06 1.420046e+23
73 1.886758e+30 3.138718e+06 1.442554e+23
74 1.909096e+30 3.175856e+06 1.465927e+23
75 1.931699e+30 3.213433e+06 1.489639e+23
76 1.954569e+30 3.251454e+06 1.513120e+23
77 1.977710e+30 3.289925e+06 1.535852e+23
78 2.001125e+30 3.328852e+06 1.557937e+23
79 2.024817e+30 3.368238e+06 1.579790e+23
80 2.048790e+30 3.408092e+06 1.601856e+23
81 2.073046e+30 3.448417e+06 1.624615e+23
82 2.097590e+30 3.489219e+06 1.648519e+23
83 2.122424e+30 3.530506e+06 1.673593e+23
84 2.147552e+30 3.572281e+06 1.699643e+23
85 2.172978e+30 3.614551e+06 1.726462e+23
86 2.198705e+30 3.657322e+06 1.753823e+23
87 2.224736e+30 3.700599e+06 1.781508e+23
88 2.251076e+30 3.744389e+06 1.809470e+23
89 2.277727e+30 3.788697e+06 1.837753e+23
90 2.304694e+30 3.833530e+06 1.866402e+23
91 2.331980e+30 3.878894e+06 1.895467e+23
92 2.359589e+30 3.924796e+06 1.925010e+23
93 2.387526e+30 3.971241e+06 1.955188e+23
94 2.415792e+30 4.018236e+06 1.986209e+23
95 2.444394e+30 4.065788e+06 2.018300e+23
96 2.473334e+30 4.113904e+06 2.051700e+23
97 2.502617e+30 4.162589e+06 2.086606e+23
98 2.532247e+30 4.211851e+06 2.122737e+23
99 2.562227e+30 4.261696e+06 2.159533e+23
100 2.592562e+30 4.312131e+06 2.196395e+23
101 2.623257e+30 4.363163e+06 2.232677e+23
102 2.654314e+30 4.414798e+06 2.267799e+23
103 2.685740e+30 4.467045e+06 2.302134e+23
104 2.717537e+30 4.519909e+06 2.336601e+23
105 2.749711e+30 4.573400e+06 2.372192e+23
106 2.782266e+30 4.627525e+06 2.409970e+23
107 2.815207e+30 4.682291e+06 2.450931e+23
108 2.848537e+30 4.737707e+06 2.494844e+23
109 2.882262e+30 4.793780e+06 2.540757e+23
110 2.916386e+30 4.850516e+06 2.587641e+23
111 2.950915e+30 4.907924e+06 2.634387e+23
112 2.985852e+30 4.966011e+06 2.679937e+23
113 3.021203e+30 5.024785e+06 2.724380e+23
114 3.056972e+30 5.084254e+06 2.768487e+23
115 3.093165e+30 5.144428e+06 2.813097e+23
116 3.129786e+30 5.205314e+06 2.859108e+23
117 3.166841e+30 5.266921e+06 2.907397e+23
118 3.204334e+30 5.329258e+06 2.958046e+23
119 3.242272e+30 5.392334e+06 3.010656e+23
120 3.280658e+30 5.456157e+06 3.064787e+23
121 3.319499e+30 5.520736e+06 3.119969e+23
122 3.358800e+30 5.586079e+06 3.175725e+23
123 3.398566e+30 5.652196e+06 3.231864e+23
124 3.438803e+30 5.719095e+06 3.288364e+23
125 3.479517e+30 5.786786e+06 3.345209e+23
126 3.520712e+30 5.855279e+06 3.402378e+23
127 3.562395e+30 5.924582e+06 3.459887e+23
128 3.604572e+30 5.994706e+06 3.518130e+23
129 3.647248e+30 6.065660e+06 3.577763e+23
130 3.690429e+30 6.137455e+06 3.639488e+23
131 3.734122e+30 6.210100e+06 3.704057e+23
132 3.778332e+30 6.283606e+06 3.772166e+23
133 3.823065e+30 6.357984e+06 3.843389e+23
134 3.868328e+30 6.433243e+06 3.916545e+23
135 3.914126e+30 6.509392e+06 3.990352e+23
136 3.960467e+30 6.586443e+06 4.063434e+23
137 4.007357e+30 6.664404e+06 4.134483e+23
138 4.054802e+30 6.743288e+06 4.203954e+23
139 4.102808e+30 6.823105e+06 4.273519e+23
140 4.151383e+30 6.903868e+06 4.344994e+23
141 4.200533e+30 6.985588e+06 4.420323e+23
142 4.250265e+30 7.068277e+06 4.501398e+23
143 4.300585e+30 7.151947e+06 4.588031e+23
144 4.351502e+30 7.236608e+06 4.678571e+23
145 4.403021e+30 7.322272e+06 4.771214e+23
146 4.455150e+30 7.408950e+06 4.864024e+23
147 4.507897e+30 7.496652e+06 4.955092e+23
148 4.561267e+30 7.585392e+06 5.044433e+23
149 4.615270e+30 7.675182e+06 5.133451e+23
150 4.669912e+30 7.766036e+06 5.223676e+23
151 4.725201e+30 7.857966e+06 5.316748e+23
152 4.781145e+30 7.950986e+06 5.414318e+23
153 4.837751e+30 8.045110e+06 5.516775e+23
154 4.895027e+30 8.140350e+06 5.623585e+23
155 4.952981e+30 8.236718e+06 5.734153e+23
156 5.011621e+30 8.334229e+06 5.847832e+23
157 5.070956e+30 8.432895e+06 5.963942e+23
158 5.130993e+30 8.532730e+06 6.081944e+23
159 5.191741e+30 8.633748e+06 6.201396e+23
160 5.253208e+30 8.735961e+06 6.321825e+23
161 5.315403e+30 8.839384e+06 6.442724e+23
162 5.378334e+30 8.944031e+06 6.563633e+23
163 5.442011e+30 9.049916e+06 6.685210e+23
164 5.506441e+30 9.157055e+06 6.808996e+23
165 5.571634e+30 9.265464e+06 6.936663e+23
166 5.637599e+30 9.375157e+06 7.069998e+23
167 5.704345e+30 9.486151e+06 7.210743e+23
168 5.771881e+30 9.598461e+06 7.358375e+23
169 5.840216e+30 9.712102e+06 7.510546e+23
170 5.909361e+30 9.827088e+06 7.664691e+23
171 5.979324e+30 9.943435e+06 7.818054e+23
172 6.050116e+30 1.006116e+07 7.967907e+23
173 6.121746e+30 1.018027e+07 8.114670e+23
174 6.194224e+30 1.030080e+07 8.261354e+23
175 6.267560e+30 1.042275e+07 8.411255e+23
176 6.341764e+30 1.054614e+07 8.567908e+23
177 6.416847e+30 1.067100e+07 8.734863e+23
178 6.492818e+30 1.079735e+07 8.912346e+23
179 6.569689e+30 1.092519e+07 9.097780e+23
180 6.647471e+30 1.105454e+07 9.288316e+23
181 6.726173e+30 1.118543e+07 9.480889e+23
182 6.805807e+30 1.131786e+07 9.672369e+23
183 6.886384e+30 1.145186e+07 9.861958e+23
184 6.967914e+30 1.158745e+07 1.005087e+24
185 7.050410e+30 1.172464e+07 1.024045e+24
186 7.133883e+30 1.186345e+07 1.043217e+24
187 7.218344e+30 1.200392e+07 1.062752e+24
188 7.303805e+30 1.214604e+07 1.082709e+24
189 7.390278e+30 1.228985e+07 1.103061e+24
190 7.477774e+30 1.243536e+07 1.123779e+24
191 7.566307e+30 1.258260e+07 1.144831e+24
192 7.655887e+30 1.273158e+07 1.166181e+24
193 7.746528e+30 1.288233e+07 1.187779e+24
194 7.838243e+30 1.303486e+07 1.209564e+24
195 7.931043e+30 1.318919e+07 1.231468e+24
196 8.024942e+30 1.334536e+07 1.253417e+24
197 8.119952e+30 1.350337e+07 1.275345e+24
198 8.216088e+30 1.366325e+07 1.297357e+24
199 8.313361e+30 1.382502e+07 1.319722e+24
200 8.411787e+30 1.398870e+07 1.342733e+24
201 8.511377e+30 1.415432e+07 1.366703e+24
202 8.612147e+30 1.432190e+07 1.391948e+24
203 8.714110e+30 1.449147e+07 1.418418e+24
204 8.817280e+30 1.466304e+07 1.445712e+24
205 8.921671e+30 1.483663e+07 1.473388e+24
206 9.027298e+30 1.501229e+07 1.500969e+24
207 9.134176e+30 1.519002e+07 1.527975e+24
208 9.242319e+30 1.536985e+07 1.554459e+24
209 9.351743e+30 1.555181e+07 1.581003e+24
210 9.462462e+30 1.573593e+07 1.608251e+24
211 9.574492e+30 1.592223e+07 1.636892e+24
212 9.687849e+30 1.611074e+07 1.667633e+24
213 9.802547e+30 1.630148e+07 1.700587e+24
214 9.918603e+30 1.649449e+07 1.735262e+24
215 1.003603e+31 1.668978e+07 1.771104e+24
216 1.015485e+31 1.688739e+07 1.807518e+24
217 1.027508e+31 1.708733e+07 1.843886e+24
218 1.039673e+31 1.728964e+07 1.880016e+24
219 1.051982e+31 1.749434e+07 1.916157e+24
220 1.064437e+31 1.770146e+07 1.952595e+24
221 1.077040e+31 1.791104e+07 1.989637e+24
222 1.089791e+31 1.812310e+07 2.027604e+24
223 1.102694e+31 1.833768e+07 2.066656e+24
224 1.115749e+31 1.855480e+07 2.106782e+24
225 1.128959e+31 1.877448e+07 2.147960e+24
226 1.142325e+31 1.899678e+07 2.190166e+24
227 1.155849e+31 1.922170e+07 2.233370e+24
228 1.169534e+31 1.944929e+07 2.277462e+24
229 1.183380e+31 1.967957e+07 2.322241e+24
230 1.197391e+31 1.991258e+07 2.367489e+24
231 1.211567e+31 2.014835e+07 2.412972e+24
232 1.225912e+31 2.038691e+07 2.458453e+24
233 1.240426e+31 2.062829e+07 2.504014e+24
234 1.255112e+31 2.087253e+07 2.550102e+24
235 1.269971e+31 2.111966e+07 2.597208e+24
236 1.285007e+31 2.136972e+07 2.645863e+24
237 1.300221e+31 2.162275e+07 2.696609e+24
238 1.315615e+31 2.187878e+07 2.749485e+24
239 1.331191e+31 2.213784e+07 2.803943e+24
240 1.346951e+31 2.239997e+07 2.859366e+24
241 1.362898e+31 2.266520e+07 2.915088e+24
242 1.379034e+31 2.293357e+07 2.970420e+24
243 1.395361e+31 2.320512e+07 3.025253e+24
244 1.411881e+31 2.347987e+07 3.080170e+24
245 1.428597e+31 2.375788e+07 3.135830e+24
246 1.445511e+31 2.403919e+07 3.192942e+24
247 1.462625e+31 2.432382e+07 3.252243e+24
248 1.479942e+31 2.461184e+07 3.313945e+24
249 1.497463e+31 2.490327e+07 3.377618e+24
250 1.515192e+31 2.519815e+07 3.442763e+24
251 1.533131e+31 2.549652e+07 3.508845e+24
252 1.551283e+31 2.579843e+07 3.575297e+24
253 1.569649e+31 2.610390e+07 3.641904e+24
254 1.588233e+31 2.641299e+07 3.708884e+24
255 1.607037e+31 2.672575e+07 3.776500e+24
256 1.626063e+31 2.704220e+07 3.845032e+24
257 1.645315e+31 2.736240e+07 3.914775e+24
258 1.664794e+31 2.768640e+07 3.985934e+24
259 1.684504e+31 2.801423e+07 4.058594e+24
260 1.704448e+31 2.834595e+07 4.132834e+24
261 1.724627e+31 2.868160e+07 4.208740e+24
262 1.745046e+31 2.902122e+07 4.286396e+24
263 1.765706e+31 2.936487e+07 4.365706e+24
264 1.786611e+31 2.971258e+07 4.446343e+24
265 1.807764e+31 3.006442e+07 4.527940e+24
266 1.829167e+31 3.042042e+07 4.610103e+24
267 1.850823e+31 3.078063e+07 4.692421e+24
268 1.872735e+31 3.114510e+07 4.774920e+24
269 1.894908e+31 3.151389e+07 4.858211e+24
270 1.917342e+31 3.188704e+07 4.942990e+24
271 1.940042e+31 3.226462e+07 5.030000e+24
272 1.963011e+31 3.264667e+07 5.120017e+24
273 1.986252e+31 3.303326e+07 5.213213e+24
274 2.009768e+31 3.342442e+07 5.308912e+24
275 2.033563e+31 3.382022e+07 5.406328e+24
276 2.057639e+31 3.422071e+07 5.504620e+24
277 2.082000e+31 3.462593e+07 5.602898e+24
278 2.106650e+31 3.503594e+07 5.700907e+24
279 2.131591e+31 3.545081e+07 5.799299e+24
280 2.156828e+31 3.587059e+07 5.898836e+24
281 2.182364e+31 3.629534e+07 6.000336e+24
282 2.208201e+31 3.672512e+07 6.104661e+24
283 2.234345e+31 3.716000e+07 6.212156e+24
284 2.260799e+31 3.760004e+07 6.322402e+24
285 2.287565e+31 3.804528e+07 6.434890e+24
286 2.314649e+31 3.849580e+07 6.549071e+24
287 2.342053e+31 3.895165e+07 6.664363e+24
288 2.369781e+31 3.941290e+07 6.780483e+24
289 2.397838e+31 3.987961e+07 6.897606e+24
290 2.426227e+31 4.035184e+07 7.015957e+24
291 2.454952e+31 4.082966e+07 7.135775e+24
292 2.484017e+31 4.131315e+07 7.257316e+24
293 2.513427e+31 4.180236e+07 7.380805e+24
294 2.543184e+31 4.229736e+07 7.506418e+24
295 2.573294e+31 4.279823e+07 7.634334e+24
296 2.603760e+31 4.330504e+07 7.764743e+24
297 2.634587e+31 4.381784e+07 7.897844e+24
298 2.665779e+31 4.433673e+07 8.033594e+24
299 2.697340e+31 4.486176e+07 8.171573e+24
300 2.729275e+31 4.539301e+07 8.311301e+24
301 2.761588e+31 4.593054e+07 8.452260e+24
302 2.794284e+31 4.647444e+07 8.593903e+24
303 2.827366e+31 4.702477e+07 8.736169e+24
304 2.860841e+31 4.758162e+07 8.879789e+24
305 2.894711e+31 4.814506e+07 9.025612e+24
306 2.928983e+31 4.871517e+07 9.174548e+24
307 2.963661e+31 4.929205e+07 9.327557e+24
308 2.998749e+31 4.987576e+07 9.484973e+24
309 3.034252e+31 5.046639e+07 9.646066e+24
310 3.070176e+31 5.106402e+07 9.809956e+24
311 3.106525e+31 5.166872e+07 9.975699e+24
312 3.143304e+31 5.228058e+07 1.014229e+25
313 3.180519e+31 5.289967e+07 1.030932e+25
314 3.218175e+31 5.352609e+07 1.047746e+25
315 3.256276e+31 5.415993e+07 1.064751e+25
316 3.294828e+31 5.480127e+07 1.082033e+25
317 3.333837e+31 5.545022e+07 1.099683e+25
318 3.373308e+31 5.610685e+07 1.117748e+25
319 3.413246e+31 5.677127e+07 1.136193e+25
320 3.453657e+31 5.744355e+07 1.154970e+25
321 3.494546e+31 5.812380e+07 1.174032e+25
322 3.535919e+31 5.881210e+07 1.193323e+25
323 3.577782e+31 5.950854e+07 1.212813e+25
324 3.620141e+31 6.021324e+07 1.232515e+25
325 3.663002e+31 6.092627e+07 1.252446e+25
326 3.706369e+31 6.164775e+07 1.272626e+25
327 3.750251e+31 6.237777e+07 1.293073e+25
328 3.794651e+31 6.311644e+07 1.313810e+25
329 3.839578e+31 6.386385e+07 1.334865e+25
330 3.885036e+31 6.462011e+07 1.356267e+25
331 3.931033e+31 6.538534e+07 1.378047e+25
332 3.977574e+31 6.615963e+07 1.400239e+25
333 4.024666e+31 6.694309e+07 1.422846e+25
334 4.072315e+31 6.773583e+07 1.445820e+25
335 4.120529e+31 6.853796e+07 1.469104e+25
336 4.169314e+31 6.934958e+07 1.492636e+25
337 4.218676e+31 7.017081e+07 1.516349e+25
338 4.268623e+31 7.100175e+07 1.540228e+25
339 4.319161e+31 7.184254e+07 1.564354e+25
340 4.370297e+31 7.269328e+07 1.588826e+25
341 4.422039e+31 7.355409e+07 1.613751e+25
342 4.474393e+31 7.442511e+07 1.639241e+25
343 4.527367e+31 7.530645e+07 1.665347e+25
344 4.580969e+31 7.619824e+07 1.691993e+25
345 4.635205e+31 7.710059e+07 1.719083e+25
346 4.690083e+31 7.801362e+07 1.746516e+25
347 4.745611e+31 7.893746e+07 1.774178e+25
348 4.801796e+31 7.987223e+07 1.802018e+25
349 4.858646e+31 8.081806e+07 1.830102e+25
350 4.916170e+31 8.177509e+07 1.858519e+25
351 4.974374e+31 8.274346e+07 1.887360e+25
352 5.033268e+31 8.372330e+07 1.916727e+25
353 5.092859e+31 8.471474e+07 1.946677e+25
354 5.153155e+31 8.571793e+07 1.977182e+25
355 5.214166e+31 8.673301e+07 2.008200e+25
356 5.275898e+31 8.776010e+07 2.039685e+25
357 5.338362e+31 8.879936e+07 2.071587e+25
358 5.401565e+31 8.985092e+07 2.103873e+25
359 5.465516e+31 9.091493e+07 2.136554e+25
360 5.530225e+31 9.199154e+07 2.169645e+25
361 5.595699e+31 9.308089e+07 2.203161e+25
362 5.661949e+31 9.418315e+07 2.237120e+25
363 5.728983e+31 9.529846e+07 2.271546e+25
364 5.796811e+31 9.642697e+07 2.306476e+25
365 5.865442e+31 9.756885e+07 2.341953e+25
366 5.934885e+31 9.872425e+07 2.378020e+25
367 6.005151e+31 9.989335e+07 2.414725e+25
368 6.076248e+31 1.010763e+08 2.452083e+25
369 6.148187e+31 1.022732e+08 2.490039e+25
370 6.220978e+31 1.034844e+08 2.528526e+25
371 6.294631e+31 1.047098e+08 2.567467e+25
372 6.369156e+31 1.059498e+08 2.606784e+25
373 6.444563e+31 1.072044e+08 2.646447e+25
374 6.520863e+31 1.084739e+08 2.686552e+25
375 6.598066e+31 1.097585e+08 2.727215e+25
376 6.676183e+31 1.110582e+08 2.768565e+25
377 6.755225e+31 1.123734e+08 2.810735e+25
378 6.835203e+31 1.137041e+08 2.853801e+25
379 6.916128e+31 1.150506e+08 2.897690e+25
380 6.998011e+31 1.164130e+08 2.942300e+25
381 7.080863e+31 1.177916e+08 2.987522e+25
382 7.164696e+31 1.191865e+08 3.033237e+25
383 7.249522e+31 1.205979e+08 3.079377e+25
384 7.335352e+31 1.220260e+08 3.126009e+25
385 7.422198e+31 1.234711e+08 3.173222e+25
386 7.510073e+31 1.249332e+08 3.221115e+25
387 7.598987e+31 1.264127e+08 3.269788e+25
388 7.688955e+31 1.279096e+08 3.319315e+25
389 7.779988e+31 1.294244e+08 3.369680e+25
390 7.872098e+31 1.309570e+08 3.420853e+25
391 7.965299e+31 1.325078e+08 3.472800e+25
392 8.059604e+31 1.340770e+08 3.525485e+25
393 8.155025e+31 1.356647e+08 3.578881e+25
394 8.251575e+31 1.372713e+08 3.632990e+25
395 8.349269e+31 1.388969e+08 3.687820e+25
396 8.448119e+31 1.405417e+08 3.743378e+25
397 8.548140e+31 1.422060e+08 3.799671e+25
398 8.649345e+31 1.438900e+08 3.856721e+25
399 8.751748e+31 1.455939e+08 3.914582e+25
400 8.855364e+31 1.473181e+08 3.973319e+25
401 8.960206e+31 1.490626e+08 4.032999e+25
402 9.066290e+31 1.508278e+08 4.093693e+25
403 9.173629e+31 1.526140e+08 4.155441e+25
404 9.282240e+31 1.544212e+08 4.218181e+25
405 9.392136e+31 1.562499e+08 4.281831e+25
406 9.503333e+31 1.581003e+08 4.346303e+25
407 9.615847e+31 1.599725e+08 4.411500e+25
408 9.729693e+31 1.618669e+08 4.477377e+25
409 9.844887e+31 1.637837e+08 4.544043e+25
410 9.961444e+31 1.657233e+08 4.611639e+25
411 1.007938e+32 1.676858e+08 4.680318e+25
412 1.019872e+32 1.696715e+08 4.750242e+25
413 1.031946e+32 1.716808e+08 4.821517e+25
414 1.044164e+32 1.737139e+08 4.894069e+25
415 1.056526e+32 1.757711e+08 4.967789e+25
416 1.069035e+32 1.778526e+08 5.042555e+25
417 1.081692e+32 1.799588e+08 5.118236e+25
418 1.094498e+32 1.820899e+08 5.194750e+25
419 1.107456e+32 1.842462e+08 5.272168e+25
420 1.120568e+32 1.864281e+08 5.350598e+25
421 1.133835e+32 1.886358e+08 5.430153e+25
422 1.147259e+32 1.908697e+08 5.510954e+25
423 1.160842e+32 1.931300e+08 5.593094e+25
424 1.174585e+32 1.954171e+08 5.676572e+25
425 1.188492e+32 1.977312e+08 5.761365e+25
426 1.202563e+32 2.000728e+08 5.847448e+25
427 1.216800e+32 2.024422e+08 5.934793e+25
428 1.231207e+32 2.048395e+08 6.023376e+25
429 1.245783e+32 2.072653e+08 6.113202e+25
430 1.260533e+32 2.097198e+08 6.204277e+25
431 1.275457e+32 2.122034e+08 6.296608e+25
432 1.290557e+32 2.147163e+08 6.390202e+25
433 1.305837e+32 2.172590e+08 6.485079e+25
434 1.321297e+32 2.198319e+08 6.581308e+25
435 1.336941e+32 2.224352e+08 6.678972e+25
436 1.352769e+32 2.250693e+08 6.778155e+25
437 1.368785e+32 2.277347e+08 6.878950e+25
438 1.384991e+32 2.304316e+08 6.981420e+25
439 1.401388e+32 2.331604e+08 7.085523e+25
440 1.417980e+32 2.359216e+08 7.191192e+25
441 1.434768e+32 2.387155e+08 7.298353e+25
442 1.451755e+32 2.415425e+08 7.406926e+25
443 1.468943e+32 2.444029e+08 7.516868e+25
444 1.486334e+32 2.472972e+08 7.628284e+25
445 1.503931e+32 2.502259e+08 7.741315e+25
446 1.521737e+32 2.531891e+08 7.856114e+25
447 1.539753e+32 2.561875e+08 7.972841e+25
448 1.557983e+32 2.592215e+08 8.091615e+25
449 1.576429e+32 2.622913e+08 8.212385e+25
450 1.595093e+32 2.653975e+08 8.335056e+25
451 1.613978e+32 2.685406e+08 8.459528e+25
452 1.633086e+32 2.717208e+08 8.585687e+25
453 1.652421e+32 2.749387e+08 8.713455e+25
454 1.671985e+32 2.781946e+08 8.842902e+25
455 1.691780e+32 2.814892e+08 8.974134e+25
456 1.711810e+32 2.848227e+08 9.107262e+25
457 1.732077e+32 2.881958e+08 9.242407e+25
458 1.752583e+32 2.916088e+08 9.379670e+25
459 1.773333e+32 2.950622e+08 9.519079e+25
460 1.794328e+32 2.985565e+08 9.660639e+25
461 1.815572e+32 3.020922e+08 9.804357e+25
462 1.837067e+32 3.056698e+08 9.950235e+25
463 1.858817e+32 3.092898e+08 1.009828e+26
464 1.880824e+32 3.129526e+08 1.024848e+26
465 1.903092e+32 3.166588e+08 1.040085e+26
466 1.925624e+32 3.204089e+08 1.055537e+26
467 1.948422e+32 3.242034e+08 1.071205e+26
468 1.971490e+32 3.280429e+08 1.087090e+26
469 1.994831e+32 3.319278e+08 1.103202e+26
470 2.018449e+32 3.358587e+08 1.119553e+26
471 2.042346e+32 3.398362e+08 1.136158e+26
472 2.066526e+32 3.438608e+08 1.153029e+26
473 2.090993e+32 3.479331e+08 1.170179e+26
474 2.115749e+32 3.520536e+08 1.187602e+26
475 2.140798e+32 3.562230e+08 1.205289e+26
476 2.166144e+32 3.604417e+08 1.223228e+26
477 2.191790e+32 3.647103e+08 1.241408e+26
478 2.217739e+32 3.690295e+08 1.259822e+26
479 2.243996e+32 3.733999e+08 1.278483e+26
480 2.270564e+32 3.778220e+08 1.297413e+26
481 2.297446e+32 3.822965e+08 1.316632e+26
482 2.324646e+32 3.868240e+08 1.336163e+26
483 2.352169e+32 3.914051e+08 1.356026e+26
484 2.380017e+32 3.960405e+08 1.376215e+26
485 2.408195e+32 4.007308e+08 1.396721e+26
486 2.436706e+32 4.054766e+08 1.417530e+26
487 2.465556e+32 4.102787e+08 1.438631e+26
488 2.494746e+32 4.151376e+08 1.460012e+26
489 2.524283e+32 4.200541e+08 1.481684e+26
490 2.554169e+32 4.250288e+08 1.503661e+26
491 2.584409e+32 4.300624e+08 1.525960e+26
492 2.615006e+32 4.351556e+08 1.548598e+26
493 2.645967e+32 4.403092e+08 1.571591e+26
494 2.677293e+32 4.455238e+08 1.594943e+26
495 2.708991e+32 4.508002e+08 1.618657e+26
496 2.741064e+32 4.561390e+08 1.642732e+26
497 2.773516e+32 4.615411e+08 1.667172e+26
498 2.806353e+32 4.670072e+08 1.691977e+26
499 2.839579e+32 4.725381e+08 1.717147e+26
500 2.873198e+32 4.781344e+08 1.742684e+26
501 2.907215e+32 4.837970e+08 1.768589e+26
502 2.941634e+32 4.895267e+08 1.794860e+26
503 2.976461e+32 4.953242e+08 1.821502e+26
504 3.011701e+32 5.011904e+08 1.848528e+26
505 3.047358e+32 5.071261e+08 1.875957e+26
506 3.083437e+32 5.131321e+08 1.903808e+26
507 3.119943e+32 5.192092e+08 1.932102e+26
508 3.156881e+32 5.253584e+08 1.960856e+26
509 3.194257e+32 5.315803e+08 1.990067e+26
510 3.232075e+32 5.378760e+08 2.019725e+26
511 3.270341e+32 5.442463e+08 2.049819e+26
512 3.309060e+32 5.506919e+08 2.080336e+26
513 3.348237e+32 5.572139e+08 2.111269e+26
514 3.387878e+32 5.638132e+08 2.142631e+26
515 3.427988e+32 5.704906e+08 2.174446e+26
516 3.468574e+32 5.772471e+08 2.206741e+26
517 3.509640e+32 5.840836e+08 2.239542e+26
518 3.551192e+32 5.910012e+08 2.272872e+26
519 3.593236e+32 5.980006e+08 2.306733e+26
520 3.635778e+32 6.050830e+08 2.341119e+26
521 3.678823e+32 6.122493e+08 2.376022e+26
522 3.722378e+32 6.195005e+08 2.411436e+26
523 3.766449e+32 6.268375e+08 2.447353e+26
524 3.811041e+32 6.342615e+08 2.483784e+26
525 3.856162e+32 6.417733e+08 2.520743e+26
526 3.901817e+32 6.493742e+08 2.558247e+26
527 3.948012e+32 6.570650e+08 2.596312e+26
528 3.994754e+32 6.648470e+08 2.634956e+26
529 4.042049e+32 6.727211e+08 2.674189e+26
530 4.089905e+32 6.806885e+08 2.714023e+26
531 4.138327e+32 6.887503e+08 2.754466e+26
532 4.187322e+32 6.969076e+08 2.795529e+26
533 4.236898e+32 7.051616e+08 2.837221e+26
534 4.287060e+32 7.135132e+08 2.879545e+26
535 4.337816e+32 7.219638e+08 2.922498e+26
536 4.389174e+32 7.305146e+08 2.966079e+26
537 4.441139e+32 7.391665e+08 3.010285e+26
538 4.493719e+32 7.479210e+08 3.055116e+26
539 4.546922e+32 7.567791e+08 3.100592e+26
540 4.600755e+32 7.657422e+08 3.146743e+26
541 4.655225e+32 7.748114e+08 3.193600e+26
542 4.710340e+32 7.839881e+08 3.241195e+26
543 4.766108e+32 7.932735e+08 3.289558e+26
544 4.822536e+32 8.026689e+08 3.338689e+26
545 4.879632e+32 8.121755e+08 3.388575e+26
546 4.937404e+32 8.217948e+08 3.439204e+26
547 4.995860e+32 8.315281e+08 3.490558e+26
548 5.055008e+32 8.413766e+08 3.542628e+26
549 5.114856e+32 8.513417e+08 3.595433e+26
550 5.175413e+32 8.614249e+08 3.649007e+26
551 5.236687e+32 8.716275e+08 3.703388e+26
552 5.298686e+32 8.819510e+08 3.758614e+26
553 5.361420e+32 8.923967e+08 3.814720e+26
554 5.424896e+32 9.029663e+08 3.871714e+26
555 5.489123e+32 9.136610e+08 3.929589e+26
556 5.554111e+32 9.244824e+08 3.988338e+26
557 5.619869e+32 9.354320e+08 4.047954e+26
558 5.686405e+32 9.465113e+08 4.108429e+26
559 5.753728e+32 9.577218e+08 4.169782e+26
560 5.821849e+32 9.690651e+08 4.232040e+26
561 5.890776e+32 9.805428e+08 4.295231e+26
562 5.960520e+32 9.921564e+08 4.359387e+26
563 6.031089e+32 1.003908e+09 4.424536e+26
564 6.102493e+32 1.015798e+09 4.490682e+26
565 6.174743e+32 1.027829e+09 4.557819e+26
566 6.247848e+32 1.040003e+09 4.625939e+26
567 6.321819e+32 1.052321e+09 4.695035e+26
568 6.396666e+32 1.064785e+09 4.765098e+26
569 6.472399e+32 1.077397e+09 4.836125e+26
570 6.549028e+32 1.090158e+09 4.908120e+26
571 6.626565e+32 1.103070e+09 4.981084e+26
572 6.705019e+32 1.116135e+09 5.055018e+26
573 6.784403e+32 1.129355e+09 5.129928e+26
574 6.864726e+32 1.142732e+09 5.205849e+26
575 6.946000e+32 1.156267e+09 5.282834e+26
576 7.028237e+32 1.169962e+09 5.360940e+26
577 7.111447e+32 1.183820e+09 5.440224e+26
578 7.195642e+32 1.197841e+09 5.520745e+26
579 7.280835e+32 1.212029e+09 5.602515e+26
580 7.367035e+32 1.226385e+09 5.685530e+26
581 7.454257e+32 1.240911e+09 5.769781e+26
582 7.542511e+32 1.255609e+09 5.855261e+26
583 7.631810e+32 1.270482e+09 5.941962e+26
584 7.722166e+32 1.285530e+09 6.029907e+26
585 7.813592e+32 1.300756e+09 6.119134e+26
586 7.906100e+32 1.316163e+09 6.209684e+26
587 7.999703e+32 1.331753e+09 6.301598e+26
588 8.094415e+32 1.347527e+09 6.394916e+26
589 8.190248e+32 1.363488e+09 6.489658e+26
590 8.287216e+32 1.379638e+09 6.585828e+26
591 8.385332e+32 1.395980e+09 6.683431e+26
592 8.484609e+32 1.412515e+09 6.782473e+26
593 8.585062e+32 1.429246e+09 6.882957e+26
594 8.686704e+32 1.446175e+09 6.984906e+26
595 8.789549e+32 1.463305e+09 7.088348e+26
596 8.893613e+32 1.480637e+09 7.193314e+26
597 8.998908e+32 1.498175e+09 7.299836e+26
598 9.105449e+32 1.515921e+09 7.407945e+26
599 9.213253e+32 1.533877e+09 7.517669e+26
600 9.322332e+32 1.552045e+09 7.629031e+26
601 9.432703e+32 1.570429e+09 7.742056e+26
602 9.544381e+32 1.589031e+09 7.856771e+26
603 9.657380e+32 1.607853e+09 7.973199e+26
604 9.771718e+32 1.626898e+09 8.091359e+26
605 9.887410e+32 1.646168e+09 8.211267e+26
606 1.000447e+33 1.665667e+09 8.332937e+26
607 1.012292e+33 1.685397e+09 8.456385e+26
608 1.024277e+33 1.705361e+09 8.581625e+26
609 1.036404e+33 1.725561e+09 8.708694e+26
610 1.048674e+33 1.746000e+09 8.837639e+26
611 1.061090e+33 1.766682e+09 8.968507e+26
612 1.073652e+33 1.787608e+09 9.101352e+26
613 1.086364e+33 1.808782e+09 9.236221e+26
614 1.099226e+33 1.830208e+09 9.373138e+26
615 1.112240e+33 1.851887e+09 9.512110e+26
616 1.125408e+33 1.873823e+09 9.653142e+26
617 1.138732e+33 1.896019e+09 9.796237e+26
618 1.152214e+33 1.918478e+09 9.941400e+26
619 1.165856e+33 1.941202e+09 1.008866e+27
620 1.179659e+33 1.964196e+09 1.023808e+27
621 1.193625e+33 1.987463e+09 1.038969e+27
622 1.207757e+33 2.011005e+09 1.054356e+27
623 1.222056e+33 2.034826e+09 1.069974e+27
624 1.236525e+33 2.058929e+09 1.085826e+27
625 1.251164e+33 2.083318e+09 1.101916e+27
626 1.265977e+33 2.107995e+09 1.118247e+27
627 1.280966e+33 2.132965e+09 1.134821e+27
628 1.296132e+33 2.158231e+09 1.151641e+27
629 1.311477e+33 2.183796e+09 1.168705e+27
630 1.327004e+33 2.209664e+09 1.186005e+27
631 1.342715e+33 2.235839e+09 1.203533e+27
632 1.358612e+33 2.262324e+09 1.221283e+27
633 1.374697e+33 2.289122e+09 1.239245e+27
634 1.390973e+33 2.316238e+09 1.257425e+27
635 1.407441e+33 2.343676e+09 1.275841e+27
636 1.424104e+33 2.371438e+09 1.294507e+27
637 1.440965e+33 2.399529e+09 1.313442e+27
638 1.458025e+33 2.427954e+09 1.332662e+27
639 1.475287e+33 2.456714e+09 1.352176e+27
640 1.492754e+33 2.485816e+09 1.371982e+27
641 1.510427e+33 2.515263e+09 1.392080e+27
642 1.528310e+33 2.545058e+09 1.412469e+27
643 1.546404e+33 2.575206e+09 1.433149e+27
644 1.564713e+33 2.605711e+09 1.454121e+27
645 1.583238e+33 2.636578e+09 1.475394e+27
646 1.601982e+33 2.667810e+09 1.496974e+27
647 1.620949e+33 2.699413e+09 1.518868e+27
648 1.640140e+33 2.731390e+09 1.541083e+27
649 1.659558e+33 2.763746e+09 1.563624e+27
650 1.679207e+33 2.796485e+09 1.586495e+27
651 1.699087e+33 2.829612e+09 1.609698e+27
652 1.719204e+33 2.863131e+09 1.633235e+27
653 1.739558e+33 2.897048e+09 1.657111e+27
654 1.760153e+33 2.931366e+09 1.681330e+27
655 1.780992e+33 2.966091e+09 1.705897e+27
656 1.802078e+33 3.001227e+09 1.730817e+27
657 1.823414e+33 3.036780e+09 1.756095e+27
658 1.845002e+33 3.072754e+09 1.781739e+27
659 1.866846e+33 3.109154e+09 1.807753e+27
660 1.888948e+33 3.145985e+09 1.834142e+27
661 1.911312e+33 3.183253e+09 1.860914e+27
662 1.933941e+33 3.220962e+09 1.888072e+27
663 1.956838e+33 3.259118e+09 1.915624e+27
664 1.980005e+33 3.297726e+09 1.943574e+27
665 2.003448e+33 3.336791e+09 1.971930e+27
666 2.027167e+33 3.376319e+09 2.000696e+27
667 2.051168e+33 3.416316e+09 2.029879e+27
668 2.075452e+33 3.456786e+09 2.059484e+27
669 2.100024e+33 3.497736e+09 2.089514e+27
670 2.124887e+33 3.539170e+09 2.119967e+27
671 2.150045e+33 3.581096e+09 2.150840e+27
672 2.175500e+33 3.623519e+09 2.182131e+27
673 2.201257e+33 3.666445e+09 2.213836e+27
674 2.227318e+33 3.709879e+09 2.245965e+27
675 2.253688e+33 3.753828e+09 2.278533e+27
676 2.280371e+33 3.798298e+09 2.311556e+27
677 2.307369e+33 3.843294e+09 2.345054e+27
678 2.334687e+33 3.888824e+09 2.379044e+27
679 2.362328e+33 3.934893e+09 2.413536e+27
680 2.390297e+33 3.981507e+09 2.448533e+27
681 2.418597e+33 4.028674e+09 2.484037e+27
682 2.447231e+33 4.076400e+09 2.520051e+27
683 2.476205e+33 4.124692e+09 2.556577e+27
684 2.505522e+33 4.173555e+09 2.593620e+27
685 2.535186e+33 4.222998e+09 2.631192e+27
686 2.565201e+33 4.273026e+09 2.669304e+27
687 2.595571e+33 4.323647e+09 2.707966e+27
688 2.626301e+33 4.374868e+09 2.747189e+27
689 2.657395e+33 4.426696e+09 2.786983e+27
690 2.688857e+33 4.479137e+09 2.827353e+27
691 2.720692e+33 4.532200e+09 2.868305e+27
692 2.752903e+33 4.585892e+09 2.909845e+27
693 2.785496e+33 4.640220e+09 2.951978e+27
694 2.818474e+33 4.695191e+09 2.994713e+27
695 2.851844e+33 4.750814e+09 3.038057e+27
696 2.885608e+33 4.807096e+09 3.082019e+27
697 2.919772e+33 4.864044e+09 3.126607e+27
698 2.954340e+33 4.921668e+09 3.171831e+27
699 2.989318e+33 4.979974e+09 3.217702e+27
700 3.024709e+33 5.038971e+09 3.264237e+27
701 3.060520e+33 5.098667e+09 3.311452e+27
702 3.096755e+33 5.159070e+09 3.359365e+27
703 3.133419e+33 5.220189e+09 3.407994e+27
704 3.170516e+33 5.282032e+09 3.457384e+27
705 3.208053e+33 5.344608e+09 3.507599e+27
706 3.246035e+33 5.407926e+09 3.558713e+27
707 3.284466e+33 5.471995e+09 3.610800e+27
708 3.323352e+33 5.536823e+09 3.663937e+27
709 3.362699e+33 5.602420e+09 3.718136e+27
710 3.402511e+33 5.668795e+09 3.773341e+27
711 3.442795e+33 5.735956e+09 3.829492e+27
712 3.483556e+33 5.803913e+09 3.886522e+27
713 3.524799e+33 5.872675e+09 3.944359e+27
714 3.566530e+33 5.942252e+09 4.002984e+27
715 3.608756e+33 6.012653e+09 4.062428e+27
716 3.651481e+33 6.083889e+09 4.122723e+27
717 3.694713e+33 6.155968e+09 4.183907e+27
718 3.738456e+33 6.228902e+09 4.246015e+27
719 3.782717e+33 6.302700e+09 4.309073e+27
720 3.827502e+33 6.377373e+09 4.373093e+27
721 3.872818e+33 6.452930e+09 4.438086e+27
722 3.918670e+33 6.529383e+09 4.504064e+27
723 3.965064e+33 6.606742e+09 4.571038e+27
724 4.012008e+33 6.685017e+09 4.639021e+27
725 4.059508e+33 6.764220e+09 4.708027e+27
726 4.107570e+33 6.844361e+09 4.778069e+27
727 4.156202e+33 6.925452e+09 4.849160e+27
728 4.205409e+33 7.007504e+09 4.921315e+27
729 4.255198e+33 7.090529e+09 4.994549e+27
730 4.305577e+33 7.174537e+09 5.068878e+27
731 4.356553e+33 7.259541e+09 5.144320e+27
732 4.408132e+33 7.345552e+09 5.220892e+27
733 4.460321e+33 7.432582e+09 5.298612e+27
734 4.513129e+33 7.520644e+09 5.377499e+27
735 4.566562e+33 7.609749e+09 5.457570e+27
736 4.620627e+33 7.699910e+09 5.538845e+27
737 4.675333e+33 7.791140e+09 5.621343e+27
738 4.730686e+33 7.883450e+09 5.705083e+27
739 4.786694e+33 7.976855e+09 5.790085e+27
740 4.843366e+33 8.071366e+09 5.876370e+27
741 4.900708e+33 8.166998e+09 5.963958e+27
742 4.958730e+33 8.263762e+09 6.052870e+27
743 5.017438e+33 8.361674e+09 6.143128e+27
744 5.076842e+33 8.460746e+09 6.234751e+27
745 5.136949e+33 8.560991e+09 6.327753e+27
746 5.197767e+33 8.662425e+09 6.422151e+27
747 5.259306e+33 8.765061e+09 6.517958e+27
748 5.321573e+33 8.868913e+09 6.615191e+27
749 5.384577e+33 8.973996e+09 6.713875e+27
750 5.448327e+33 9.080323e+09 6.814046e+27
751 5.512832e+33 9.187911e+09 6.915744e+27
752 5.578101e+33 9.296775e+09 7.019010e+27
753 5.644142e+33 9.406928e+09 7.123883e+27
754 5.710966e+33 9.518388e+09 7.230406e+27
755 5.778580e+33 9.631170e+09 7.338613e+27
756 5.846995e+33 9.745288e+09 7.448541e+27
757 5.916220e+33 9.860760e+09 7.560229e+27
758 5.986265e+33 9.977600e+09 7.673716e+27
759 6.057139e+33 1.009583e+10 7.789022e+27
760 6.128851e+33 1.021545e+10 7.906148e+27
761 6.201413e+33 1.033650e+10 8.025091e+27
762 6.274835e+33 1.045898e+10 8.145846e+27
763 6.349125e+33 1.058291e+10 8.268405e+27
764 6.424295e+33 1.070831e+10 8.392778e+27
765 6.500355e+33 1.083520e+10 8.518996e+27
766 6.577315e+33 1.096359e+10 8.647088e+27
767 6.655187e+33 1.109350e+10 8.777089e+27
768 6.733980e+33 1.122495e+10 8.909031e+27
769 6.813706e+33 1.135796e+10 9.042948e+27
770 6.894377e+33 1.149255e+10 9.178875e+27
771 6.976002e+33 1.162873e+10 9.316850e+27
772 7.058594e+33 1.176653e+10 9.456909e+27
773 7.142163e+33 1.190596e+10 9.599090e+27
774 7.226722e+33 1.204704e+10 9.743424e+27
775 7.312282e+33 1.218979e+10 9.889937e+27
776 7.398856e+33 1.233424e+10 1.003865e+28
777 7.486454e+33 1.248039e+10 1.018959e+28
778 7.575089e+33 1.262828e+10 1.034277e+28
779 7.664773e+33 1.277792e+10 1.049823e+28
780 7.755520e+33 1.292934e+10 1.065601e+28
781 7.847341e+33 1.308255e+10 1.081617e+28
782 7.940248e+33 1.323758e+10 1.097874e+28
783 8.034256e+33 1.339444e+10 1.114378e+28
784 8.129377e+33 1.355317e+10 1.131133e+28
785 8.225624e+33 1.371377e+10 1.148141e+28
786 8.323011e+33 1.387628e+10 1.165404e+28
787 8.421550e+33 1.404071e+10 1.182924e+28
788 8.521256e+33 1.420709e+10 1.200703e+28
789 8.622143e+33 1.437545e+10 1.218745e+28
790 8.724224e+33 1.454580e+10 1.237055e+28
791 8.827514e+33 1.471817e+10 1.255639e+28
792 8.932026e+33 1.489258e+10 1.274503e+28
793 9.037776e+33 1.506906e+10 1.293654e+28
794 9.144778e+33 1.524764e+10 1.313097e+28
795 9.253047e+33 1.542833e+10 1.332834e+28
796 9.362598e+33 1.561116e+10 1.352866e+28
797 9.473445e+33 1.579615e+10 1.373196e+28
798 9.585605e+33 1.598334e+10 1.393826e+28
799 9.699093e+33 1.617275e+10 1.414759e+28
800 9.813925e+33 1.636441e+10 1.436004e+28
801 9.930116e+33 1.655833e+10 1.457567e+28
802 1.004768e+34 1.675456e+10 1.479459e+28
803 1.016664e+34 1.695310e+10 1.501687e+28
804 1.028701e+34 1.715401e+10 1.524255e+28
805 1.040880e+34 1.735729e+10 1.547162e+28
806 1.053203e+34 1.756298e+10 1.570402e+28
807 1.065673e+34 1.777112e+10 1.593971e+28
808 1.078290e+34 1.798172e+10 1.617863e+28
809 1.091056e+34 1.819482e+10 1.642080e+28
810 1.103973e+34 1.841046e+10 1.666632e+28
811 1.117044e+34 1.862864e+10 1.691531e+28
812 1.130269e+34 1.884942e+10 1.716788e+28
813 1.143651e+34 1.907281e+10 1.742418e+28
814 1.157191e+34 1.929886e+10 1.768431e+28
815 1.170891e+34 1.952758e+10 1.794832e+28
816 1.184754e+34 1.975901e+10 1.821626e+28
817 1.198781e+34 1.999319e+10 1.848819e+28
818 1.212974e+34 2.023014e+10 1.876417e+28
819 1.227335e+34 2.046990e+10 1.904423e+28
820 1.241865e+34 2.071250e+10 1.932846e+28
821 1.256568e+34 2.095798e+10 1.961690e+28
822 1.271445e+34 2.120637e+10 1.990961e+28
823 1.286499e+34 2.145770e+10 2.020666e+28
824 1.301730e+34 2.171201e+10 2.050811e+28
825 1.317142e+34 2.196934e+10 2.081402e+28
826 1.332736e+34 2.222972e+10 2.112445e+28
827 1.348515e+34 2.249318e+10 2.143946e+28
828 1.364480e+34 2.275977e+10 2.175912e+28
829 1.380635e+34 2.302952e+10 2.208348e+28
830 1.396981e+34 2.330246e+10 2.241263e+28
831 1.413520e+34 2.357864e+10 2.274664e+28
832 1.430256e+34 2.385810e+10 2.308561e+28
833 1.447189e+34 2.414087e+10 2.342961e+28
834 1.464323e+34 2.442699e+10 2.377871e+28
835 1.481659e+34 2.471650e+10 2.413296e+28
836 1.499201e+34 2.500944e+10 2.449241e+28
837 1.516951e+34 2.530586e+10 2.485710e+28
838 1.534911e+34 2.560579e+10 2.522707e+28
839 1.553083e+34 2.590928e+10 2.560240e+28
840 1.571471e+34 2.621636e+10 2.598326e+28
841 1.590076e+34 2.652709e+10 2.636981e+28
842 1.608902e+34 2.684149e+10 2.676224e+28
843 1.627950e+34 2.715963e+10 2.716074e+28
844 1.647224e+34 2.748153e+10 2.756538e+28
845 1.666726e+34 2.780726e+10 2.797602e+28
846 1.686459e+34 2.813684e+10 2.839247e+28
847 1.706426e+34 2.847033e+10 2.881452e+28
848 1.726629e+34 2.880778e+10 2.924194e+28
849 1.747071e+34 2.914923e+10 2.967462e+28
850 1.767756e+34 2.949473e+10 3.011265e+28
851 1.788685e+34 2.984432e+10 3.055617e+28
852 1.809862e+34 3.019806e+10 3.100532e+28
853 1.831290e+34 3.055600e+10 3.146025e+28
854 1.852971e+34 3.091818e+10 3.192112e+28
855 1.874909e+34 3.128466e+10 3.238814e+28
856 1.897107e+34 3.165548e+10 3.286150e+28
857 1.919568e+34 3.203070e+10 3.334142e+28
858 1.942294e+34 3.241036e+10 3.382812e+28
859 1.965290e+34 3.279453e+10 3.432182e+28
860 1.988558e+34 3.318325e+10 3.482262e+28
861 2.012101e+34 3.357658e+10 3.533064e+28
862 2.035923e+34 3.397457e+10 3.584600e+28
863 2.060027e+34 3.437728e+10 3.636881e+28
864 2.084417e+34 3.478477e+10 3.689919e+28
865 2.109095e+34 3.519708e+10 3.743724e+28
866 2.134065e+34 3.561429e+10 3.798308e+28
867 2.159331e+34 3.603644e+10 3.853680e+28
868 2.184897e+34 3.646359e+10 3.909850e+28
869 2.210765e+34 3.689581e+10 3.966829e+28
870 2.236939e+34 3.733315e+10 4.024620e+28
871 2.263423e+34 3.777568e+10 4.083226e+28
872 2.290220e+34 3.822345e+10 4.142650e+28
873 2.317335e+34 3.867653e+10 4.202894e+28
874 2.344771e+34 3.913499e+10 4.263969e+28
875 2.372532e+34 3.959888e+10 4.325910e+28
876 2.400621e+34 4.006827e+10 4.388755e+28
877 2.429043e+34 4.054322e+10 4.452545e+28
878 2.457802e+34 4.102380e+10 4.517324e+28
879 2.486900e+34 4.151009e+10 4.583123e+28
880 2.516344e+34 4.200214e+10 4.649951e+28
881 2.546136e+34 4.250003e+10 4.717813e+28
882 2.576281e+34 4.300382e+10 4.786711e+28
883 2.606782e+34 4.351358e+10 4.856648e+28
884 2.637645e+34 4.402940e+10 4.927628e+28
885 2.668873e+34 4.455133e+10 4.999667e+28
886 2.700471e+34 4.507945e+10 5.072780e+28
887 2.732443e+34 4.561383e+10 5.146981e+28
888 2.764794e+34 4.615455e+10 5.222287e+28
889 2.797527e+34 4.670167e+10 5.298710e+28
890 2.830648e+34 4.725528e+10 5.376255e+28
891 2.864161e+34 4.781546e+10 5.454926e+28
892 2.898071e+34 4.838227e+10 5.534727e+28
893 2.932383e+34 4.895581e+10 5.615658e+28
894 2.967101e+34 4.953615e+10 5.697731e+28
895 3.002229e+34 5.012337e+10 5.780970e+28
896 3.037774e+34 5.071755e+10 5.865408e+28
897 3.073739e+34 5.131877e+10 5.951076e+28
898 3.110131e+34 5.192713e+10 6.038008e+28
899 3.146953e+34 5.254270e+10 6.126232e+28
900 3.184211e+34 5.316556e+10 6.215757e+28
901 3.221910e+34 5.379581e+10 6.306590e+28
902 3.260055e+34 5.443353e+10 6.398735e+28
903 3.298653e+34 5.507881e+10 6.492199e+28
904 3.337707e+34 5.573175e+10 6.586994e+28
905 3.377223e+34 5.639242e+10 6.683155e+28
906 3.417208e+34 5.706093e+10 6.780725e+28
907 3.457665e+34 5.773736e+10 6.879745e+28
908 3.498602e+34 5.842182e+10 6.980261e+28
909 3.540023e+34 5.911440e+10 7.082364e+28
910 3.581935e+34 5.981519e+10 7.186281e+28
911 3.624343e+34 6.052431e+10 7.292269e+28
912 3.667253e+34 6.124185e+10 7.400607e+28
913 3.710671e+34 6.196792e+10 7.511589e+28
914 3.754603e+34 6.270262e+10 7.625394e+28
915 3.799056e+34 6.344605e+10 7.741839e+28
916 3.844034e+34 6.419830e+10 7.860659e+28
917 3.889545e+34 6.495949e+10 7.981567e+28
918 3.935595e+34 6.572971e+10 8.104251e+28
919 3.982191e+34 6.650906e+10 8.228487e+28
920 4.029337e+34 6.729765e+10 8.354336e+28
921 4.077042e+34 6.809559e+10 8.481923e+28
922 4.125312e+34 6.890299e+10 8.611379e+28
923 4.174153e+34 6.971997e+10 8.742841e+28
924 4.223573e+34 7.054663e+10 8.876423e+28
925 4.273577e+34 7.138310e+10 9.012141e+28
926 4.324174e+34 7.222949e+10 9.149989e+28
927 4.375370e+34 7.308593e+10 9.289961e+28
928 4.427172e+34 7.395252e+10 9.432048e+28
929 4.479587e+34 7.482939e+10 9.576251e+28
930 4.532622e+34 7.571666e+10 9.722610e+28
931 4.586286e+34 7.661446e+10 9.871172e+28
932 4.640585e+34 7.752290e+10 1.002199e+29
933 4.695527e+34 7.844212e+10 1.017510e+29
934 4.751119e+34 7.937225e+10 1.033057e+29
935 4.807369e+34 8.031340e+10 1.048842e+29
936 4.864286e+34 8.126572e+10 1.064869e+29
937 4.921876e+34 8.222933e+10 1.081140e+29
938 4.980148e+34 8.320437e+10 1.097660e+29
939 5.039110e+34 8.419098e+10 1.114432e+29
940 5.098770e+34 8.518929e+10 1.131457e+29
941 5.159137e+34 8.619944e+10 1.148741e+29
942 5.220218e+34 8.722157e+10 1.166285e+29
943 5.282022e+34 8.825583e+10 1.184093e+29
944 5.344558e+34 8.930236e+10 1.202168e+29
945 5.407835e+34 9.036131e+10 1.220516e+29
946 5.471860e+34 9.143281e+10 1.239144e+29
947 5.536644e+34 9.251703e+10 1.258059e+29
948 5.602194e+34 9.361410e+10 1.277267e+29
949 5.668521e+34 9.472418e+10 1.296775e+29
950 5.735633e+34 9.584743e+10 1.316583e+29
951 5.803539e+34 9.698401e+10 1.336693e+29
952 5.872250e+34 9.813406e+10 1.357104e+29
953 5.941774e+34 9.929776e+10 1.377815e+29
954 6.012121e+34 1.004753e+11 1.398828e+29
955 6.083301e+34 1.016668e+11 1.420150e+29
956 6.155324e+34 1.028724e+11 1.441789e+29
957 6.228199e+34 1.040923e+11 1.463752e+29
958 6.301937e+34 1.053267e+11 1.486050e+29
959 6.376548e+34 1.065757e+11 1.508690e+29
960 6.452043e+34 1.078395e+11 1.531678e+29
961 6.528431e+34 1.091184e+11 1.555020e+29
962 6.605724e+34 1.104124e+11 1.578722e+29
963 6.683932e+34 1.117217e+11 1.602788e+29
964 6.763066e+34 1.130466e+11 1.627222e+29
965 6.843137e+34 1.143872e+11 1.652015e+29
966 6.924155e+34 1.157437e+11 1.677153e+29
967 7.006133e+34 1.171163e+11 1.702623e+29
968 7.089082e+34 1.185052e+11 1.728410e+29
969 7.173012e+34 1.199106e+11 1.754514e+29
970 7.257936e+34 1.213326e+11 1.781005e+29
971 7.343866e+34 1.227715e+11 1.807970e+29
972 7.430813e+34 1.242275e+11 1.835506e+29
973 7.518790e+34 1.257007e+11 1.863715e+29
974 7.607808e+34 1.271913e+11 1.892632e+29
975 7.697880e+34 1.286997e+11 1.922006e+29
976 7.789018e+34 1.302259e+11 1.951494e+29
977 7.881235e+34 1.317704e+11 1.980726e+29
978 7.974545e+34 1.333332e+11 2.009309e+29
979 8.068958e+34 1.349146e+11 2.036941e+29
980 8.164490e+34 1.365149e+11 2.063800e+29
981 8.261153e+34 1.381342e+11 2.090206e+29
982 8.358960e+34 1.397727e+11 2.116506e+29
983 8.457925e+34 1.414306e+11 2.143071e+29
984 8.558062e+34 1.431082e+11 2.170207e+29
985 8.659385e+34 1.448056e+11 2.197847e+29
986 8.761907e+34 1.465231e+11 2.225815e+29
987 8.865642e+34 1.482609e+11 2.253919e+29
988 8.970606e+34 1.500194e+11 2.281956e+29
989 9.076813e+34 1.517987e+11 2.309754e+29
990 9.184277e+34 1.535992e+11 2.337335e+29
991 9.293014e+34 1.554209e+11 2.364779e+29
992 9.403037e+34 1.572643e+11 2.392173e+29
993 9.514364e+34 1.591296e+11 2.419611e+29
994 9.627008e+34 1.610169e+11 2.447185e+29
995 9.740986e+34 1.629266e+11 2.474971e+29
996 9.856314e+34 1.648590e+11 2.503039e+29
997 9.973007e+34 1.668142e+11 2.531464e+29
998 1.009108e+35 1.687927e+11 2.560329e+29
999 1.021055e+35 1.707946e+11 2.589709e+29
1000 1.033144e+35 1.728203e+11 2.619639e+29
1001 1.045376e+35 1.748700e+11 2.650143e+29
1002 1.057753e+35 1.769440e+11 2.681246e+29
1003 1.070276e+35 1.790428e+11 2.712972e+29
1004 1.082947e+35 1.811664e+11 2.745344e+29
1005 1.095769e+35 1.833153e+11 2.778364e+29
1006 1.108742e+35 1.854897e+11 2.812023e+29
1007 1.121869e+35 1.876898e+11 2.846315e+29
1008 1.135151e+35 1.899161e+11 2.881230e+29
1009 1.148590e+35 1.921687e+11 2.916760e+29
1010 1.162189e+35 1.944480e+11 2.952901e+29
1011 1.175949e+35 1.967543e+11 2.989652e+29
1012 1.189871e+35 1.990881e+11 3.027009e+29
1013 1.203959e+35 2.014496e+11 3.064968e+29
1014 1.218213e+35 2.038393e+11 3.103529e+29
1015 1.232636e+35 2.062574e+11 3.142710e+29
1016 1.247229e+35 2.087042e+11 3.182535e+29
1017 1.261996e+35 2.111801e+11 3.223030e+29
1018 1.276937e+35 2.136854e+11 3.264223e+29
1019 1.292055e+35 2.162202e+11 3.306130e+29
1020 1.307353e+35 2.187851e+11 3.348702e+29
1021 1.322831e+35 2.213804e+11 3.391863e+29
1022 1.338492e+35 2.240065e+11 3.435534e+29
1023 1.354339e+35 2.266638e+11 3.479627e+29
1024 1.370374e+35 2.293527e+11 3.524065e+29
1025 1.386598e+35 2.320736e+11 3.568863e+29
1026 1.403015e+35 2.348269e+11 3.614064e+29
1027 1.419626e+35 2.376129e+11 3.659717e+29
1028 1.436433e+35 2.404320e+11 3.705875e+29
1029 1.453440e+35 2.432845e+11 3.752580e+29
1030 1.470648e+35 2.461708e+11 3.799817e+29
1031 1.488059e+35 2.490914e+11 3.847546e+29
1032 1.505677e+35 2.520466e+11 3.895726e+29
1033 1.523503e+35 2.550369e+11 3.944311e+29
1034 1.541541e+35 2.580627e+11 3.993252e+29
1035 1.559792e+35 2.611244e+11 4.042501e+29
1036 1.578259e+35 2.642224e+11 4.092009e+29
1037 1.596944e+35 2.673573e+11 4.141722e+29
1038 1.615851e+35 2.705293e+11 4.191582e+29
1039 1.634982e+35 2.737390e+11 4.241545e+29
1040 1.654339e+35 2.769868e+11 4.291655e+29
1041 1.673925e+35 2.802731e+11 4.341994e+29
1042 1.693744e+35 2.835984e+11 4.392651e+29
1043 1.713797e+35 2.869632e+11 4.443720e+29
1044 1.734087e+35 2.903679e+11 4.495287e+29
1045 1.754618e+35 2.938129e+11 4.547337e+29
1046 1.775391e+35 2.972988e+11 4.599817e+29
1047 1.796411e+35 3.008260e+11 4.652666e+29
1048 1.817679e+35 3.043952e+11 4.705821e+29
1049 1.839199e+35 3.080067e+11 4.759231e+29
1050 1.860975e+35 3.116610e+11 4.812940e+29
1051 1.883007e+35 3.153587e+11 4.867032e+29
1052 1.905301e+35 3.191003e+11 4.921601e+29
1053 1.927859e+35 3.228863e+11 4.976745e+29
1054 1.950683e+35 3.267172e+11 5.032554e+29
1055 1.973778e+35 3.305935e+11 5.089025e+29
1056 1.997147e+35 3.345158e+11 5.146110e+29
1057 2.020792e+35 3.384847e+11 5.203759e+29
1058 2.044717e+35 3.425006e+11 5.261919e+29
1059 2.068925e+35 3.465642e+11 5.320536e+29
1060 2.093420e+35 3.506761e+11 5.379595e+29
1061 2.118205e+35 3.548367e+11 5.439093e+29
1062 2.143283e+35 3.590467e+11 5.499028e+29
1063 2.168658e+35 3.633066e+11 5.559397e+29
1064 2.194334e+35 3.676171e+11 5.620198e+29
1065 2.220313e+35 3.719788e+11 5.681422e+29
1066 2.246601e+35 3.763922e+11 5.743054e+29
1067 2.273199e+35 3.808579e+11 5.805083e+29
1068 2.300112e+35 3.853766e+11 5.867492e+29
1069 2.327344e+35 3.899490e+11 5.930269e+29
1070 2.354899e+35 3.945755e+11 5.993409e+29
1071 2.382779e+35 3.992569e+11 6.056910e+29
1072 2.410990e+35 4.039938e+11 6.120773e+29
1073 2.439535e+35 4.087869e+11 6.184996e+29
1074 2.468417e+35 4.136368e+11 6.249578e+29
1075 2.497642e+35 4.185443e+11 6.314494e+29
1076 2.527213e+35 4.235099e+11 6.379711e+29
1077 2.557133e+35 4.285344e+11 6.445192e+29
1078 2.587408e+35 4.336184e+11 6.510899e+29
1079 2.618042e+35 4.387628e+11 6.576792e+29
1080 2.649038e+35 4.439681e+11 6.642841e+29
1081 2.680401e+35 4.492352e+11 6.709019e+29
1082 2.712135e+35 4.545647e+11 6.775297e+29
1083 2.744245e+35 4.599574e+11 6.841646e+29
1084 2.776736e+35 4.654141e+11 6.908048e+29
1085 2.809610e+35 4.709355e+11 6.974597e+29
1086 2.842875e+35 4.765223e+11 7.041446e+29
1087 2.876533e+35 4.821753e+11 7.108762e+29
1088 2.910589e+35 4.878953e+11 7.176722e+29
1089 2.945049e+35 4.936830e+11 7.245487e+29
1090 2.979916e+35 4.995392e+11 7.314989e+29
1091 3.015197e+35 5.054648e+11 7.385034e+29
1092 3.050895e+35 5.114607e+11 7.455415e+29
1093 3.087016e+35 5.175276e+11 7.525911e+29
1094 3.123564e+35 5.236666e+11 7.596316e+29
1095 3.160545e+35 5.298784e+11 7.666707e+29
1096 3.197964e+35 5.361639e+11 7.737311e+29
1097 3.235826e+35 5.425240e+11 7.808373e+29
1098 3.274137e+35 5.489593e+11 7.880158e+29
1099 3.312900e+35 5.554709e+11 7.952921e+29
1100 3.352123e+35 5.620596e+11 8.026688e+29
1101 3.391810e+35 5.687264e+11 8.101360e+29
1102 3.431967e+35 5.754721e+11 8.176830e+29
1103 3.472600e+35 5.822977e+11 8.252980e+29
1104 3.513713e+35 5.892043e+11 8.329697e+29
1105 3.555314e+35 5.961927e+11 8.406952e+29
1106 3.597406e+35 6.032640e+11 8.484767e+29
1107 3.639998e+35 6.104191e+11 8.563164e+29
1108 3.683093e+35 6.176590e+11 8.642169e+29
1109 3.726699e+35 6.249848e+11 8.721810e+29
1110 3.770821e+35 6.323974e+11 8.802141e+29
1111 3.815465e+35 6.398979e+11 8.883235e+29
1112 3.860638e+35 6.474872e+11 8.965168e+29
1113 3.906345e+35 6.551665e+11 9.048023e+29
1114 3.952594e+35 6.629367e+11 9.131872e+29
1115 3.999391e+35 6.707990e+11 9.216655e+29
1116 4.046741e+35 6.787544e+11 9.302225e+29
1117 4.094652e+35 6.868041e+11 9.388426e+29
1118 4.143130e+35 6.949493e+11 9.475090e+29
1119 4.192183e+35 7.031910e+11 9.562061e+29
1120 4.241816e+35 7.115304e+11 9.649402e+29
1121 4.292036e+35 7.199686e+11 9.737318e+29
1122 4.342851e+35 7.285069e+11 9.826032e+29
1123 4.394268e+35 7.371462e+11 9.915780e+29
1124 4.446294e+35 7.458879e+11 1.000679e+30
1125 4.498935e+35 7.547331e+11 1.009901e+30
1126 4.552200e+35 7.636831e+11 1.019220e+30
1127 4.606095e+35 7.727392e+11 1.028612e+30
1128 4.660629e+35 7.819026e+11 1.038049e+30
1129 4.715808e+35 7.911746e+11 1.047507e+30
1130 4.771640e+35 8.005567e+11 1.056987e+30
1131 4.828134e+35 8.100499e+11 1.066512e+30
1132 4.885296e+35 8.196556e+11 1.076107e+30
1133 4.943135e+35 8.293750e+11 1.085798e+30
1134 5.001659e+35 8.392094e+11 1.095611e+30
1135 5.060875e+35 8.491603e+11 1.105549e+30
1136 5.120793e+35 8.592290e+11 1.115600e+30
1137 5.181420e+35 8.694170e+11 1.125750e+30
1138 5.242765e+35 8.797258e+11 1.135985e+30
1139 5.304837e+35 8.901567e+11 1.146291e+30
1140 5.367643e+35 9.007114e+11 1.156663e+30
1141 5.431192e+35 9.113912e+11 1.167106e+30
1142 5.495495e+35 9.221976e+11 1.177625e+30
1143 5.560558e+35 9.331319e+11 1.188223e+30
1144 5.626392e+35 9.441958e+11 1.198907e+30
1145 5.693005e+35 9.553907e+11 1.209685e+30
1146 5.760407e+35 9.667181e+11 1.220571e+30
1147 5.828606e+35 9.781797e+11 1.231579e+30
1148 5.897614e+35 9.897770e+11 1.242723e+30
1149 5.967438e+35 1.001512e+12 1.254018e+30
1150 6.038089e+35 1.013385e+12 1.265462e+30
1151 6.109576e+35 1.025400e+12 1.277037e+30
1152 6.181910e+35 1.037556e+12 1.288726e+30
1153 6.255100e+35 1.049857e+12 1.300511e+30
1154 6.329157e+35 1.062304e+12 1.312373e+30
1155 6.404090e+35 1.074898e+12 1.324320e+30
1156 6.479911e+35 1.087642e+12 1.336376e+30
1157 6.556629e+35 1.100536e+12 1.348571e+30
1158 6.634256e+35 1.113583e+12 1.360933e+30
1159 6.712802e+35 1.126785e+12 1.373494e+30
1160 6.792277e+35 1.140143e+12 1.386258e+30
1161 6.872694e+35 1.153659e+12 1.399208e+30
1162 6.954063e+35 1.167335e+12 1.412330e+30
1163 7.036395e+35 1.181173e+12 1.425603e+30
1164 7.119701e+35 1.195175e+12 1.439010e+30
1165 7.203994e+35 1.209344e+12 1.452550e+30
1166 7.289285e+35 1.223680e+12 1.466237e+30
1167 7.375586e+35 1.238186e+12 1.480084e+30
1168 7.462909e+35 1.252865e+12 1.494108e+30
1169 7.551265e+35 1.267716e+12 1.508325e+30
1170 7.640668e+35 1.282744e+12 1.522743e+30
1171 7.731129e+35 1.297950e+12 1.537364e+30
1172 7.822661e+35 1.313335e+12 1.552192e+30
1173 7.915277e+35 1.328903e+12 1.567227e+30
1174 8.008989e+35 1.344656e+12 1.582473e+30
1175 8.103810e+35 1.360595e+12 1.597925e+30
1176 8.199755e+35 1.376724e+12 1.613578e+30
1177 8.296835e+35 1.393043e+12 1.629423e+30
1178 8.395065e+35 1.409556e+12 1.645450e+30
1179 8.494457e+35 1.426265e+12 1.661653e+30
1180 8.595027e+35 1.443171e+12 1.678037e+30
1181 8.696787e+35 1.460278e+12 1.694624e+30
1182 8.799752e+35 1.477587e+12 1.711436e+30
1183 8.903935e+35 1.495101e+12 1.728498e+30
1184 9.009353e+35 1.512823e+12 1.745832e+30
1185 9.116018e+35 1.530755e+12 1.763441e+30
1186 9.223946e+35 1.548899e+12 1.781304e+30
1187 9.333153e+35 1.567258e+12 1.799399e+30
1188 9.443652e+35 1.585835e+12 1.817703e+30
1189 9.555459e+35 1.604632e+12 1.836191e+30
1190 9.668590e+35 1.623652e+12 1.854863e+30
1191 9.783060e+35 1.642898e+12 1.873741e+30
1192 9.898886e+35 1.662371e+12 1.892848e+30
1193 1.001608e+36 1.682075e+12 1.912209e+30
1194 1.013467e+36 1.702012e+12 1.931850e+30
1195 1.025466e+36 1.722186e+12 1.951784e+30
1196 1.037606e+36 1.742598e+12 1.972011e+30
1197 1.049891e+36 1.763251e+12 1.992531e+30
1198 1.062321e+36 1.784150e+12 2.013344e+30
1199 1.074898e+36 1.805297e+12 2.034449e+30
1200 1.087625e+36 1.826695e+12 2.055841e+30
1201 1.100501e+36 1.848347e+12 2.077516e+30
1202 1.113531e+36 1.870255e+12 2.099467e+30
1203 1.126714e+36 1.892423e+12 2.121687e+30
1204 1.140054e+36 1.914853e+12 2.144168e+30
1205 1.153552e+36 1.937548e+12 2.166919e+30
1206 1.167209e+36 1.960512e+12 2.189959e+30
1207 1.181028e+36 1.983749e+12 2.213312e+30
1208 1.195011e+36 2.007260e+12 2.237003e+30
1209 1.209159e+36 2.031050e+12 2.261057e+30
1210 1.223475e+36 2.055123e+12 2.285483e+30
1211 1.237960e+36 2.079480e+12 2.310276e+30
1212 1.252617e+36 2.104127e+12 2.335429e+30
1213 1.267447e+36 2.129066e+12 2.360934e+30
1214 1.282453e+36 2.154300e+12 2.386783e+30
1215 1.297636e+36 2.179834e+12 2.412973e+30
1216 1.312999e+36 2.205670e+12 2.439507e+30
1217 1.328544e+36 2.231812e+12 2.466388e+30
1218 1.344274e+36 2.258263e+12 2.493619e+30
1219 1.360189e+36 2.285028e+12 2.521202e+30
1220 1.376293e+36 2.312109e+12 2.549149e+30
1221 1.392587e+36 2.339511e+12 2.577478e+30
1222 1.409075e+36 2.367238e+12 2.606209e+30
1223 1.425757e+36 2.395294e+12 2.635364e+30
1224 1.442638e+36 2.423682e+12 2.664964e+30
1225 1.459718e+36 2.452408e+12 2.695026e+30
1226 1.477000e+36 2.481474e+12 2.725559e+30
1227 1.494487e+36 2.510885e+12 2.756572e+30
1228 1.512180e+36 2.540645e+12 2.788076e+30
1229 1.530084e+36 2.570757e+12 2.820080e+30
1230 1.548199e+36 2.601225e+12 2.852577e+30
1231 1.566529e+36 2.632055e+12 2.885544e+30
1232 1.585075e+36 2.663249e+12 2.918954e+30
1233 1.603842e+36 2.694813e+12 2.952777e+30
1234 1.622830e+36 2.726751e+12 2.986985e+30
1235 1.642044e+36 2.759068e+12 3.021582e+30
1236 1.661485e+36 2.791767e+12 3.056614e+30
1237 1.681156e+36 2.824855e+12 3.092133e+30
1238 1.701059e+36 2.858334e+12 3.128193e+30
1239 1.721199e+36 2.892210e+12 3.164849e+30
1240 1.741577e+36 2.926488e+12 3.202135e+30
1241 1.762196e+36 2.961172e+12 3.240058e+30
1242 1.783060e+36 2.996267e+12 3.278621e+30
1243 1.804170e+36 3.031778e+12 3.317827e+30
1244 1.825530e+36 3.067710e+12 3.357680e+30
1245 1.847143e+36 3.104068e+12 3.398173e+30
1246 1.869013e+36 3.140857e+12 3.439289e+30
1247 1.891141e+36 3.178082e+12 3.481008e+30
1248 1.913531e+36 3.215749e+12 3.523309e+30
1249 1.936186e+36 3.253862e+12 3.566169e+30
1250 1.959109e+36 3.292427e+12 3.609579e+30
1251 1.982304e+36 3.331448e+12 3.653552e+30
1252 2.005773e+36 3.370932e+12 3.698102e+30
1253 2.029520e+36 3.410883e+12 3.743244e+30
1254 2.053548e+36 3.451307e+12 3.788992e+30
1255 2.077861e+36 3.492210e+12 3.835377e+30
1256 2.102462e+36 3.533597e+12 3.882447e+30
1257 2.127354e+36 3.575475e+12 3.930252e+30
1258 2.152540e+36 3.617850e+12 3.978847e+30
1259 2.178025e+36 3.660728e+12 4.028290e+30
1260 2.203812e+36 3.704115e+12 4.078611e+30
1261 2.229904e+36 3.748018e+12 4.129805e+30
1262 2.256304e+36 3.792440e+12 4.181866e+30
1263 2.283018e+36 3.837390e+12 4.234785e+30
1264 2.310047e+36 3.882872e+12 4.288551e+30
1265 2.337397e+36 3.928892e+12 4.343151e+30
1266 2.365070e+36 3.975458e+12 4.398568e+30
1267 2.393071e+36 4.022575e+12 4.454781e+30
1268 2.421404e+36 4.070251e+12 4.511769e+30
1269 2.450072e+36 4.118491e+12 4.569509e+30
1270 2.479079e+36 4.167304e+12 4.627996e+30
1271 2.508430e+36 4.216696e+12 4.687252e+30
1272 2.538128e+36 4.266673e+12 4.747301e+30
1273 2.568178e+36 4.317242e+12 4.808170e+30
1274 2.598584e+36 4.368411e+12 4.869884e+30
1275 2.629350e+36 4.420186e+12 4.932474e+30
1276 2.660480e+36 4.472574e+12 4.995966e+30
1277 2.691978e+36 4.525583e+12 5.060391e+30
1278 2.723850e+36 4.579220e+12 5.125781e+30
1279 2.756098e+36 4.633492e+12 5.192168e+30
1280 2.788729e+36 4.688408e+12 5.259594e+30
1281 2.821746e+36 4.743976e+12 5.328111e+30
1282 2.855154e+36 4.800202e+12 5.397775e+30
1283 2.888957e+36 4.857096e+12 5.468644e+30
1284 2.923161e+36 4.914665e+12 5.540779e+30
1285 2.957769e+36 4.972917e+12 5.614204e+30
1286 2.992787e+36 5.031861e+12 5.688887e+30
1287 3.028220e+36 5.091503e+12 5.764788e+30
1288 3.064072e+36 5.151852e+12 5.841864e+30
1289 3.100349e+36 5.212916e+12 5.920065e+30
1290 3.137056e+36 5.274702e+12 5.999360e+30
1291 3.174196e+36 5.337221e+12 6.079738e+30
1292 3.211777e+36 5.400480e+12 6.161190e+30
1293 3.249803e+36 5.464489e+12 6.243704e+30
1294 3.288278e+36 5.529258e+12 6.327269e+30
1295 3.327210e+36 5.594796e+12 6.411902e+30
1296 3.366602e+36 5.661111e+12 6.497671e+30
1297 3.406460e+36 5.728212e+12 6.584651e+30
1298 3.446791e+36 5.796109e+12 6.672920e+30
1299 3.487599e+36 5.864809e+12 6.762561e+30
1300 3.528890e+36 5.934324e+12 6.853599e+30
1301 3.570670e+36 6.004662e+12 6.945968e+30
1302 3.612945e+36 6.075833e+12 7.039589e+30
1303 3.655720e+36 6.147847e+12 7.134374e+30
1304 3.699001e+36 6.220715e+12 7.230233e+30
1305 3.742795e+36 6.294447e+12 7.327196e+30
1306 3.787108e+36 6.369053e+12 7.425496e+30
1307 3.831945e+36 6.444544e+12 7.525398e+30
1308 3.877313e+36 6.520931e+12 7.627188e+30
1309 3.923218e+36 6.598226e+12 7.731162e+30
1310 3.969667e+36 6.676438e+12 7.837456e+30
1311 4.016665e+36 6.755578e+12 7.945916e+30
1312 4.064220e+36 6.835657e+12 8.056350e+30
1313 4.112338e+36 6.916686e+12 8.168550e+30
1314 4.161026e+36 6.998674e+12 8.282293e+30
1315 4.210290e+36 7.081634e+12 8.397447e+30
1316 4.260137e+36 7.165577e+12 8.514050e+30
1317 4.310575e+36 7.250515e+12 8.632155e+30
1318 4.361609e+36 7.336461e+12 8.751818e+30
1319 4.413248e+36 7.423425e+12 8.873099e+30
1320 4.465498e+36 7.511422e+12 8.996062e+30
1321 4.518367e+36 7.600462e+12 9.120775e+30
1322 4.571862e+36 7.690558e+12 9.247308e+30
1323 4.625990e+36 7.781721e+12 9.375737e+30
1324 4.680759e+36 7.873964e+12 9.506139e+30
1325 4.736177e+36 7.967300e+12 9.638547e+30
1326 4.792250e+36 8.061742e+12 9.772907e+30
1327 4.848988e+36 8.157303e+12 9.909153e+30
1328 4.906397e+36 8.253998e+12 1.004721e+31
1329 4.964486e+36 8.351840e+12 1.018700e+31
1330 5.023262e+36 8.450843e+12 1.032850e+31
1331 5.082735e+36 8.551021e+12 1.047182e+31
1332 5.142911e+36 8.652387e+12 1.061705e+31
1333 5.203800e+36 8.754954e+12 1.076434e+31
1334 5.265410e+36 8.858736e+12 1.091379e+31
1335 5.327750e+36 8.963748e+12 1.106551e+31
1336 5.390827e+36 9.070004e+12 1.121950e+31
1337 5.454651e+36 9.177519e+12 1.137579e+31
1338 5.519231e+36 9.286309e+12 1.153437e+31
1339 5.584575e+36 9.396390e+12 1.169525e+31
1340 5.650694e+36 9.507776e+12 1.185851e+31
1341 5.717594e+36 9.620485e+12 1.202432e+31
1342 5.785287e+36 9.734531e+12 1.219292e+31
1343 5.853782e+36 9.849930e+12 1.236452e+31
1344 5.923087e+36 9.966700e+12 1.253938e+31
1345 5.993213e+36 1.008486e+13 1.271761e+31
1346 6.064169e+36 1.020441e+13 1.289909e+31
1347 6.135965e+36 1.032539e+13 1.308364e+31
1348 6.208611e+36 1.044780e+13 1.327107e+31
1349 6.282118e+36 1.057166e+13 1.346119e+31
1350 6.356494e+36 1.069699e+13 1.365386e+31
1351 6.431751e+36 1.082380e+13 1.384912e+31
1352 6.507900e+36 1.095212e+13 1.404703e+31
1353 6.584949e+36 1.108196e+13 1.424764e+31
1354 6.662911e+36 1.121334e+13 1.445101e+31
1355 6.741796e+36 1.134628e+13 1.465722e+31
1356 6.821615e+36 1.148080e+13 1.486636e+31
1357 6.902379e+36 1.161691e+13 1.507852e+31
1358 6.984099e+36 1.175464e+13 1.529380e+31
1359 7.066787e+36 1.189399e+13 1.551232e+31
1360 7.150453e+36 1.203500e+13 1.573415e+31
1361 7.235110e+36 1.217768e+13 1.595928e+31
1362 7.320770e+36 1.232205e+13 1.618770e+31
1363 7.407443e+36 1.246814e+13 1.641939e+31
1364 7.495143e+36 1.261595e+13 1.665434e+31
1365 7.583881e+36 1.276552e+13 1.689254e+31
1366 7.673670e+36 1.291687e+13 1.713409e+31
1367 7.764522e+36 1.307001e+13 1.737909e+31
1368 7.856449e+36 1.322497e+13 1.762766e+31
1369 7.949465e+36 1.338177e+13 1.787990e+31
1370 8.043582e+36 1.354042e+13 1.813592e+31
1371 8.138813e+36 1.370095e+13 1.839577e+31
1372 8.235172e+36 1.386339e+13 1.865950e+31
1373 8.332671e+36 1.402775e+13 1.892716e+31
1374 8.431325e+36 1.419406e+13 1.919879e+31
1375 8.531147e+36 1.436234e+13 1.947444e+31
1376 8.632151e+36 1.453262e+13 1.975414e+31
1377 8.734351e+36 1.470493e+13 2.003792e+31
1378 8.837760e+36 1.487927e+13 2.032579e+31
1379 8.942394e+36 1.505568e+13 2.061777e+31
1380 9.048267e+36 1.523418e+13 2.091395e+31
1381 9.155393e+36 1.541480e+13 2.121456e+31
1382 9.263787e+36 1.559757e+13 2.151986e+31
1383 9.373465e+36 1.578249e+13 2.183014e+31
1384 9.484441e+36 1.596962e+13 2.214568e+31
1385 9.596731e+36 1.615896e+13 2.246678e+31
1386 9.710351e+36 1.635055e+13 2.279374e+31
1387 9.825316e+36 1.654441e+13 2.312685e+31
1388 9.941642e+36 1.674058e+13 2.346642e+31
1389 1.005935e+37 1.693907e+13 2.381278e+31
1390 1.017844e+37 1.713993e+13 2.416609e+31
1391 1.029895e+37 1.734317e+13 2.452602e+31
1392 1.042088e+37 1.754882e+13 2.489217e+31
1393 1.054426e+37 1.775691e+13 2.526408e+31
1394 1.066910e+37 1.796747e+13 2.564127e+31
1395 1.079541e+37 1.818052e+13 2.602347e+31
1396 1.092322e+37 1.839609e+13 2.641114e+31
1397 1.105255e+37 1.861423e+13 2.680486e+31
1398 1.118340e+37 1.883495e+13 2.720525e+31
1399 1.131581e+37 1.905829e+13 2.761297e+31
1400 1.144978e+37 1.928428e+13 2.802846e+31
1401 1.158534e+37 1.951296e+13 2.845156e+31
1402 1.172250e+37 1.974435e+13 2.888196e+31
1403 1.186129e+37 1.997848e+13 2.931935e+31
1404 1.200172e+37 2.021539e+13 2.976337e+31
1405 1.214382e+37 2.045511e+13 3.021385e+31
1406 1.228759e+37 2.069767e+13 3.067119e+31
1407 1.243307e+37 2.094311e+13 3.113591e+31
1408 1.258027e+37 2.119146e+13 3.160855e+31
1409 1.272921e+37 2.144275e+13 3.208969e+31
1410 1.287992e+37 2.169703e+13 3.257982e+31
1411 1.303241e+37 2.195433e+13 3.307914e+31
1412 1.318671e+37 2.221467e+13 3.358779e+31
1413 1.334283e+37 2.247811e+13 3.410589e+31
1414 1.350080e+37 2.274468e+13 3.463360e+31
1415 1.366064e+37 2.301440e+13 3.517098e+31
1416 1.382237e+37 2.328733e+13 3.571787e+31
1417 1.398602e+37 2.356349e+13 3.627406e+31
1418 1.415161e+37 2.384293e+13 3.683932e+31
1419 1.431916e+37 2.412569e+13 3.741337e+31
1420 1.448869e+37 2.441179e+13 3.799631e+31
1421 1.466022e+37 2.470129e+13 3.858929e+31
1422 1.483379e+37 2.499423e+13 3.919373e+31
1423 1.500942e+37 2.529064e+13 3.981115e+31
1424 1.518712e+37 2.559057e+13 4.044318e+31
1425 1.536693e+37 2.589407e+13 4.109082e+31
1426 1.554886e+37 2.620117e+13 4.175302e+31
1427 1.573295e+37 2.651191e+13 4.242822e+31
1428 1.591922e+37 2.682634e+13 4.311475e+31
1429 1.610769e+37 2.714450e+13 4.381081e+31
1430 1.629840e+37 2.746643e+13 4.451545e+31
1431 1.649136e+37 2.779217e+13 4.523077e+31
1432 1.668661e+37 2.812178e+13 4.595963e+31
1433 1.688417e+37 2.845530e+13 4.670507e+31
1434 1.708407e+37 2.879279e+13 4.747034e+31
1435 1.728633e+37 2.913428e+13 4.825778e+31
1436 1.749099e+37 2.947983e+13 4.906628e+31
1437 1.769808e+37 2.982949e+13 4.989396e+31
1438 1.790761e+37 3.018330e+13 5.073874e+31
1439 1.811963e+37 3.054130e+13 5.159837e+31
1440 1.833415e+37 3.090355e+13 5.247134e+31
1441 1.855122e+37 3.127009e+13 5.335894e+31
1442 1.877085e+37 3.164099e+13 5.426313e+31
1443 1.899309e+37 3.201628e+13 5.518602e+31
1444 1.921796e+37 3.239603e+13 5.612982e+31
1445 1.944549e+37 3.278029e+13 5.709658e+31
1446 1.967571e+37 3.316912e+13 5.808729e+31
1447 1.990866e+37 3.356256e+13 5.910278e+31
1448 2.014436e+37 3.396067e+13 6.014389e+31
1449 2.038286e+37 3.436352e+13 6.121149e+31
1450 2.062418e+37 3.477115e+13 6.230601e+31
1451 2.086836e+37 3.518362e+13 6.342623e+31
1452 2.111543e+37 3.560098e+13 6.457044e+31
1453 2.136542e+37 3.602330e+13 6.573677e+31
1454 2.161838e+37 3.645063e+13 6.692322e+31
1455 2.187433e+37 3.688303e+13 6.812921e+31
1456 2.213331e+37 3.732056e+13 6.935995e+31
1457 2.239535e+37 3.776329e+13 7.062230e+31
1458 2.266050e+37 3.821128e+13 7.192356e+31
1459 2.292879e+37 3.866462e+13 7.327156e+31
1460 2.320025e+37 3.912335e+13 7.467179e+31
1461 2.347493e+37 3.958755e+13 7.611984e+31
1462 2.375286e+37 4.005726e+13 7.760849e+31
1463 2.403408e+37 4.053256e+13 7.912997e+31
1464 2.431862e+37 4.101349e+13 8.067590e+31
1465 2.460654e+37 4.150012e+13 8.224048e+31
1466 2.489787e+37 4.199251e+13 8.382975e+31
1467 2.519265e+37 4.249076e+13 8.545307e+31
1468 2.549091e+37 4.299492e+13 8.712044e+31
1469 2.579271e+37 4.350509e+13 8.884256e+31
1470 2.609808e+37 4.402134e+13 9.062809e+31
1471 2.640707e+37 4.454373e+13 9.247558e+31
1472 2.671971e+37 4.507234e+13 9.438075e+31
1473 2.703606e+37 4.560724e+13 9.633894e+31
1474 2.735615e+37 4.614849e+13 9.834512e+31
1475 2.768003e+37 4.669616e+13 1.003947e+32
1476 2.800774e+37 4.725033e+13 1.024866e+32
1477 2.833934e+37 4.781108e+13 1.046204e+32
1478 2.867486e+37 4.837849e+13 1.067959e+32
1479 2.901435e+37 4.895265e+13 1.090124e+32
1480 2.935786e+37 4.953365e+13 1.112692e+32
1481 2.970544e+37 5.012155e+13 1.135642e+32
1482 3.005714e+37 5.071646e+13 1.158945e+32
1483 3.041300e+37 5.131845e+13 1.182574e+32
1484 3.077307e+37 5.192761e+13 1.206496e+32
1485 3.113741e+37 5.254402e+13 1.230700e+32
1486 3.150605e+37 5.316777e+13 1.255275e+32
1487 3.187907e+37 5.379894e+13 1.280342e+32
1488 3.225650e+37 5.443761e+13 1.306032e+32
1489 3.263839e+37 5.508386e+13 1.332483e+32
1490 3.302481e+37 5.573778e+13 1.359733e+32
1491 3.341581e+37 5.639947e+13 1.387340e+32
1492 3.381143e+37 5.706901e+13 1.414693e+32
1493 3.421174e+37 5.774651e+13 1.441139e+32
1494 3.461679e+37 5.843205e+13 1.465978e+32
1495 3.502663e+37 5.912575e+13 1.488633e+32
1496 3.544132e+37 5.982770e+13 1.509273e+32
1497 3.586093e+37 6.053799e+13 1.528307e+32
1498 3.628550e+37 6.125671e+13 1.546174e+32
1499 3.671510e+37 6.198397e+13 1.563352e+32
1500 3.714978e+37 6.271985e+13 1.580393e+32
1501 3.758961e+37 6.346448e+13 1.598095e+32
1502 3.803465e+37 6.421796e+13 1.617372e+32
1503 3.848496e+37 6.498039e+13 1.639203e+32
1504 3.894060e+37 6.575190e+13 1.664633e+32
1505 3.940163e+37 6.653259e+13 1.694540e+32
1506 3.986813e+37 6.732256e+13 1.728684e+32
1507 4.034014e+37 6.812193e+13 1.766448e+32
1508 4.081775e+37 6.893079e+13 1.807163e+32
1509 4.130100e+37 6.974924e+13 1.850108e+32
1510 4.178998e+37 7.057740e+13 1.894607e+32
1511 4.228475e+37 7.141539e+13 1.940444e+32
1512 4.278538e+37 7.226335e+13 1.987544e+32
1513 4.329193e+37 7.312142e+13 2.035825e+32
1514 4.380448e+37 7.398975e+13 2.085198e+32
1515 4.432310e+37 7.486848e+13 2.135607e+32
1516 4.484786e+37 7.575772e+13 2.187200e+32
1517 4.537883e+37 7.665761e+13 2.240204e+32
1518 4.591609e+37 7.756827e+13 2.294857e+32
1519 4.645971e+37 7.848981e+13 2.351416e+32
1520 4.700977e+37 7.942235e+13 2.410104e+32
1521 4.756634e+37 8.036602e+13 2.470902e+32
1522 4.812949e+37 8.132091e+13 2.533700e+32
1523 4.869932e+37 8.228715e+13 2.598380e+32
1524 4.927589e+37 8.326483e+13 2.664811e+32
1525 4.985929e+37 8.425408e+13 2.732890e+32
1526 5.044959e+37 8.525507e+13 2.802722e+32
1527 5.104688e+37 8.626799e+13 2.874490e+32
1528 5.165125e+37 8.729303e+13 2.948387e+32
1529 5.226277e+37 8.833039e+13 3.024619e+32
1530 5.288153e+37 8.938027e+13 3.103374e+32
1531 5.350762e+37 9.044278e+13 3.184673e+32
1532 5.414111e+37 9.151802e+13 3.268477e+32
1533 5.478211e+37 9.260607e+13 3.354739e+32
1534 5.543070e+37 9.370703e+13 3.443407e+32
1535 5.608697e+37 9.482098e+13 3.534445e+32
1536 5.675100e+37 9.594812e+13 3.627943e+32
1537 5.742290e+37 9.708866e+13 3.724042e+32
1538 5.810276e+37 9.824282e+13 3.822891e+32
1539 5.879066e+37 9.941084e+13 3.924647e+32
1540 5.948671e+37 1.005929e+14 4.029464e+32
1541 6.019099e+37 1.017893e+14 4.137439e+32
1542 6.090362e+37 1.029999e+14 4.248649e+32
1543 6.162468e+37 1.042251e+14 4.363174e+32
1544 6.235428e+37 1.054649e+14 4.481094e+32
1545 6.309252e+37 1.067194e+14 4.602487e+32
1546 6.383950e+37 1.079888e+14 4.727408e+32
1547 6.459532e+37 1.092734e+14 4.855901e+32
1548 6.536009e+37 1.105733e+14 4.988010e+32
1549 6.613392e+37 1.118889e+14 5.123776e+32
1550 6.691690e+37 1.132203e+14 5.263255e+32
1551 6.770916e+37 1.145677e+14 5.406598e+32
1552 6.851079e+37 1.159313e+14 5.554001e+32
1553 6.932192e+37 1.173114e+14 5.705668e+32
1554 7.014265e+37 1.187081e+14 5.861812e+32
1555 7.097310e+37 1.201217e+14 6.022646e+32
1556 7.181338e+37 1.215522e+14 6.188297e+32
1557 7.266361e+37 1.229999e+14 6.358860e+32
1558 7.352390e+37 1.244649e+14 6.534430e+32
1559 7.439438e+37 1.259472e+14 6.715103e+32
1560 7.527517e+37 1.274471e+14 6.900992e+32
1561 7.616638e+37 1.289647e+14 7.092312e+32
1562 7.706815e+37 1.305005e+14 7.289334e+32
1563 7.798059e+37 1.320548e+14 7.492337e+32
1564 7.890383e+37 1.336280e+14 7.701618e+32
1565 7.983801e+37 1.352205e+14 7.917460e+32
1566 8.078324e+37 1.368325e+14 8.140000e+32
1567 8.173967e+37 1.384639e+14 8.369304e+32
1568 8.270742e+37 1.401149e+14 8.605434e+32
1569 8.368662e+37 1.417856e+14 8.848448e+32
1570 8.467742e+37 1.434760e+14 9.098440e+32
1571 8.567996e+37 1.451865e+14 9.355770e+32
1572 8.669436e+37 1.469173e+14 9.620940e+32
1573 8.772077e+37 1.486690e+14 9.894476e+32
1574 8.875933e+37 1.504418e+14 1.017693e+33
1575 8.981019e+37 1.522362e+14 1.046886e+33
1576 9.087349e+37 1.540524e+14 1.077052e+33
1577 9.194937e+37 1.558908e+14 1.108207e+33
1578 9.303800e+37 1.577514e+14 1.140364e+33
1579 9.413952e+37 1.596345e+14 1.173538e+33
1580 9.525407e+37 1.615404e+14 1.207743e+33
1581 9.638182e+37 1.634692e+14 1.243012e+33
1582 9.752293e+37 1.654212e+14 1.279383e+33
1583 9.867754e+37 1.673967e+14 1.316898e+33
1584 9.984583e+37 1.693961e+14 1.355598e+33
1585 1.010279e+38 1.714195e+14 1.395533e+33
1586 1.022241e+38 1.734674e+14 1.436796e+33
1587 1.034343e+38 1.755401e+14 1.479506e+33
1588 1.046589e+38 1.776381e+14 1.523787e+33
1589 1.058980e+38 1.797619e+14 1.569773e+33
1590 1.071518e+38 1.819118e+14 1.617586e+33
1591 1.084204e+38 1.840880e+14 1.667202e+33
1592 1.097040e+38 1.862907e+14 1.718524e+33
1593 1.110029e+38 1.885198e+14 1.771441e+33
1594 1.123171e+38 1.907754e+14 1.825836e+33
1595 1.136469e+38 1.930576e+14 1.881615e+33
1596 1.149924e+38 1.953669e+14 1.939007e+33
1597 1.163538e+38 1.977041e+14 1.998417e+33
1598 1.177314e+38 2.000701e+14 2.060281e+33
1599 1.191252e+38 2.024656e+14 2.125063e+33
1600 1.205356e+38 2.048914e+14 2.193201e+33
1601 1.219627e+38 2.073479e+14 2.264686e+33
1602 1.234066e+38 2.098349e+14 2.339251e+33
1603 1.248677e+38 2.123523e+14 2.416605e+33
1604 1.263461e+38 2.148999e+14 2.496433e+33
1605 1.278419e+38 2.174776e+14 2.578447e+33
1606 1.293555e+38 2.200859e+14 2.662850e+33
1607 1.308870e+38 2.227256e+14 2.750130e+33
1608 1.324366e+38 2.253976e+14 2.840809e+33
1609 1.340046e+38 2.281029e+14 2.935444e+33
1610 1.355911e+38 2.308423e+14 3.034586e+33
1611 1.371964e+38 2.336165e+14 3.138449e+33
1612 1.388208e+38 2.364255e+14 3.247048e+33
1613 1.404643e+38 2.392696e+14 3.360391e+33
1614 1.421273e+38 2.421489e+14 3.478481e+33
1615 1.438100e+38 2.450638e+14 3.601323e+33
1616 1.455127e+38 2.480144e+14 3.728998e+33
1617 1.472355e+38 2.510013e+14 3.861633e+33
1618 1.489786e+38 2.540247e+14 3.999360e+33
1619 1.507425e+38 2.570852e+14 4.142312e+33
1620 1.525272e+38 2.601832e+14 4.290664e+33
1621 1.543330e+38 2.633194e+14 4.444972e+33
1622 1.561602e+38 2.664950e+14 4.606050e+33
1623 1.580090e+38 2.697110e+14 4.774759e+33
1624 1.598798e+38 2.729686e+14 4.952017e+33
1625 1.617727e+38 2.762689e+14 5.138708e+33
1626 1.636880e+38 2.796121e+14 5.334850e+33
1627 1.656259e+38 2.829976e+14 5.539898e+33
1628 1.675868e+38 2.864251e+14 5.753249e+33
1629 1.695710e+38 2.898938e+14 5.974243e+33
1630 1.715786e+38 2.934034e+14 6.202296e+33
1631 1.736100e+38 2.969549e+14 6.438195e+33
1632 1.756654e+38 3.005506e+14 6.683650e+33
1633 1.777452e+38 3.041928e+14 6.940500e+33
1634 1.798496e+38 3.078842e+14 7.210698e+33
1635 1.819789e+38 3.116271e+14 7.496182e+33
1636 1.841334e+38 3.154220e+14 7.797399e+33
1637 1.863135e+38 3.192680e+14 8.113785e+33
1638 1.885193e+38 3.231642e+14 8.444701e+33
1639 1.907513e+38 3.271092e+14 8.789440e+33
1640 1.930096e+38 3.311021e+14 9.147332e+33
1641 1.952948e+38 3.351436e+14 9.518885e+33
1642 1.976069e+38 3.392357e+14 9.905436e+33
1643 1.999465e+38 3.433808e+14 1.030841e+34
1644 2.023137e+38 3.475812e+14 1.072932e+34
1645 2.047090e+38 3.518393e+14 1.116971e+34
1646 2.071326e+38 3.561562e+14 1.163063e+34
1647 2.095850e+38 3.605323e+14 1.211278e+34
1648 2.120663e+38 3.649681e+14 1.261688e+34
1649 2.145771e+38 3.694638e+14 1.314369e+34
1650 2.171175e+38 3.740197e+14 1.369396e+34
1651 2.196881e+38 3.786362e+14 1.426848e+34
1652 2.222891e+38 3.833137e+14 1.486804e+34
1653 2.249208e+38 3.880526e+14 1.549349e+34
1654 2.275838e+38 3.928533e+14 1.614566e+34
1655 2.302782e+38 3.977163e+14 1.682544e+34
1656 2.330046e+38 4.026435e+14 1.753394e+34
1657 2.357632e+38 4.076383e+14 1.827242e+34
1658 2.385545e+38 4.127042e+14 1.904218e+34
1659 2.413789e+38 4.178446e+14 1.984460e+34
1660 2.442366e+38 4.230633e+14 2.068112e+34
1661 2.471283e+38 4.283606e+14 2.155348e+34
1662 2.500541e+38 4.337344e+14 2.246365e+34
1663 2.530146e+38 4.391823e+14 2.341372e+34
1664 2.560101e+38 4.447018e+14 2.440586e+34
1665 2.590412e+38 4.502902e+14 2.544224e+34
1666 2.621080e+38 4.559498e+14 2.652364e+34
1667 2.652113e+38 4.616867e+14 2.764975e+34
1668 2.683512e+38 4.675074e+14 2.882015e+34
1669 2.715283e+38 4.734187e+14 3.003432e+34
1670 2.747431e+38 4.794276e+14 3.129183e+34
1671 2.779958e+38 4.855357e+14 3.259487e+34
1672 2.812872e+38 4.917407e+14 3.394776e+34
1673 2.846174e+38 4.980394e+14 3.535513e+34
1674 2.879871e+38 5.044287e+14 3.682186e+34
1675 2.913967e+38 5.109053e+14 3.835291e+34
1676 2.948467e+38 5.174703e+14 3.995037e+34
1677 2.983375e+38 5.241280e+14 4.161387e+34
1678 3.018696e+38 5.308834e+14 4.334291e+34
1679 3.054436e+38 5.377416e+14 4.513683e+34
1680 3.090599e+38 5.447077e+14 4.699499e+34
1681 3.127190e+38 5.517852e+14 4.891852e+34
1682 3.164214e+38 5.589759e+14 5.091011e+34
1683 3.201676e+38 5.662814e+14 5.297262e+34
1684 3.239582e+38 5.737036e+14 5.510900e+34
1685 3.277937e+38 5.812443e+14 5.732241e+34
1686 3.316746e+38 5.889045e+14 5.961733e+34
1687 3.356014e+38 5.966852e+14 6.199946e+34
1688 3.395747e+38 6.045869e+14 6.447483e+34
1689 3.435951e+38 6.126104e+14 6.704978e+34
1690 3.476630e+38 6.207564e+14 6.973059e+34
1691 3.517792e+38 6.290285e+14 7.251705e+34
1692 3.559440e+38 6.374332e+14 7.540298e+34
1693 3.601582e+38 6.459774e+14 7.838148e+34
1694 3.644223e+38 6.546681e+14 8.144501e+34
1695 3.687368e+38 6.635128e+14 8.458612e+34
1696 3.731024e+38 6.725144e+14 8.781024e+34
1697 3.775197e+38 6.816719e+14 9.113483e+34
1698 3.819894e+38 6.909839e+14 9.457885e+34
1699 3.865119e+38 7.004487e+14 9.816255e+34
1700 3.910880e+38 7.100645e+14 1.019064e+35
1701 3.957182e+38 7.198343e+14 1.058124e+35
1702 4.004033e+38 7.297651e+14 1.098650e+35
1703 4.051438e+38 7.398645e+14 1.140467e+35
1704 4.099405e+38 7.501404e+14 1.183385e+35
1705 4.147939e+38 7.606011e+14 1.227210e+35
1706 4.197049e+38 7.712516e+14 1.271953e+35
1707 4.246739e+38 7.820939e+14 1.317827e+35
1708 4.297018e+38 7.931297e+14 1.365065e+35
1709 4.347892e+38 8.043609e+14 1.413917e+35
1710 4.399369e+38 8.157891e+14 1.464640e+35
1711 4.451455e+38 8.274176e+14 1.517328e+35
1712 4.504157e+38 8.392513e+14 1.571913e+35
1713 4.557484e+38 8.512953e+14 1.628313e+35
1714 4.611442e+38 8.635548e+14 1.686439e+35
1715 4.666038e+38 8.760352e+14 1.746195e+35
1716 4.721282e+38 8.887417e+14 1.807550e+35
1717 4.777179e+38 9.016795e+14 1.870542e+35
1718 4.833738e+38 9.148541e+14 1.935210e+35
1719 4.890966e+38 9.282708e+14 2.001596e+35
1720 4.948872e+38 9.419354e+14 2.069745e+35
1721 5.007464e+38 9.558541e+14 2.139778e+35
1722 5.066750e+38 9.700343e+14 2.211895e+35
1723 5.126737e+38 9.844833e+14 2.286313e+35
1724 5.187434e+38 9.992088e+14 2.363258e+35
1725 5.248851e+38 1.014219e+15 2.442963e+35
1726 5.310994e+38 1.029518e+15 2.525421e+35
1727 5.373873e+38 1.045107e+15 2.610366e+35
1728 5.437496e+38 1.060989e+15 2.697500e+35
1729 5.501873e+38 1.077163e+15 2.786499e+35
1730 5.567012e+38 1.093631e+15 2.877031e+35
1731 5.632922e+38 1.110400e+15 2.969149e+35
1732 5.699613e+38 1.127487e+15 3.063339e+35
1733 5.767093e+38 1.144908e+15 3.160140e+35
1734 5.835372e+38 1.162682e+15 3.260126e+35
1735 5.904459e+38 1.180825e+15 3.363891e+35
1736 5.974364e+38 1.199347e+15 3.471564e+35
1737 6.045097e+38 1.218243e+15 3.582747e+35
1738 6.116668e+38 1.237507e+15 3.696978e+35
1739 6.189086e+38 1.257134e+15 3.813761e+35
1740 6.262361e+38 1.277118e+15 3.932576e+35
1741 6.336503e+38 1.297463e+15 4.053350e+35
1742 6.411524e+38 1.318191e+15 4.176531e+35
1743 6.487432e+38 1.339323e+15 4.302628e+35
1744 6.564240e+38 1.360884e+15 4.432182e+35
1745 6.641957e+38 1.382897e+15 4.565756e+35
1746 6.720593e+38 1.405377e+15 4.703613e+35
1747 6.800161e+38 1.428328e+15 4.845649e+35
1748 6.880671e+38 1.451752e+15 4.991724e+35
1749 6.962134e+38 1.475652e+15 5.141687e+35
1750 7.044562e+38 1.500029e+15 5.295371e+35
1751 7.127965e+38 1.524888e+15 5.452694e+35
1752 7.212356e+38 1.550237e+15 5.613679e+35
1753 7.297746e+38 1.576085e+15 5.778355e+35
1754 7.384147e+38 1.602441e+15 5.946745e+35
1755 7.471571e+38 1.629313e+15 6.118880e+35
1756 7.560030e+38 1.656720e+15 6.294964e+35
1757 7.649536e+38 1.684689e+15 6.475427e+35
1758 7.740102e+38 1.713252e+15 6.660737e+35
1759 7.831741e+38 1.742439e+15 6.851392e+35
1760 7.924464e+38 1.772283e+15 7.047904e+35
1761 8.018285e+38 1.802797e+15 7.250361e+35
1762 8.113217e+38 1.833963e+15 7.458291e+35
1763 8.209272e+38 1.865759e+15 7.671150e+35
1764 8.306465e+38 1.898164e+15 7.888346e+35
1765 8.404809e+38 1.931152e+15 8.109260e+35
1766 8.504317e+38 1.964733e+15 8.333885e+35
1767 8.605003e+38 1.998964e+15 8.563038e+35
1768 8.706881e+38 2.033907e+15 8.797645e+35
1769 8.809966e+38 2.069628e+15 9.038694e+35
1770 8.914270e+38 2.106196e+15 9.287217e+35
1771 9.019810e+38 2.143639e+15 9.543591e+35
1772 9.126599e+38 2.181933e+15 9.807289e+35
1773 9.234653e+38 2.221045e+15 1.007768e+36
1774 9.343986e+38 2.260939e+15 1.035406e+36
1775 9.454613e+38 2.301576e+15 1.063571e+36
1776 9.566550e+38 2.342957e+15 1.092247e+36
1777 9.679812e+38 2.385135e+15 1.121497e+36
1778 9.794416e+38 2.428169e+15 1.151394e+36
1779 9.910376e+38 2.472124e+15 1.182017e+36
1780 1.002771e+39 2.517066e+15 1.213448e+36
1781 1.014643e+39 2.563037e+15 1.245735e+36
1782 1.026656e+39 2.610046e+15 1.278879e+36
1783 1.038811e+39 2.658097e+15 1.312874e+36
1784 1.051110e+39 2.707195e+15 1.347712e+36
1785 1.063554e+39 2.757343e+15 1.383387e+36
1786 1.076146e+39 2.808547e+15 1.419895e+36
1787 1.088887e+39 2.860815e+15 1.457239e+36
1788 1.101779e+39 2.914159e+15 1.495423e+36
1789 1.114823e+39 2.968586e+15 1.534449e+36
1790 1.128022e+39 3.024106e+15 1.574320e+36
1791 1.141377e+39 3.080754e+15 1.615065e+36
1792 1.154890e+39 3.138604e+15 1.656757e+36
1793 1.168564e+39 3.197738e+15 1.699473e+36
1794 1.182399e+39 3.258242e+15 1.743297e+36
1795 1.196398e+39 3.320204e+15 1.788316e+36
1796 1.210562e+39 3.383661e+15 1.834562e+36
1797 1.224895e+39 3.448561e+15 1.881981e+36
1798 1.239397e+39 3.514840e+15 1.930507e+36
1799 1.254070e+39 3.582431e+15 1.980067e+36
1800 1.268918e+39 3.651258e+15 2.030585e+36
1801 1.283941e+39 3.721324e+15 2.082056e+36
1802 1.299142e+39 3.792760e+15 2.134595e+36
1803 1.314523e+39 3.865712e+15 2.188332e+36
1804 1.330087e+39 3.940336e+15 2.243406e+36
1805 1.345834e+39 4.016799e+15 2.299965e+36
1806 1.361768e+39 4.095184e+15 2.358086e+36
1807 1.377890e+39 4.175442e+15 2.417725e+36
1808 1.394204e+39 4.257504e+15 2.478825e+36
1809 1.410710e+39 4.341297e+15 2.541324e+36
1810 1.427412e+39 4.426739e+15 2.605153e+36
1811 1.444312e+39 4.513815e+15 2.670297e+36
1812 1.461412e+39 4.602629e+15 2.736838e+36
1813 1.478714e+39 4.693298e+15 2.804870e+36
1814 1.496221e+39 4.785947e+15 2.874492e+36
1815 1.513936e+39 4.880707e+15 2.945808e+36
1816 1.531860e+39 4.977674e+15 3.018897e+36
1817 1.549996e+39 5.076881e+15 3.093785e+36
1818 1.568347e+39 5.178354e+15 3.170498e+36
1819 1.586915e+39 5.282120e+15 3.249059e+36
1820 1.605703e+39 5.388203e+15 3.329489e+36
1821 1.624714e+39 5.496622e+15 3.411810e+36
1822 1.643950e+39 5.607391e+15 3.496038e+36
1823 1.663413e+39 5.720517e+15 3.582190e+36
1824 1.683107e+39 5.836009e+15 3.670278e+36
1825 1.703034e+39 5.953872e+15 3.760319e+36
1826 1.723197e+39 6.074167e+15 3.852360e+36
1827 1.743598e+39 6.197059e+15 3.946515e+36
1828 1.764242e+39 6.322726e+15 4.042909e+36
1829 1.785129e+39 6.451362e+15 4.141675e+36
1830 1.806264e+39 6.583167e+15 4.242950e+36
1831 1.827649e+39 6.718240e+15 4.346813e+36
1832 1.849287e+39 6.856487e+15 4.453225e+36
1833 1.871182e+39 6.997782e+15 4.562131e+36
1834 1.893336e+39 7.141987e+15 4.673468e+36
1835 1.915752e+39 7.288951e+15 4.787167e+36
1836 1.938433e+39 7.438659e+15 4.903233e+36
1837 1.961383e+39 7.591359e+15 5.021822e+36
1838 1.984605e+39 7.747342e+15 5.143115e+36
1839 2.008101e+39 7.906919e+15 5.267300e+36
1840 2.031876e+39 8.070415e+15 5.394578e+36
1841 2.055932e+39 8.238031e+15 5.525083e+36
1842 2.080273e+39 8.409709e+15 5.658817e+36
1843 2.104902e+39 8.585351e+15 5.795761e+36
1844 2.129823e+39 8.764846e+15 5.935891e+36
1845 2.155039e+39 8.948074e+15 6.079179e+36
1846 2.180553e+39 9.135010e+15 6.225642e+36
1847 2.206370e+39 9.325830e+15 6.375397e+36
1848 2.232492e+39 9.520744e+15 6.528575e+36
1849 2.258923e+39 9.719970e+15 6.685313e+36
1850 2.285668e+39 9.923740e+15 6.845755e+36
1851 2.312729e+39 1.013224e+16 7.010026e+36
1852 2.340110e+39 1.034559e+16 7.178213e+36
1853 2.367815e+39 1.056385e+16 7.350400e+36
1854 2.395849e+39 1.078714e+16 7.526671e+36
1855 2.424214e+39 1.101555e+16 7.707112e+36
1856 2.452916e+39 1.124914e+16 7.891804e+36
1857 2.481957e+39 1.148794e+16 8.080813e+36
1858 2.511342e+39 1.173198e+16 8.274202e+36
1859 2.541074e+39 1.198127e+16 8.472036e+36
1860 2.571159e+39 1.223582e+16 8.674379e+36
1861 2.601600e+39 1.249574e+16 8.881329e+36
1862 2.632402e+39 1.276134e+16 9.093060e+36
1863 2.663568e+39 1.303298e+16 9.309760e+36
1864 2.695103e+39 1.331105e+16 9.531629e+36
1865 2.727011e+39 1.359593e+16 9.758872e+36
1866 2.759297e+39 1.388788e+16 9.991647e+36
1867 2.791966e+39 1.418677e+16 1.023000e+37
1868 2.825021e+39 1.449241e+16 1.047394e+37
1869 2.858468e+39 1.480459e+16 1.072349e+37
1870 2.892310e+39 1.512308e+16 1.097867e+37
1871 2.926554e+39 1.544784e+16 1.123954e+37
1872 2.961202e+39 1.577930e+16 1.150633e+37
1873 2.996261e+39 1.611801e+16 1.177929e+37
1874 3.031735e+39 1.646452e+16 1.205867e+37
1875 3.067629e+39 1.681943e+16 1.234475e+37
1876 3.103948e+39 1.718316e+16 1.263775e+37
1877 3.140697e+39 1.755569e+16 1.293779e+37
1878 3.177881e+39 1.793693e+16 1.324494e+37
1879 3.215505e+39 1.832677e+16 1.355929e+37
1880 3.253575e+39 1.872508e+16 1.388092e+37
1881 3.292095e+39 1.913186e+16 1.420995e+37
1882 3.331072e+39 1.954740e+16 1.454658e+37
1883 3.370510e+39 1.997207e+16 1.489102e+37
1884 3.410414e+39 2.040624e+16 1.524349e+37
1885 3.450792e+39 2.085032e+16 1.560421e+37
1886 3.491647e+39 2.130467e+16 1.597342e+37
1887 3.532986e+39 2.176955e+16 1.635134e+37
1888 3.574815e+39 2.224523e+16 1.673818e+37
1889 3.617138e+39 2.273197e+16 1.713419e+37
1890 3.659963e+39 2.323006e+16 1.753958e+37
1891 3.703295e+39 2.373970e+16 1.795459e+37
1892 3.747140e+39 2.426098e+16 1.837939e+37
1893 3.791504e+39 2.479396e+16 1.881413e+37
1894 3.836393e+39 2.533868e+16 1.925898e+37
1895 3.881813e+39 2.589518e+16 1.971412e+37
1896 3.927772e+39 2.646363e+16 2.017974e+37
1897 3.974274e+39 2.704466e+16 2.065615e+37
1898 4.021327e+39 2.763895e+16 2.114370e+37
1899 4.068937e+39 2.824724e+16 2.164274e+37
1900 4.117111e+39 2.887031e+16 2.215363e+37
1901 4.165855e+39 2.950870e+16 2.267670e+37
1902 4.215177e+39 3.016234e+16 2.321217e+37
1903 4.265082e+39 3.083099e+16 2.376025e+37
1904 4.315578e+39 3.151441e+16 2.432114e+37
1905 4.366672e+39 3.221229e+16 2.489504e+37
1906 4.418371e+39 3.292461e+16 2.548220e+37
1907 4.470682e+39 3.365214e+16 2.608299e+37
1908 4.523612e+39 3.439583e+16 2.669782e+37
1909 4.577169e+39 3.515666e+16 2.732709e+37
1910 4.631360e+39 3.593569e+16 2.797123e+37
1911 4.686192e+39 3.673376e+16 2.863066e+37
1912 4.741674e+39 3.755101e+16 2.930569e+37
1913 4.797813e+39 3.838746e+16 2.999664e+37
1914 4.854616e+39 3.924311e+16 3.070384e+37
1915 4.912092e+39 4.011793e+16 3.142762e+37
1916 4.970248e+39 4.101202e+16 3.216832e+37
1917 5.029093e+39 4.192596e+16 3.292637e+37
1918 5.088634e+39 4.286039e+16 3.370218e+37
1919 5.148881e+39 4.381599e+16 3.449620e+37
1920 5.209840e+39 4.479349e+16 3.530887e+37
1921 5.271522e+39 4.579357e+16 3.614067e+37
1922 5.333934e+39 4.681685e+16 3.699205e+37
1923 5.397084e+39 4.786393e+16 3.786346e+37
1924 5.460982e+39 4.893544e+16 3.875539e+37
1925 5.525637e+39 5.003201e+16 3.966832e+37
1926 5.591058e+39 5.115422e+16 4.060274e+37
1927 5.657252e+39 5.230238e+16 4.155915e+37
1928 5.724231e+39 5.347674e+16 4.253805e+37
1929 5.792002e+39 5.467753e+16 4.353996e+37
1930 5.860576e+39 5.590497e+16 4.456538e+37
1931 5.929962e+39 5.715950e+16 4.561488e+37
1932 6.000169e+39 5.844222e+16 4.668903e+37
1933 6.071208e+39 5.975439e+16 4.778844e+37
1934 6.143087e+39 6.109736e+16 4.891372e+37
1935 6.215818e+39 6.247252e+16 5.006551e+37
1936 6.289409e+39 6.388101e+16 5.124444e+37
1937 6.363872e+39 6.532304e+16 5.245116e+37
1938 6.439217e+39 6.679854e+16 5.368630e+37
1939 6.515453e+39 6.830745e+16 5.495052e+37
1940 6.592593e+39 6.984963e+16 5.624451e+37
1941 6.670645e+39 7.142525e+16 5.756894e+37
1942 6.749621e+39 7.303565e+16 5.892454e+37
1943 6.829533e+39 7.468243e+16 6.031205e+37
1944 6.910391e+39 7.636731e+16 6.173223e+37
1945 6.992206e+39 7.809205e+16 6.318586e+37
1946 7.074989e+39 7.985822e+16 6.467372e+37
1947 7.158753e+39 8.166646e+16 6.619663e+37
1948 7.243508e+39 8.351718e+16 6.775539e+37
1949 7.329267e+39 8.541079e+16 6.935085e+37
1950 7.416041e+39 8.734767e+16 7.098387e+37
1951 7.503843e+39 8.932834e+16 7.265532e+37
1952 7.592684e+39 9.135395e+16 7.436618e+37
1953 7.682577e+39 9.342579e+16 7.611745e+37
1954 7.773534e+39 9.554522e+16 7.791016e+37
1955 7.865568e+39 9.771362e+16 7.974537e+37
1956 7.958692e+39 9.993238e+16 8.162413e+37
1957 8.052918e+39 1.022028e+17 8.354737e+37
1958 8.148260e+39 1.045262e+17 8.551600e+37
1959 8.244730e+39 1.069038e+17 8.753095e+37
1960 8.342343e+39 1.093371e+17 8.959318e+37
1961 8.441112e+39 1.118274e+17 9.170368e+37
1962 8.541049e+39 1.143756e+17 9.386367e+37
1963 8.642170e+39 1.169827e+17 9.607443e+37
1964 8.744489e+39 1.196495e+17 9.833728e+37
1965 8.848018e+39 1.223770e+17 1.006536e+38
1966 8.952773e+39 1.251663e+17 1.030247e+38
1967 9.058769e+39 1.280192e+17 1.054519e+38
1968 9.166019e+39 1.309375e+17 1.079365e+38
1969 9.274540e+39 1.339234e+17 1.104797e+38
1970 9.384345e+39 1.369789e+17 1.130829e+38
1971 9.495450e+39 1.401063e+17 1.157474e+38
1972 9.607870e+39 1.433078e+17 1.184747e+38
1973 9.721622e+39 1.465857e+17 1.212660e+38
1974 9.836720e+39 1.499426e+17 1.241230e+38
1975 9.953181e+39 1.533809e+17 1.270470e+38
