#
#
#
1000 <-- Number of lines
#
#
#
1 1.904413e+24 3.162278e+00 1.452159e+14
2 1.982799e+24 3.292438e+00 1.542766e+14
3 2.064411e+24 3.427955e+00 1.639027e+14
4 2.149382e+24 3.569050e+00 1.741293e+14
5 2.237851e+24 3.715952e+00 1.849941e+14
6 2.329961e+24 3.868901e+00 1.965368e+14
7 2.425863e+24 4.028146e+00 2.087997e+14
8 2.525712e+24 4.193944e+00 2.218277e+14
9 2.629670e+24 4.366568e+00 2.356686e+14
10 2.737908e+24 4.546296e+00 2.503731e+14
11 2.850600e+24 4.733422e+00 2.659950e+14
12 2.967931e+24 4.928250e+00 2.825917e+14
13 3.090091e+24 5.131097e+00 3.002240e+14
14 3.217280e+24 5.342294e+00 3.189564e+14
15 3.349703e+24 5.562183e+00 3.388576e+14
16 3.487578e+24 5.791123e+00 3.600006e+14
17 3.631127e+24 6.029487e+00 3.824628e+14
18 3.780584e+24 6.277661e+00 4.063265e+14
19 3.936193e+24 6.536050e+00 4.316791e+14
20 4.098208e+24 6.805075e+00 4.586137e+14
21 4.266890e+24 7.085172e+00 4.872288e+14
22 4.442516e+24 7.376799e+00 5.176293e+14
23 4.625370e+24 7.680429e+00 5.499267e+14
24 4.815751e+24 7.996556e+00 5.842393e+14
25 5.013968e+24 8.325695e+00 6.206928e+14
26 5.220343e+24 8.668381e+00 6.594208e+14
27 5.435213e+24 9.025173e+00 7.005652e+14
28 5.658927e+24 9.396650e+00 7.442768e+14
29 5.891849e+24 9.783417e+00 7.907158e+14
30 6.134358e+24 1.018610e+01 8.400524e+14
31 6.386849e+24 1.060536e+01 8.924673e+14
32 6.649732e+24 1.104188e+01 9.481526e+14
33 6.923436e+24 1.149637e+01 1.007312e+15
34 7.208405e+24 1.196956e+01 1.070163e+15
35 7.505104e+24 1.246223e+01 1.136936e+15
36 7.814015e+24 1.297517e+01 1.207875e+15
37 8.135641e+24 1.350923e+01 1.283240e+15
38 8.470504e+24 1.406528e+01 1.363308e+15
39 8.819151e+24 1.464420e+01 1.448371e+15
40 9.182148e+24 1.524696e+01 1.538742e+15
41 9.560086e+24 1.587453e+01 1.634751e+15
42 9.953581e+24 1.652792e+01 1.736751e+15
43 1.036327e+25 1.720822e+01 1.845116e+15
44 1.078982e+25 1.791651e+01 1.960241e+15
45 1.123393e+25 1.865395e+01 2.082550e+15
46 1.169632e+25 1.942175e+01 2.212490e+15
47 1.217775e+25 2.022115e+01 2.350538e+15
48 1.267898e+25 2.105346e+01 2.497200e+15
49 1.320085e+25 2.192002e+01 2.653012e+15
50 1.374420e+25 2.282225e+01 2.818546e+15
51 1.430991e+25 2.376162e+01 2.994409e+15
52 1.489891e+25 2.473965e+01 3.181244e+15
53 1.551215e+25 2.575793e+01 3.379737e+15
54 1.615063e+25 2.681813e+01 3.590616e+15
55 1.681539e+25 2.792197e+01 3.814651e+15
56 1.750752e+25 2.907124e+01 4.052666e+15
57 1.822813e+25 3.026782e+01 4.305531e+15
58 1.897840e+25 3.151365e+01 4.574174e+15
59 1.975955e+25 3.281075e+01 4.859578e+15
60 2.057286e+25 3.416124e+01 5.162791e+15
61 2.141964e+25 3.556732e+01 5.484922e+15
62 2.230127e+25 3.703128e+01 5.827153e+15
63 2.321920e+25 3.855549e+01 6.190737e+15
64 2.417490e+25 4.014244e+01 6.577007e+15
65 2.516994e+25 4.179471e+01 6.987378e+15
66 2.620594e+25 4.351498e+01 7.423354e+15
67 2.728458e+25 4.530606e+01 7.886533e+15
68 2.840762e+25 4.717087e+01 8.378612e+15
69 2.957688e+25 4.911242e+01 8.901393e+15
70 3.079426e+25 5.113390e+01 9.456794e+15
71 3.206176e+25 5.323857e+01 1.004685e+16
72 3.338142e+25 5.542988e+01 1.067372e+16
73 3.475541e+25 5.771138e+01 1.133970e+16
74 3.618594e+25 6.008679e+01 1.204724e+16
75 3.767536e+25 6.255996e+01 1.279893e+16
76 3.922608e+25 6.513494e+01 1.359752e+16
77 4.084063e+25 6.781590e+01 1.444593e+16
78 4.252164e+25 7.060721e+01 1.534728e+16
79 4.427183e+25 7.351341e+01 1.630487e+16
80 4.609406e+25 7.653923e+01 1.732221e+16
81 4.799130e+25 7.968960e+01 1.840303e+16
82 4.996663e+25 8.296963e+01 1.955128e+16
83 5.202326e+25 8.638467e+01 2.077118e+16
84 5.416454e+25 8.994027e+01 2.206719e+16
85 5.639396e+25 9.364222e+01 2.344407e+16
86 5.871514e+25 9.749655e+01 2.490686e+16
87 6.113186e+25 1.015095e+02 2.646092e+16
88 6.364806e+25 1.056877e+02 2.811194e+16
89 6.626782e+25 1.100378e+02 2.986598e+16
90 6.899541e+25 1.145669e+02 3.172946e+16
91 7.183526e+25 1.192825e+02 3.370922e+16
92 7.479201e+25 1.241922e+02 3.581250e+16
93 7.787046e+25 1.293040e+02 3.804701e+16
94 8.107561e+25 1.346261e+02 4.042095e+16
95 8.441270e+25 1.401674e+02 4.294300e+16
96 8.788713e+25 1.459367e+02 4.562242e+16
97 9.150457e+25 1.519435e+02 4.846903e+16
98 9.527091e+25 1.581975e+02 5.149324e+16
99 9.919227e+25 1.647089e+02 5.470615e+16
100 1.032750e+26 1.714883e+02 5.811953e+16
101 1.075258e+26 1.785468e+02 6.174589e+16
102 1.119516e+26 1.858958e+02 6.559851e+16
103 1.165596e+26 1.935473e+02 6.969152e+16
104 1.213572e+26 2.015137e+02 7.403991e+16
105 1.263522e+26 2.098081e+02 7.865961e+16
106 1.315529e+26 2.184438e+02 8.356756e+16
107 1.369676e+26 2.274350e+02 8.878175e+16
108 1.426052e+26 2.367962e+02 9.432127e+16
109 1.484749e+26 2.465428e+02 1.002064e+17
110 1.545861e+26 2.566905e+02 1.064588e+17
111 1.609489e+26 2.672559e+02 1.131013e+17
112 1.675736e+26 2.782562e+02 1.201582e+17
113 1.744709e+26 2.897093e+02 1.276554e+17
114 1.816522e+26 3.016337e+02 1.356205e+17
115 1.891290e+26 3.140490e+02 1.440825e+17
116 1.969136e+26 3.269753e+02 1.530725e+17
117 2.050185e+26 3.404337e+02 1.626234e+17
118 2.134571e+26 3.544460e+02 1.727703e+17
119 2.222430e+26 3.690350e+02 1.835502e+17
120 2.313906e+26 3.842245e+02 1.950028e+17
121 2.409147e+26 4.000392e+02 2.071700e+17
122 2.508307e+26 4.165049e+02 2.200963e+17
123 2.611549e+26 4.336483e+02 2.338292e+17
124 2.719041e+26 4.514973e+02 2.484189e+17
125 2.830957e+26 4.700810e+02 2.639190e+17
126 2.947480e+26 4.894296e+02 2.803861e+17
127 3.068798e+26 5.095746e+02 2.978808e+17
128 3.195110e+26 5.305488e+02 3.164670e+17
129 3.326621e+26 5.523862e+02 3.362129e+17
130 3.463545e+26 5.751225e+02 3.571908e+17
131 3.606105e+26 5.987946e+02 3.794777e+17
132 3.754533e+26 6.234411e+02 4.031551e+17
133 3.909070e+26 6.491020e+02 4.283099e+17
134 4.069968e+26 6.758191e+02 4.550342e+17
135 4.237488e+26 7.036359e+02 4.834260e+17
136 4.411903e+26 7.325977e+02 5.135892e+17
137 4.593498e+26 7.627515e+02 5.456345e+17
138 4.782567e+26 7.941465e+02 5.796793e+17
139 4.979417e+26 8.268336e+02 6.158483e+17
140 5.184371e+26 8.608662e+02 6.542740e+17
141 5.397760e+26 8.962996e+02 6.950973e+17
142 5.619932e+26 9.331914e+02 7.384678e+17
143 5.851249e+26 9.716017e+02 7.845443e+17
144 6.092087e+26 1.011593e+03 8.334958e+17
145 6.342838e+26 1.053230e+03 8.855016e+17
146 6.603910e+26 1.096581e+03 9.407523e+17
147 6.875728e+26 1.141717e+03 9.994504e+17
148 7.158734e+26 1.188710e+03 1.061811e+18
149 7.453388e+26 1.237638e+03 1.128062e+18
150 7.760170e+26 1.288579e+03 1.198448e+18
151 8.079579e+26 1.341617e+03 1.273225e+18
152 8.412136e+26 1.396838e+03 1.352667e+18
153 8.758380e+26 1.454332e+03 1.437067e+18
154 9.118876e+26 1.514193e+03 1.526732e+18
155 9.494210e+26 1.576517e+03 1.621992e+18
156 9.884992e+26 1.641407e+03 1.723196e+18
157 1.029186e+27 1.708967e+03 1.830715e+18
158 1.071547e+27 1.779309e+03 1.944942e+18
159 1.115652e+27 1.852545e+03 2.066296e+18
160 1.161573e+27 1.928796e+03 2.195222e+18
161 1.209383e+27 2.008186e+03 2.332192e+18
162 1.259162e+27 2.090843e+03 2.477709e+18
163 1.310989e+27 2.176903e+03 2.632305e+18
164 1.364949e+27 2.266504e+03 2.796548e+18
165 1.421131e+27 2.359794e+03 2.971038e+18
166 1.479624e+27 2.456923e+03 3.156415e+18
167 1.540526e+27 2.558051e+03 3.353359e+18
168 1.603934e+27 2.663341e+03 3.562591e+18
169 1.669952e+27 2.772964e+03 3.784878e+18
170 1.738688e+27 2.887100e+03 4.021035e+18
171 1.810252e+27 3.005933e+03 4.271927e+18
172 1.884762e+27 3.129658e+03 4.538473e+18
173 1.962339e+27 3.258475e+03 4.821650e+18
174 2.043110e+27 3.392595e+03 5.122496e+18
175 2.127204e+27 3.532235e+03 5.442113e+18
176 2.214760e+27 3.677622e+03 5.781672e+18
177 2.305920e+27 3.828994e+03 6.142419e+18
178 2.400832e+27 3.986596e+03 6.525674e+18
179 2.499650e+27 4.150685e+03 6.932842e+18
180 2.602536e+27 4.321527e+03 7.365415e+18
181 2.709657e+27 4.499402e+03 7.824979e+18
182 2.821186e+27 4.684599e+03 8.313217e+18
183 2.937307e+27 4.877418e+03 8.831918e+18
184 3.058207e+27 5.078173e+03 9.382984e+18
185 3.184083e+27 5.287192e+03 9.968434e+18
186 3.315140e+27 5.504813e+03 1.059041e+19
187 3.451591e+27 5.731393e+03 1.125120e+19
188 3.593659e+27 5.967298e+03 1.195322e+19
189 3.741575e+27 6.212913e+03 1.269903e+19
190 3.895578e+27 6.468638e+03 1.349139e+19
191 4.055921e+27 6.734888e+03 1.433318e+19
192 4.222863e+27 7.012097e+03 1.522750e+19
193 4.396676e+27 7.300717e+03 1.617761e+19
194 4.577644e+27 7.601216e+03 1.718701e+19
195 4.766060e+27 7.914083e+03 1.825939e+19
196 4.962232e+27 8.239829e+03 1.939868e+19
197 5.166478e+27 8.578982e+03 2.060906e+19
198 5.379130e+27 8.932095e+03 2.189496e+19
199 5.600536e+27 9.299742e+03 2.326109e+19
200 5.831055e+27 9.682521e+03 2.471246e+19
201 6.071061e+27 1.008106e+04 2.625439e+19
202 6.320947e+27 1.049599e+04 2.789253e+19
203 6.581118e+27 1.092801e+04 2.963288e+19
204 6.851997e+27 1.137781e+04 3.148182e+19
205 7.134026e+27 1.184612e+04 3.344612e+19
206 7.427663e+27 1.233371e+04 3.553298e+19
207 7.733387e+27 1.284137e+04 3.775005e+19
208 8.051694e+27 1.336993e+04 4.010546e+19
209 8.383102e+27 1.392024e+04 4.260783e+19
210 8.728152e+27 1.449320e+04 4.526634e+19
211 9.087403e+27 1.508974e+04 4.809073e+19
212 9.461442e+27 1.571084e+04 5.109134e+19
213 9.850876e+27 1.635750e+04 5.427917e+19
214 1.025634e+28 1.703078e+04 5.766591e+19
215 1.067849e+28 1.773177e+04 6.126396e+19
216 1.111802e+28 1.846161e+04 6.508652e+19
217 1.157564e+28 1.922150e+04 6.914758e+19
218 1.205209e+28 2.001266e+04 7.346203e+19
219 1.254816e+28 2.083639e+04 7.804568e+19
220 1.306464e+28 2.169402e+04 8.291532e+19
221 1.360238e+28 2.258695e+04 8.808881e+19
222 1.416226e+28 2.351664e+04 9.358509e+19
223 1.474518e+28 2.448459e+04 9.942432e+19
224 1.535209e+28 2.549238e+04 1.056279e+20
225 1.598398e+28 2.654166e+04 1.122185e+20
226 1.664189e+28 2.763412e+04 1.192204e+20
227 1.732687e+28 2.877155e+04 1.266591e+20
228 1.804004e+28 2.995579e+04 1.345620e+20
229 1.878257e+28 3.118878e+04 1.429579e+20
230 1.955567e+28 3.247252e+04 1.518778e+20
231 2.036058e+28 3.380910e+04 1.613541e+20
232 2.119862e+28 3.520070e+04 1.714218e+20
233 2.207116e+28 3.664957e+04 1.821176e+20
234 2.297961e+28 3.815808e+04 1.934808e+20
235 2.392546e+28 3.972868e+04 2.055530e+20
236 2.491023e+28 4.136392e+04 2.183785e+20
237 2.593554e+28 4.306648e+04 2.320042e+20
238 2.700305e+28 4.483911e+04 2.464800e+20
239 2.811450e+28 4.668470e+04 2.618591e+20
240 2.927169e+28 4.860626e+04 2.781977e+20
241 3.047652e+28 5.060691e+04 2.955558e+20
242 3.173093e+28 5.268991e+04 3.139970e+20
243 3.303698e+28 5.485865e+04 3.335887e+20
244 3.439679e+28 5.711665e+04 3.544030e+20
245 3.581256e+28 5.946760e+04 3.765159e+20
246 3.728661e+28 6.191531e+04 4.000085e+20
247 3.882133e+28 6.446377e+04 4.249669e+20
248 4.041922e+28 6.711712e+04 4.514827e+20
249 4.208288e+28 6.987969e+04 4.796528e+20
250 4.381502e+28 7.275597e+04 5.095807e+20
251 4.561845e+28 7.575064e+04 5.413759e+20
252 4.749611e+28 7.886856e+04 5.751549e+20
253 4.945105e+28 8.211483e+04 6.110416e+20
254 5.148646e+28 8.549471e+04 6.491674e+20
255 5.360565e+28 8.901372e+04 6.896721e+20
256 5.581206e+28 9.267756e+04 7.327041e+20
257 5.810929e+28 9.649221e+04 7.784210e+20
258 6.050108e+28 1.004639e+05 8.269904e+20
259 6.299131e+28 1.045990e+05 8.785903e+20
260 6.558404e+28 1.089044e+05 9.334098e+20
261 6.828348e+28 1.133869e+05 9.916497e+20
262 7.109404e+28 1.180540e+05 1.053524e+21
263 7.402028e+28 1.229132e+05 1.119258e+21
264 7.706696e+28 1.279723e+05 1.189094e+21
265 8.023904e+28 1.332397e+05 1.263287e+21
266 8.354169e+28 1.387240e+05 1.342110e+21
267 8.698028e+28 1.444339e+05 1.425850e+21
268 9.056039e+28 1.503789e+05 1.514816e+21
269 9.428787e+28 1.565686e+05 1.609333e+21
270 9.816877e+28 1.630130e+05 1.709747e+21
271 1.022094e+29 1.697228e+05 1.816426e+21
272 1.064164e+29 1.767086e+05 1.929761e+21
273 1.107965e+29 1.839821e+05 2.050169e+21
274 1.153569e+29 1.915549e+05 2.178088e+21
275 1.201050e+29 1.994394e+05 2.313990e+21
276 1.250485e+29 2.076485e+05 2.458371e+21
277 1.301955e+29 2.161954e+05 2.611760e+21
278 1.355544e+29 2.250942e+05 2.774721e+21
279 1.411338e+29 2.343592e+05 2.947849e+21
280 1.469429e+29 2.440056e+05 3.131779e+21
281 1.529910e+29 2.540490e+05 3.327186e+21
282 1.592882e+29 2.645059e+05 3.534785e+21
283 1.658445e+29 2.753931e+05 3.755337e+21
284 1.726707e+29 2.867285e+05 3.989651e+21
285 1.797778e+29 2.985305e+05 4.238584e+21
286 1.871775e+29 3.108182e+05 4.503050e+21
287 1.948817e+29 3.236117e+05 4.784017e+21
288 2.029031e+29 3.369319e+05 5.082515e+21
289 2.112546e+29 3.508003e+05 5.399637e+21
290 2.199499e+29 3.652395e+05 5.736547e+21
291 2.290030e+29 3.802731e+05 6.094477e+21
292 2.384288e+29 3.959254e+05 6.474741e+21
293 2.482426e+29 4.122221e+05 6.878731e+21
294 2.584602e+29 4.291895e+05 7.307928e+21
295 2.690985e+29 4.468553e+05 7.763905e+21
296 2.801746e+29 4.652483e+05 8.248333e+21
297 2.917066e+29 4.843983e+05 8.762986e+21
298 3.037133e+29 5.043366e+05 9.309751e+21
299 3.162142e+29 5.250956e+05 9.890631e+21
300 3.292296e+29 5.467091e+05 1.050775e+22
301 3.427807e+29 5.692122e+05 1.116338e+22
302 3.568896e+29 5.926415e+05 1.185992e+22
303 3.715792e+29 6.170353e+05 1.259992e+22
304 3.868735e+29 6.424331e+05 1.338609e+22
305 4.027972e+29 6.688764e+05 1.422131e+22
306 4.193764e+29 6.964081e+05 1.510865e+22
307 4.366380e+29 7.250730e+05 1.605135e+22
308 4.546100e+29 7.549178e+05 1.705287e+22
309 4.733218e+29 7.859911e+05 1.811688e+22
310 4.928038e+29 8.183435e+05 1.924728e+22
311 5.130876e+29 8.520275e+05 2.044821e+22
312 5.342064e+29 8.870980e+05 2.172407e+22
313 5.561944e+29 9.236120e+05 2.307954e+22
314 5.790874e+29 9.616291e+05 2.451958e+22
315 6.029227e+29 1.001211e+06 2.604948e+22
316 6.277390e+29 1.042422e+06 2.767483e+22
317 6.535768e+29 1.085330e+06 2.940159e+22
318 6.804781e+29 1.130003e+06 3.123610e+22
319 7.084867e+29 1.176516e+06 3.318507e+22
320 7.376481e+29 1.224943e+06 3.525565e+22
321 7.680097e+29 1.275363e+06 3.745542e+22
322 7.996211e+29 1.327859e+06 3.979244e+22
323 8.325336e+29 1.382516e+06 4.227528e+22
324 8.668007e+29 1.439422e+06 4.491304e+22
325 9.024784e+29 1.498671e+06 4.771538e+22
326 9.396245e+29 1.560359e+06 5.069257e+22
327 9.782995e+29 1.624586e+06 5.385553e+22
328 1.018566e+30 1.691457e+06 5.721583e+22
329 1.060491e+30 1.761080e+06 6.078580e+22
330 1.104141e+30 1.833569e+06 6.457852e+22
331 1.149587e+30 1.909042e+06 6.860789e+22
332 1.196904e+30 1.987622e+06 7.288866e+22
333 1.246169e+30 2.069436e+06 7.743654e+22
334 1.297461e+30 2.154618e+06 8.226817e+22
335 1.350865e+30 2.243306e+06 8.740128e+22
336 1.406467e+30 2.335645e+06 9.285467e+22
337 1.464357e+30 2.431784e+06 9.864831e+22
338 1.524630e+30 2.531881e+06 1.048035e+23
339 1.587384e+30 2.636099e+06 1.113426e+23
340 1.652721e+30 2.744606e+06 1.182899e+23
341 1.720747e+30 2.857580e+06 1.256705e+23
342 1.791573e+30 2.975204e+06 1.335117e+23
343 1.865315e+30 3.097670e+06 1.418421e+23
344 1.942091e+30 3.225177e+06 1.506924e+23
345 2.022028e+30 3.357933e+06 1.600948e+23
346 2.105255e+30 3.496154e+06 1.700839e+23
347 2.191907e+30 3.640064e+06 1.806962e+23
348 2.282126e+30 3.789898e+06 1.919707e+23
349 2.376059e+30 3.945899e+06 2.039487e+23
350 2.473858e+30 4.108323e+06 2.166740e+23
351 2.575682e+30 4.277432e+06 2.301934e+23
352 2.681697e+30 4.453502e+06 2.445562e+23
353 2.792076e+30 4.636820e+06 2.598153e+23
354 2.906998e+30 4.827685e+06 2.760264e+23
355 3.026651e+30 5.026406e+06 2.932490e+23
356 3.151228e+30 5.233307e+06 3.115462e+23
357 3.280933e+30 5.448725e+06 3.309851e+23
358 3.415976e+30 5.673011e+06 3.516369e+23
359 3.556578e+30 5.906529e+06 3.735772e+23
360 3.702968e+30 6.149660e+06 3.968864e+23
361 3.855382e+30 6.402799e+06 4.216501e+23
362 4.014070e+30 6.666359e+06 4.479589e+23
363 4.179290e+30 6.940768e+06 4.759092e+23
364 4.351310e+30 7.226473e+06 5.056034e+23
365 4.530410e+30 7.523940e+06 5.371505e+23
366 4.716882e+30 7.833651e+06 5.706659e+23
367 4.911029e+30 8.156112e+06 6.062725e+23
368 5.113168e+30 8.491847e+06 6.441007e+23
369 5.323626e+30 8.841403e+06 6.842893e+23
370 5.542747e+30 9.205348e+06 7.269853e+23
371 5.770887e+30 9.584275e+06 7.723455e+23
372 6.008418e+30 9.978802e+06 8.205358e+23
373 6.255725e+30 1.038957e+07 8.717330e+23
374 6.513211e+30 1.081725e+07 9.261246e+23
375 6.781296e+30 1.126253e+07 9.839100e+23
376 7.060414e+30 1.172614e+07 1.045301e+24
377 7.351022e+30 1.220884e+07 1.110522e+24
378 7.653591e+30 1.271141e+07 1.179813e+24
379 7.968613e+30 1.323467e+07 1.253427e+24
380 8.296602e+30 1.377947e+07 1.331635e+24
381 8.638091e+30 1.434669e+07 1.414722e+24
382 8.993636e+30 1.493727e+07 1.502993e+24
383 9.363815e+30 1.555216e+07 1.596772e+24
384 9.749230e+30 1.619237e+07 1.696402e+24
385 1.015051e+31 1.685893e+07 1.802249e+24
386 1.056831e+31 1.755293e+07 1.914700e+24
387 1.100330e+31 1.827550e+07 2.034167e+24
388 1.145620e+31 1.902782e+07 2.161089e+24
389 1.192773e+31 1.981110e+07 2.295929e+24
390 1.241868e+31 2.062664e+07 2.439183e+24
391 1.292983e+31 2.147575e+07 2.591376e+24
392 1.346203e+31 2.235982e+07 2.753064e+24
393 1.401613e+31 2.328028e+07 2.924841e+24
394 1.459303e+31 2.423864e+07 3.107336e+24
395 1.519368e+31 2.523645e+07 3.301217e+24
396 1.581906e+31 2.627534e+07 3.507196e+24
397 1.647017e+31 2.735700e+07 3.726027e+24
398 1.714808e+31 2.848319e+07 3.958512e+24
399 1.785390e+31 2.965575e+07 4.205502e+24
400 1.858877e+31 3.087658e+07 4.467904e+24
401 1.935388e+31 3.214768e+07 4.746678e+24
402 2.015049e+31 3.347110e+07 5.042846e+24
403 2.097989e+31 3.484901e+07 5.357493e+24
404 2.184342e+31 3.628365e+07 5.691773e+24
405 2.274250e+31 3.777736e+07 6.046910e+24
406 2.367858e+31 3.933257e+07 6.424206e+24
407 2.465320e+31 4.095180e+07 6.825043e+24
408 2.566792e+31 4.263771e+07 7.250890e+24
409 2.672442e+31 4.439302e+07 7.703308e+24
410 2.782440e+31 4.622061e+07 8.183955e+24
411 2.896965e+31 4.812344e+07 8.694591e+24
412 3.016205e+31 5.010461e+07 9.237088e+24
413 3.140352e+31 5.216736e+07 9.813435e+24
414 3.269609e+31 5.431504e+07 1.042574e+25
415 3.404187e+31 5.655114e+07 1.107625e+25
416 3.544303e+31 5.887931e+07 1.176736e+25
417 3.690187e+31 6.130335e+07 1.250158e+25
418 3.842076e+31 6.382719e+07 1.328161e+25
419 4.000216e+31 6.645495e+07 1.411031e+25
420 4.164865e+31 6.919091e+07 1.499072e+25
421 4.336292e+31 7.203952e+07 1.592607e+25
422 4.514774e+31 7.500543e+07 1.691977e+25
423 4.700602e+31 7.809346e+07 1.797548e+25
424 4.894080e+31 8.130864e+07 1.909705e+25
425 5.095520e+31 8.465622e+07 2.028861e+25
426 5.305253e+31 8.814163e+07 2.155451e+25
427 5.523617e+31 9.177057e+07 2.289940e+25
428 5.750970e+31 9.554893e+07 2.432821e+25
429 5.987680e+31 9.948289e+07 2.584616e+25
430 6.234134e+31 1.035423e+08 2.721053e+25
431 6.490732e+31 1.078043e+08 2.860359e+25
432 6.757891e+31 1.122418e+08 3.006797e+25
433 7.036046e+31 1.168620e+08 3.160731e+25
434 7.325651e+31 1.216723e+08 3.322546e+25
435 7.627175e+31 1.266806e+08 3.492646e+25
436 7.941111e+31 1.318951e+08 3.671454e+25
437 8.267967e+31 1.373243e+08 3.859416e+25
438 8.608278e+31 1.429769e+08 4.057001e+25
439 8.962595e+31 1.488622e+08 4.264701e+25
440 9.331497e+31 1.549898e+08 4.483034e+25
441 9.715582e+31 1.613696e+08 4.712546e+25
442 1.011548e+32 1.680120e+08 4.953807e+25
443 1.053183e+32 1.749279e+08 5.207420e+25
444 1.096532e+32 1.821284e+08 5.474016e+25
445 1.141666e+32 1.896253e+08 5.754261e+25
446 1.188657e+32 1.974308e+08 6.048854e+25
447 1.237582e+32 2.055576e+08 6.358528e+25
448 1.288521e+32 2.140190e+08 6.684056e+25
449 1.341557e+32 2.228286e+08 7.026250e+25
450 1.396775e+32 2.320009e+08 7.385962e+25
451 1.454267e+32 2.415507e+08 7.764090e+25
452 1.514124e+32 2.514937e+08 8.161577e+25
453 1.576446e+32 2.618459e+08 8.579413e+25
454 1.641332e+32 2.726243e+08 9.018641e+25
455 1.708890e+32 2.838464e+08 9.480355e+25
456 1.779228e+32 2.955304e+08 9.965706e+25
457 1.852461e+32 3.076953e+08 1.047591e+26
458 1.928709e+32 3.203611e+08 1.101223e+26
459 2.008094e+32 3.335481e+08 1.157600e+26
460 2.090748e+32 3.472781e+08 1.216864e+26
461 2.176803e+32 3.615732e+08 1.279162e+26
462 2.266401e+32 3.764567e+08 1.344650e+26
463 2.359686e+32 3.919529e+08 1.413490e+26
464 2.456811e+32 4.080870e+08 1.485854e+26
465 2.557933e+32 4.248853e+08 1.561923e+26
466 2.663218e+32 4.423750e+08 1.641886e+26
467 2.772837e+32 4.605847e+08 1.725944e+26
468 2.886967e+32 4.795439e+08 1.814304e+26
469 3.005795e+32 4.992836e+08 1.907188e+26
470 3.129514e+32 5.198359e+08 2.004828e+26
471 3.258325e+32 5.412342e+08 2.107466e+26
472 3.392438e+32 5.635134e+08 2.215359e+26
473 3.532071e+32 5.867097e+08 2.328775e+26
474 3.677451e+32 6.108608e+08 2.447998e+26
475 3.828815e+32 6.360061e+08 2.573325e+26
476 3.986410e+32 6.621865e+08 2.705068e+26
477 4.150491e+32 6.894446e+08 2.843555e+26
478 4.321325e+32 7.178248e+08 2.989132e+26
479 4.499192e+32 7.473732e+08 3.142162e+26
480 4.684379e+32 7.781380e+08 3.303027e+26
481 4.877188e+32 8.101692e+08 3.472127e+26
482 5.077934e+32 8.435190e+08 3.649885e+26
483 5.286942e+32 8.782416e+08 3.836742e+26
484 5.504553e+32 9.143936e+08 4.033166e+26
485 5.731121e+32 9.520338e+08 4.239646e+26
486 5.967015e+32 9.912234e+08 4.456697e+26
487 6.212618e+32 1.032026e+09 4.684860e+26
488 6.468330e+32 1.074509e+09 4.924704e+26
489 6.734567e+32 1.118740e+09 5.176827e+26
490 7.011762e+32 1.164792e+09 5.441857e+26
491 7.300367e+32 1.212740e+09 5.720456e+26
492 7.600851e+32 1.262662e+09 6.013318e+26
493 7.913703e+32 1.314639e+09 6.321173e+26
494 8.239432e+32 1.368755e+09 6.644788e+26
495 8.578568e+32 1.425099e+09 6.984972e+26
496 8.931662e+32 1.483763e+09 7.342571e+26
497 9.299290e+32 1.544841e+09 7.718478e+26
498 9.682050e+32 1.608434e+09 8.113629e+26
499 1.008056e+33 1.674644e+09 8.529011e+26
500 1.049548e+33 1.743581e+09 8.965658e+26
501 1.092748e+33 1.815355e+09 9.424659e+26
502 1.137725e+33 1.890083e+09 9.907159e+26
503 1.184554e+33 1.967888e+09 1.041436e+27
504 1.233311e+33 2.048896e+09 1.094753e+27
505 1.284074e+33 2.133239e+09 1.150799e+27
506 1.336926e+33 2.221054e+09 1.209715e+27
507 1.391954e+33 2.312483e+09 1.271647e+27
508 1.449247e+33 2.407677e+09 1.336750e+27
509 1.508898e+33 2.506789e+09 1.405186e+27
510 1.571005e+33 2.609981e+09 1.477125e+27
511 1.635668e+33 2.717422e+09 1.552747e+27
512 1.702992e+33 2.829285e+09 1.632241e+27
513 1.773087e+33 2.945754e+09 1.715804e+27
514 1.846068e+33 3.067017e+09 1.803645e+27
515 1.922052e+33 3.193272e+09 1.895984e+27
516 2.001164e+33 3.324724e+09 1.993050e+27
517 2.083532e+33 3.461588e+09 2.095085e+27
518 2.169290e+33 3.604086e+09 2.202344e+27
519 2.258579e+33 3.752451e+09 2.315094e+27
520 2.351542e+33 3.906923e+09 2.433617e+27
521 2.448332e+33 4.067754e+09 2.558207e+27
522 2.549105e+33 4.235206e+09 2.689176e+27
523 2.654027e+33 4.409552e+09 2.826849e+27
524 2.763267e+33 4.591075e+09 2.971571e+27
525 2.877003e+33 4.780071e+09 3.123703e+27
526 2.995421e+33 4.976848e+09 3.283622e+27
527 3.118712e+33 5.181725e+09 3.451729e+27
528 3.247079e+33 5.395036e+09 3.628442e+27
529 3.380729e+33 5.617129e+09 3.814202e+27
530 3.519880e+33 5.848365e+09 4.009472e+27
531 3.664759e+33 6.089121e+09 4.214739e+27
532 3.815601e+33 6.339787e+09 4.430515e+27
533 3.972651e+33 6.600774e+09 4.657337e+27
534 4.136166e+33 6.872504e+09 4.895772e+27
535 4.306411e+33 7.155421e+09 5.146414e+27
536 4.483663e+33 7.449986e+09 5.409887e+27
537 4.668211e+33 7.756677e+09 5.686849e+27
538 4.860355e+33 8.075994e+09 5.977990e+27
539 5.060408e+33 8.408456e+09 6.284037e+27
540 5.268695e+33 8.754606e+09 6.605751e+27
541 5.485555e+33 9.115006e+09 6.943936e+27
542 5.711341e+33 9.490243e+09 7.299434e+27
543 5.946420e+33 9.880928e+09 7.673133e+27
544 6.191176e+33 1.028770e+10 8.065963e+27
545 6.446005e+33 1.071121e+10 8.478904e+27
546 6.711323e+33 1.115216e+10 8.912986e+27
547 6.987562e+33 1.161127e+10 9.369291e+27
548 7.275171e+33 1.208927e+10 9.848956e+27
549 7.574618e+33 1.258696e+10 1.035318e+28
550 7.886390e+33 1.310513e+10 1.088322e+28
551 8.210994e+33 1.364464e+10 1.144039e+28
552 8.548960e+33 1.420636e+10 1.202608e+28
553 8.900836e+33 1.479120e+10 1.264177e+28
554 9.267195e+33 1.540012e+10 1.328897e+28
555 9.648634e+33 1.603411e+10 1.396930e+28
556 1.004577e+34 1.669420e+10 1.468447e+28
557 1.045926e+34 1.738147e+10 1.543625e+28
558 1.088976e+34 1.809704e+10 1.622651e+28
559 1.133799e+34 1.884206e+10 1.705724e+28
560 1.180466e+34 1.961775e+10 1.793049e+28
561 1.229054e+34 2.042538e+10 1.884845e+28
562 1.279642e+34 2.126626e+10 1.981341e+28
563 1.332312e+34 2.214176e+10 2.082777e+28
564 1.387150e+34 2.305331e+10 2.189406e+28
565 1.444245e+34 2.400238e+10 2.301493e+28
566 1.503691e+34 2.499053e+10 2.419320e+28
567 1.565583e+34 2.601936e+10 2.543178e+28
568 1.630022e+34 2.709055e+10 2.673377e+28
569 1.697114e+34 2.820584e+10 2.810242e+28
570 1.766968e+34 2.936705e+10 2.954114e+28
571 1.839696e+34 3.057607e+10 3.105351e+28
572 1.915418e+34 3.183486e+10 3.264331e+28
573 1.994257e+34 3.314548e+10 3.431451e+28
574 2.076341e+34 3.451006e+10 3.607125e+28
575 2.161803e+34 3.593083e+10 3.791794e+28
576 2.250783e+34 3.741009e+10 3.985917e+28
577 2.343426e+34 3.895025e+10 4.189978e+28
578 2.439881e+34 4.055382e+10 4.404486e+28
579 2.540307e+34 4.222342e+10 4.629976e+28
580 2.644867e+34 4.396176e+10 4.867010e+28
581 2.753730e+34 4.577167e+10 5.116179e+28
582 2.867073e+34 4.765610e+10 5.378105e+28
583 2.985082e+34 4.961811e+10 5.653440e+28
584 3.107949e+34 5.166091e+10 5.942870e+28
585 3.235872e+34 5.378781e+10 6.247119e+28
586 3.369061e+34 5.600229e+10 6.566943e+28
587 3.507732e+34 5.830794e+10 6.903141e+28
588 3.652110e+34 6.070852e+10 7.256551e+28
589 3.802432e+34 6.320795e+10 7.628054e+28
590 3.958940e+34 6.581028e+10 8.018576e+28
591 4.121891e+34 6.851976e+10 8.429092e+28
592 4.291548e+34 7.134080e+10 8.860623e+28
593 4.468189e+34 7.427799e+10 9.314248e+28
594 4.652100e+34 7.733612e+10 9.791095e+28
595 4.843581e+34 8.052017e+10 1.029236e+29
596 5.042943e+34 8.383532e+10 1.081928e+29
597 5.250511e+34 8.728696e+10 1.137318e+29
598 5.466622e+34 9.088073e+10 1.195543e+29
599 5.691629e+34 9.462247e+10 1.256750e+29
600 5.925897e+34 9.851827e+10 1.321090e+29
601 6.169808e+34 1.025969e+11 1.382241e+29
602 6.423758e+34 1.068201e+11 1.441719e+29
603 6.688160e+34 1.112171e+11 1.503756e+29
604 6.963446e+34 1.157951e+11 1.568463e+29
605 7.250062e+34 1.205615e+11 1.635954e+29
606 7.548475e+34 1.255242e+11 1.706349e+29
607 7.859171e+34 1.306911e+11 1.779773e+29
608 8.182655e+34 1.360707e+11 1.856357e+29
609 8.519454e+34 1.416718e+11 1.936236e+29
610 8.870116e+34 1.475034e+11 2.019552e+29
611 9.235211e+34 1.535751e+11 2.106453e+29
612 9.615333e+34 1.598966e+11 2.197094e+29
613 1.001110e+35 1.664785e+11 2.291635e+29
614 1.042316e+35 1.733312e+11 2.390244e+29
615 1.085218e+35 1.804660e+11 2.493097e+29
616 1.129885e+35 1.878945e+11 2.600375e+29
617 1.176392e+35 1.956288e+11 2.712269e+29
618 1.224812e+35 2.036814e+11 2.828978e+29
619 1.275225e+35 2.120655e+11 2.950709e+29
620 1.327714e+35 2.207947e+11 3.077678e+29
621 1.382363e+35 2.298833e+11 3.210110e+29
622 1.439261e+35 2.393459e+11 3.348242e+29
623 1.498501e+35 2.491981e+11 3.492317e+29
624 1.560179e+35 2.594558e+11 3.642591e+29
625 1.624397e+35 2.701358e+11 3.799332e+29
626 1.691257e+35 2.812553e+11 3.962817e+29
627 1.760869e+35 2.928326e+11 4.133337e+29
628 1.833347e+35 3.048865e+11 4.311195e+29
629 1.908807e+35 3.174365e+11 4.496706e+29
630 1.987374e+35 3.305031e+11 4.690199e+29
631 2.069175e+35 3.441076e+11 4.892018e+29
632 2.154342e+35 3.582721e+11 5.102522e+29
633 2.243015e+35 3.730196e+11 5.322084e+29
634 2.335338e+35 3.883742e+11 5.551093e+29
635 2.431461e+35 4.043608e+11 5.789957e+29
636 2.531540e+35 4.210055e+11 6.039099e+29
637 2.635738e+35 4.383353e+11 6.298961e+29
638 2.744225e+35 4.563785e+11 6.570006e+29
639 2.857178e+35 4.751644e+11 6.852713e+29
640 2.974780e+35 4.947236e+11 7.147586e+29
641 3.097222e+35 5.150879e+11 7.455146e+29
642 3.224704e+35 5.362904e+11 7.775942e+29
643 3.357433e+35 5.583657e+11 8.110541e+29
644 3.495625e+35 5.813498e+11 8.459537e+29
645 3.639506e+35 6.052799e+11 8.823551e+29
646 3.789308e+35 6.301950e+11 9.203229e+29
647 3.945276e+35 6.561357e+11 9.599244e+29
648 4.107664e+35 6.831442e+11 1.001230e+30
649 4.276736e+35 7.112645e+11 1.044313e+30
650 4.452767e+35 7.405423e+11 1.089250e+30
651 4.636044e+35 7.710253e+11 1.136120e+30
652 4.826864e+35 8.027630e+11 1.185007e+30
653 5.025538e+35 8.358072e+11 1.235998e+30
654 5.232389e+35 8.702116e+11 1.289183e+30
655 5.447755e+35 9.060321e+11 1.344657e+30
656 5.671985e+35 9.433272e+11 1.402518e+30
657 5.905445e+35 9.821574e+11 1.462868e+30
658 6.148513e+35 1.022972e+12 1.519369e+30
659 6.401587e+35 1.065064e+12 1.571755e+30
660 6.665077e+35 1.108889e+12 1.625948e+30
661 6.939412e+35 1.154516e+12 1.682008e+30
662 7.225039e+35 1.202021e+12 1.740002e+30
663 7.522422e+35 1.251481e+12 1.799995e+30
664 7.832046e+35 1.302977e+12 1.862057e+30
665 8.154414e+35 1.356591e+12 1.926259e+30
666 8.490050e+35 1.412411e+12 1.992674e+30
667 8.839502e+35 1.470528e+12 2.061379e+30
668 9.203337e+35 1.531037e+12 2.132453e+30
669 9.582147e+35 1.594036e+12 2.205978e+30
670 9.976549e+35 1.659627e+12 2.282037e+30
671 1.038718e+36 1.727918e+12 2.360719e+30
672 1.081472e+36 1.799018e+12 2.442114e+30
673 1.125986e+36 1.873044e+12 2.526315e+30
674 1.172331e+36 1.950116e+12 2.613420e+30
675 1.220585e+36 2.030360e+12 2.703528e+30
676 1.270824e+36 2.113906e+12 2.796742e+30
677 1.323131e+36 2.200890e+12 2.893171e+30
678 1.377592e+36 2.291453e+12 2.992924e+30
679 1.434293e+36 2.385743e+12 3.096116e+30
680 1.493329e+36 2.483913e+12 3.202867e+30
681 1.554795e+36 2.586123e+12 3.313298e+30
682 1.618790e+36 2.692539e+12 3.427537e+30
683 1.685420e+36 2.803334e+12 3.545714e+30
684 1.754792e+36 2.918688e+12 3.667967e+30
685 1.827019e+36 3.038789e+12 3.794434e+30
686 1.902219e+36 3.163832e+12 3.925262e+30
687 1.980515e+36 3.294021e+12 4.060600e+30
688 2.062033e+36 3.429568e+12 4.200605e+30
689 2.146907e+36 3.570692e+12 4.345437e+30
690 2.235274e+36 3.717623e+12 4.495263e+30
691 2.327278e+36 3.870601e+12 4.650254e+30
692 2.423069e+36 4.029875e+12 4.810590e+30
693 2.522802e+36 4.195702e+12 4.976453e+30
694 2.626641e+36 4.368354e+12 5.148036e+30
695 2.734754e+36 4.548110e+12 5.325534e+30
696 2.847317e+36 4.735264e+12 5.509153e+30
697 2.964513e+36 4.930119e+12 5.699102e+30
698 3.086532e+36 5.132992e+12 5.895600e+30
699 3.213574e+36 5.344215e+12 6.098874e+30
700 3.345845e+36 5.564129e+12 6.309156e+30
701 3.483561e+36 5.793094e+12 6.526689e+30
702 3.626944e+36 6.031480e+12 6.751721e+30
703 3.776230e+36 6.279677e+12 6.984513e+30
704 3.931660e+36 6.538087e+12 7.225331e+30
705 4.093487e+36 6.807132e+12 7.474452e+30
706 4.261976e+36 7.087248e+12 7.732163e+30
707 4.437399e+36 7.378891e+12 7.998759e+30
708 4.620043e+36 7.682536e+12 8.274547e+30
709 4.810204e+36 7.998677e+12 8.559844e+30
710 5.008193e+36 8.327828e+12 8.854978e+30
711 5.214331e+36 8.670524e+12 9.160287e+30
712 5.428953e+36 9.027322e+12 9.476123e+30
713 5.652409e+36 9.398804e+12 9.802849e+30
714 5.885063e+36 9.785573e+12 1.014084e+31
715 6.127293e+36 1.018214e+13 1.061458e+31
716 6.379493e+36 1.060141e+13 1.128603e+31
717 6.642073e+36 1.103794e+13 1.199996e+31
718 6.915462e+36 1.149246e+13 1.275905e+31
719 7.200103e+36 1.196570e+13 1.356616e+31
720 7.496460e+36 1.245843e+13 1.442433e+31
721 7.805015e+36 1.297145e+13 1.533678e+31
722 8.126270e+36 1.350560e+13 1.630694e+31
723 8.460748e+36 1.406176e+13 1.733848e+31
724 8.808993e+36 1.464082e+13 1.843528e+31
725 9.171572e+36 1.524374e+13 1.960145e+31
726 9.549075e+36 1.587149e+13 2.084139e+31
727 9.942116e+36 1.652510e+13 2.215977e+31
728 1.035133e+37 1.720563e+13 2.356155e+31
729 1.077740e+37 1.791420e+13 2.505200e+31
730 1.122100e+37 1.865195e+13 2.663673e+31
731 1.168285e+37 1.942010e+13 2.832171e+31
732 1.216372e+37 2.021989e+13 3.011328e+31
733 1.266438e+37 2.105263e+13 3.201817e+31
734 1.318565e+37 2.191968e+13 3.404357e+31
735 1.372837e+37 2.282244e+13 3.619709e+31
736 1.429343e+37 2.376240e+13 3.848683e+31
737 1.488175e+37 2.474109e+13 4.092142e+31
738 1.549428e+37 2.576010e+13 4.351002e+31
739 1.613203e+37 2.682109e+13 4.626236e+31
740 1.679603e+37 2.792579e+13 4.918881e+31
741 1.748735e+37 2.907602e+13 5.230039e+31
742 1.820713e+37 3.027363e+13 5.560879e+31
743 1.895654e+37 3.152060e+13 5.912647e+31
744 1.973680e+37 3.281895e+13 6.286668e+31
745 2.054916e+37 3.417079e+13 6.684348e+31
746 2.139497e+37 3.557835e+13 7.107185e+31
747 2.227559e+37 3.704391e+13 7.556769e+31
748 2.319245e+37 3.856986e+13 8.034793e+31
749 2.414706e+37 4.015870e+13 8.543055e+31
750 2.514095e+37 4.181301e+13 9.083470e+31
751 2.617576e+37 4.353551e+13 9.658069e+31
752 2.725315e+37 4.532900e+13 1.026902e+32
753 2.837490e+37 4.719641e+13 1.091861e+32
754 2.954281e+37 4.914078e+13 1.160930e+32
755 3.075880e+37 5.116530e+13 1.234367e+32
756 3.202483e+37 5.327326e+13 1.312451e+32
757 3.334298e+37 5.546812e+13 1.395473e+32
758 3.471538e+37 5.775345e+13 1.483748e+32
759 3.614427e+37 6.013298e+13 1.577606e+32
760 3.763197e+37 6.261061e+13 1.677402e+32
761 3.918090e+37 6.519038e+13 1.783511e+32
762 4.079359e+37 6.787651e+13 1.896332e+32
763 4.247266e+37 7.067338e+13 2.016289e+32
764 4.422084e+37 7.358556e+13 2.143835e+32
765 4.604097e+37 7.661782e+13 2.279449e+32
766 4.793603e+37 7.977510e+13 2.423642e+32
767 4.990908e+37 8.306257e+13 2.576956e+32
768 5.196334e+37 8.648560e+13 2.739968e+32
769 5.410216e+37 9.004979e+13 2.913292e+32
770 5.632901e+37 9.376096e+13 3.097580e+32
771 5.864751e+37 9.762518e+13 3.293526e+32
772 6.106145e+37 1.015371e+14 3.561507e+32
773 6.357475e+37 1.057273e+14 3.977989e+32
774 6.619149e+37 1.100913e+14 4.443175e+32
775 6.891594e+37 1.146363e+14 4.962759e+32
776 7.175253e+37 1.193700e+14 5.543104e+32
777 7.470587e+37 1.243003e+14 6.191314e+32
778 7.778077e+37 1.294356e+14 6.915325e+32
779 8.098223e+37 1.347844e+14 7.724002e+32
780 8.431547e+37 1.403559e+14 8.627246e+32
781 8.778590e+37 1.461595e+14 9.636115e+32
782 9.139918e+37 1.522051e+14 1.076296e+33
783 9.516118e+37 1.585030e+14 1.202158e+33
784 9.907802e+37 1.650640e+14 1.342738e+33
785 1.031561e+38 1.718993e+14 1.499758e+33
786 1.074020e+38 1.790208e+14 1.675139e+33
787 1.118227e+38 1.864408e+14 1.871030e+33
788 1.164253e+38 1.941723e+14 2.089828e+33
789 1.212174e+38 2.022287e+14 2.334212e+33
790 1.262067e+38 2.106243e+14 2.607175e+33
791 1.314014e+38 2.193737e+14 2.912057e+33
792 1.368099e+38 2.284927e+14 3.252593e+33
793 1.424410e+38 2.379975e+14 3.632951e+33
794 1.483039e+38 2.479053e+14 4.057788e+33
795 1.544081e+38 2.582339e+14 4.532305e+33
796 1.607635e+38 2.690022e+14 5.062312e+33
797 1.673806e+38 2.802300e+14 5.654298e+33
798 1.742700e+38 2.919382e+14 6.315511e+33
799 1.814430e+38 3.041486e+14 7.054046e+33
800 1.889112e+38 3.168843e+14 7.878945e+33
801 1.966868e+38 3.295031e+14 9.003371e+33
802 2.047824e+38 3.433794e+14 1.034711e+34
803 2.132113e+38 3.578738e+14 1.189140e+34
804 2.219871e+38 3.730185e+14 1.366617e+34
805 2.311241e+38 3.888486e+14 1.570582e+34
806 2.406372e+38 4.054013e+14 1.804989e+34
807 2.505418e+38 4.227171e+14 2.074380e+34
808 2.608542e+38 4.408396e+14 2.383978e+34
809 2.715909e+38 4.598159e+14 2.739783e+34
810 2.827696e+38 4.796974e+14 3.148690e+34
811 2.944085e+38 5.005398e+14 3.618627e+34
812 3.065264e+38 5.224039e+14 4.158701e+34
813 3.191430e+38 5.453563e+14 4.779380e+34
814 3.322790e+38 5.694699e+14 5.492695e+34
815 3.459556e+38 5.948247e+14 6.312470e+34
816 3.601952e+38 6.215090e+14 7.254595e+34
817 3.750209e+38 6.496202e+14 8.337331e+34
818 3.904567e+38 6.792660e+14 9.581664e+34
819 4.065280e+38 7.105660e+14 1.101171e+35
820 4.232607e+38 7.436529e+14 1.265519e+35
821 4.406822e+38 7.786748e+14 1.454396e+35
822 4.588207e+38 8.157969e+14 1.671462e+35
823 4.777058e+38 8.552038e+14 1.920924e+35
824 4.973682e+38 8.971027e+14 2.207619e+35
825 5.178400e+38 9.417258e+14 2.537102e+35
826 5.391543e+38 9.893347e+14 2.915761e+35
827 5.613459e+38 1.040224e+15 3.350933e+35
828 5.844510e+38 1.094725e+15 3.851054e+35
829 6.085071e+38 1.246029e+15 4.362534e+35
830 6.335533e+38 1.308034e+15 4.740553e+35
831 6.596304e+38 1.373519e+15 5.151327e+35
832 6.867809e+38 1.442709e+15 5.597695e+35
833 7.150488e+38 1.515843e+15 6.082742e+35
834 7.444803e+38 1.593180e+15 6.609819e+35
835 7.751232e+38 1.674994e+15 7.182567e+35
836 8.070273e+38 1.761583e+15 7.804945e+35
837 8.402447e+38 1.853265e+15 8.481253e+35
838 8.748292e+38 1.950383e+15 9.216163e+35
839 9.108373e+38 2.053303e+15 1.001475e+36
840 9.483274e+38 2.162421e+15 1.088254e+36
841 9.873607e+38 2.278163e+15 1.182553e+36
842 1.028001e+39 2.400985e+15 1.285023e+36
843 1.070313e+39 2.531380e+15 1.396371e+36
844 1.114367e+39 2.669878e+15 1.517368e+36
845 1.160235e+39 2.817049e+15 1.648850e+36
846 1.207990e+39 2.973508e+15 1.791725e+36
847 1.257711e+39 3.139917e+15 1.946980e+36
848 1.309479e+39 3.316989e+15 2.115688e+36
849 1.363377e+39 3.505495e+15 2.299015e+36
850 1.419494e+39 3.706263e+15 2.498227e+36
851 1.477920e+39 3.920190e+15 2.714702e+36
852 1.538752e+39 4.148240e+15 2.949934e+36
853 1.602087e+39 4.391456e+15 3.205549e+36
854 1.668029e+39 4.650962e+15 3.483313e+36
855 1.736685e+39 4.927974e+15 3.785147e+36
856 1.808167e+39 5.223803e+15 4.113134e+36
857 1.882592e+39 5.539867e+15 4.469542e+36
858 1.960079e+39 5.877696e+15 4.856833e+36
859 2.040756e+39 6.238944e+15 5.277683e+36
860 2.124754e+39 6.625402e+15 5.735000e+36
861 2.212209e+39 7.039001e+15 6.231945e+36
862 2.303264e+39 7.481833e+15 6.771950e+36
863 2.398066e+39 7.956159e+15 7.358748e+36
864 2.496771e+39 8.464424e+15 7.996392e+36
865 2.599539e+39 9.009276e+15 8.689288e+36
866 2.706536e+39 9.593576e+15 9.442225e+36
867 2.817937e+39 1.022042e+16 1.026040e+37
868 2.933924e+39 1.089318e+16 1.114948e+37
869 3.054684e+39 1.161546e+16 1.211560e+37
870 3.180415e+39 1.239121e+16 1.316543e+37
871 3.311322e+39 1.322468e+16 1.430623e+37
872 3.447616e+39 1.412048e+16 1.554588e+37
873 3.589520e+39 1.508361e+16 1.689295e+37
874 3.737265e+39 1.611948e+16 1.835674e+37
875 3.891091e+39 1.723395e+16 1.994737e+37
876 4.051249e+39 1.843336e+16 2.167584e+37
877 4.217999e+39 1.972461e+16 2.355407e+37
878 4.391612e+39 2.111515e+16 2.559506e+37
879 4.572371e+39 2.261307e+16 2.781290e+37
880 4.760571e+39 2.422714e+16 3.022292e+37
881 4.956516e+39 2.596684e+16 3.284177e+37
882 5.160527e+39 2.784249e+16 3.568755e+37
883 5.372935e+39 2.986526e+16 3.877992e+37
884 5.594085e+39 3.204726e+16 4.214024e+37
885 5.824338e+39 3.440163e+16 4.579175e+37
886 6.064069e+39 3.694261e+16 4.975965e+37
887 6.313667e+39 3.968567e+16 5.407139e+37
888 6.573538e+39 4.264755e+16 5.875673e+37
889 6.844105e+39 4.584646e+16 6.384807e+37
890 7.125809e+39 4.930212e+16 6.938058e+37
891 7.419108e+39 5.303594e+16 7.539249e+37
892 7.724480e+39 5.707114e+16 8.192534e+37
893 8.042420e+39 6.143293e+16 8.902426e+37
894 8.373447e+39 6.614866e+16 9.673832e+37
895 8.718099e+39 7.124801e+16 1.051208e+38
896 9.076937e+39 7.676318e+16 1.142296e+38
897 9.450544e+39 8.272915e+16 1.241278e+38
898 9.839530e+39 8.918385e+16 1.348836e+38
899 1.024453e+40 9.616848e+16 1.465714e+38
900 1.066619e+40 1.037277e+17 1.592720e+38
901 1.110521e+40 1.119102e+17 1.730731e+38
902 1.156230e+40 1.207684e+17 1.880701e+38
903 1.203821e+40 1.303598e+17 2.043666e+38
904 1.253370e+40 1.407463e+17 2.220752e+38
905 1.304959e+40 1.519953e+17 2.413183e+38
906 1.358672e+40 1.641802e+17 2.622288e+38
907 1.414595e+40 1.773803e+17 2.849512e+38
908 1.472819e+40 1.916819e+17 3.096426e+38
909 1.533441e+40 2.071788e+17 3.364734e+38
910 1.596557e+40 2.239728e+17 3.656293e+38
911 1.662272e+40 2.421743e+17 3.973115e+38
912 1.730691e+40 2.619033e+17 4.317390e+38
913 1.801927e+40 2.832902e+17 4.691496e+38
914 1.876094e+40 3.064765e+17 5.098020e+38
915 1.953314e+40 3.316159e+17 5.539769e+38
916 2.033713e+40 3.588753e+17 6.019797e+38
917 2.117421e+40 3.884360e+17 6.541419e+38
918 2.204574e+40 4.204950e+17 7.108241e+38
919 2.295315e+40 4.552661e+17 7.724178e+38
920 2.389790e+40 4.929816e+17 8.393487e+38
921 2.488154e+40 5.338938e+17 9.120793e+38
922 2.590567e+40 5.782769e+17 9.911120e+38
923 2.697195e+40 6.264284e+17 1.076993e+39
924 2.808211e+40 6.786717e+17 1.170316e+39
925 2.923798e+40 7.353581e+17 1.271725e+39
926 3.044141e+40 7.968692e+17 1.381921e+39
927 3.169439e+40 8.636194e+17 1.501666e+39
928 3.299893e+40 9.360589e+17 1.631788e+39
929 3.435717e+40 1.014677e+18 1.773184e+39
930 3.577131e+40 1.100004e+18 1.926832e+39
931 3.724366e+40 1.192619e+18 2.093795e+39
932 3.877662e+40 1.293148e+18 2.275224e+39
933 4.037267e+40 1.402271e+18 2.472375e+39
934 4.203441e+40 1.520730e+18 2.686609e+39
935 4.376455e+40 1.649328e+18 2.919407e+39
936 4.556590e+40 1.788938e+18 3.172377e+39
937 4.744140e+40 1.940510e+18 3.447267e+39
938 4.939410e+40 2.105073e+18 3.745977e+39
939 5.142716e+40 2.283749e+18 4.070570e+39
940 5.354391e+40 2.477754e+18 4.423290e+39
941 5.574778e+40 2.688410e+18 4.806573e+39
942 5.804237e+40 2.917153e+18 5.223069e+39
943 6.043140e+40 3.165543e+18 5.675654e+39
944 6.291876e+40 3.435276e+18 6.167456e+39
945 6.550850e+40 3.728194e+18 6.701873e+39
946 6.820484e+40 4.046298e+18 7.282598e+39
947 7.101215e+40 4.391762e+18 7.913643e+39
948 7.393502e+40 4.766950e+18 8.599370e+39
949 7.697820e+40 5.174427e+18 9.344515e+39
950 8.014663e+40 5.616982e+18 1.015423e+40
951 8.344547e+40 6.097646e+18 1.103410e+40
952 8.688009e+40 6.619711e+18 1.199022e+40
953 9.045609e+40 7.186753e+18 1.302919e+40
954 9.417927e+40 7.802661e+18 1.415818e+40
955 9.805570e+40 8.471657e+18 1.538501e+40
956 1.020917e+41 9.198329e+18 1.671813e+40
957 1.062938e+41 9.987663e+18 1.816678e+40
958 1.106688e+41 1.084508e+19 1.974095e+40
959 1.152240e+41 1.177645e+19 2.145153e+40
960 1.199666e+41 1.278819e+19 2.331033e+40
961 1.249045e+41 1.388724e+19 2.533020e+40
962 1.300455e+41 1.508116e+19 2.752509e+40
963 1.353982e+41 1.637813e+19 2.991017e+40
964 1.409712e+41 1.778709e+19 3.250192e+40
965 1.467736e+41 1.931771e+19 3.531825e+40
966 1.528148e+41 2.098053e+19 3.837862e+40
967 1.591047e+41 2.278697e+19 4.170417e+40
968 1.656535e+41 2.474947e+19 4.531788e+40
969 1.724718e+41 2.688153e+19 4.924473e+40
970 1.795707e+41 2.919781e+19 5.351184e+40
971 1.869619e+41 3.171427e+19 5.814871e+40
972 1.946573e+41 3.444823e+19 6.318736e+40
973 2.026694e+41 3.741851e+19 6.866262e+40
974 2.110113e+41 4.064555e+19 7.461232e+40
975 2.196965e+41 4.415160e+19 8.107756e+40
976 2.287393e+41 4.796079e+19 8.810302e+40
977 2.381542e+41 5.209937e+19 9.573725e+40
978 2.479566e+41 5.659585e+19 1.040330e+41
979 2.581626e+41 6.148122e+19 1.130476e+41
980 2.687886e+41 6.678914e+19 1.228433e+41
981 2.798519e+41 7.255619e+19 1.334878e+41
982 2.913707e+41 7.882213e+19 1.450547e+41
983 3.033635e+41 8.563015e+19 1.576238e+41
984 3.158500e+41 9.302719e+19 1.712821e+41
985 3.288504e+41 1.010642e+20 1.861239e+41
986 3.423859e+41 1.097967e+20 2.022518e+41
987 3.564785e+41 1.192849e+20 2.197771e+41
988 3.711512e+41 1.295941e+20 2.388211e+41
989 3.864279e+41 1.407956e+20 2.595152e+41
990 4.023333e+41 1.529665e+20 2.820025e+41
991 4.188933e+41 1.661908e+20 3.064383e+41
992 4.361350e+41 1.805598e+20 3.329916e+41
993 4.540864e+41 1.961726e+20 3.618457e+41
994 4.727766e+41 2.131369e+20 3.932000e+41
995 4.922362e+41 2.315697e+20 4.272712e+41
996 5.124967e+41 2.515983e+20 4.642948e+41
997 5.335911e+41 2.733609e+20 5.045265e+41
998 5.555538e+41 2.970076e+20 5.482443e+41
999 5.784204e+41 3.227017e+20 5.957503e+41
1000 6.022282e+41 3.506205e+20 6.473727e+41
