#
#
#
200
#
#
#
0 6.0295456e+25 1.0000076e+02 2.2730752e+17
1 7.1078858e+25 1.1788521e+02 2.8306637e+17
2 8.3790793e+25 1.3896819e+02 3.5250294e+17
3 9.8776164e+25 1.6382171e+02 4.3897241e+17
4 1.1644156e+26 1.9312012e+02 5.4665295e+17
5 1.3726628e+26 2.2765837e+02 6.8074768e+17
6 1.6181535e+26 2.6837356e+02 8.4773604e+17
7 1.9075485e+26 3.1637039e+02 1.0556869e+18
8 2.2486996e+26 3.7295116e+02 1.3146483e+18
9 2.6508631e+26 4.3965105e+02 1.6371334e+18
10 3.1249506e+26 5.1827979e+02 2.0387245e+18
11 3.6838251e+26 6.1097079e+02 2.5388265e+18
12 4.3426503e+26 7.2023902e+02 3.1616042e+18
13 5.1193016e+26 8.4904921e+02 3.9371501e+18
14 6.0348513e+26 1.0008963e+03 4.9029385e+18
15 7.1141404e+26 1.1799004e+03 6.1056362e+18
16 8.3864524e+26 1.3909184e+03 7.6033573e+18
17 9.8863082e+26 1.6396756e+03 9.4684714e+18
18 1.1654402e+27 1.9329217e+03 1.1791101e+19
19 1.3738707e+27 2.2786133e+03 1.4683474e+19
20 1.6195774e+27 2.6861299e+03 1.8285351e+19
21 1.9092270e+27 3.1665287e+03 2.2770773e+19
22 2.2506783e+27 3.7328443e+03 2.8356475e+19
23 2.6531957e+27 4.4004425e+03 3.5312358e+19
24 3.1277003e+27 5.1874373e+03 4.3974529e+19
25 3.6870667e+27 6.1151824e+03 5.4761543e+19
26 4.3464716e+27 7.2088503e+03 6.8194626e+19
27 5.1238064e+27 8.4981156e+03 8.4922863e+19
28 6.0401617e+27 1.0017960e+04 1.0575456e+20
29 7.1204005e+27 1.1809623e+04 1.3169630e+20
30 8.3938321e+27 1.3921717e+04 1.6400159e+20
31 9.8950076e+27 1.6411551e+04 2.0423141e+20
32 1.1664657e+28 1.9346682e+04 2.5432965e+20
33 1.3750796e+28 2.2806752e+04 3.1671707e+20
34 1.6210026e+28 2.6885643e+04 3.9440821e+20
35 1.9109070e+28 3.1694032e+04 4.9115710e+20
36 2.2526588e+28 3.7362387e+04 6.1163862e+20
37 2.6555304e+28 4.4044513e+04 7.6167443e+20
38 3.1304526e+28 5.1921721e+04 9.4851423e+20
39 3.6903111e+28 6.1207753e+04 1.1811861e+21
40 4.3502963e+28 7.2154575e+04 1.4709327e+21
41 5.1283150e+28 8.5059221e+04 1.8317545e+21
42 6.0454767e+28 1.0027185e+05 2.2810865e+21
43 7.1266661e+28 1.1820524e+05 2.8406402e+21
44 8.4012182e+28 1.3934602e+05 3.5374532e+21
45 9.9037147e+28 1.6426782e+05 4.4051954e+21
46 1.1674922e+29 1.9364690e+05 5.4857960e+21
47 1.3762896e+29 2.2828046e+05 6.8314694e+21
48 1.6224290e+29 2.6910827e+05 8.5072384e+21
49 1.9125885e+29 3.1723821e+05 1.0594076e+22
50 2.2546410e+29 3.7397630e+05 1.3192817e+22
51 2.6578671e+29 4.4086216e+05 1.6429034e+22
52 3.1332072e+29 5.1971079e+05 2.0459099e+22
53 3.6935584e+29 6.1266182e+05 2.5477745e+22
54 4.3541244e+29 7.2223758e+05 3.1727471e+22
55 5.1328277e+29 8.5141155e+05 3.9510264e+22
56 6.0507964e+29 1.0036891e+06 4.9202187e+22
57 7.1329372e+29 1.1832024e+06 6.0668485e+22
58 8.4086109e+29 1.3948228e+06 7.3038339e+22
59 9.9124295e+29 1.6442927e+06 8.8166663e+22
60 1.1685195e+30 1.9383818e+06 1.0672995e+23
61 1.3775007e+30 2.2850706e+06 1.2958135e+23
62 1.6238566e+30 2.6937673e+06 1.5779399e+23
63 1.9142715e+30 3.1755627e+06 1.9272641e+23
64 2.2566250e+30 3.7435315e+06 2.3610680e+23
65 2.6602059e+30 4.4130869e+06 2.9006164e+23
66 3.1359643e+30 5.2023994e+06 3.5728977e+23
67 3.6968086e+30 6.1328897e+06 4.4120421e+23
68 4.3579558e+30 7.2298100e+06 5.4608167e+23
69 5.1373443e+30 8.5229300e+06 6.7727230e+23
70 6.0561208e+30 1.0047344e+07 8.4146662e+23
71 7.1392138e+30 1.1844425e+07 1.0470550e+24
72 8.4160100e+30 1.3962947e+07 1.3045050e+24
73 9.9211519e+30 1.6460409e+07 1.6269097e+24
74 1.1695477e+31 1.9404595e+07 2.0306109e+24
75 1.3787128e+31 2.2875417e+07 2.5359903e+24
76 1.6252855e+31 2.6967083e+07 3.1685194e+24
77 1.9159560e+31 3.1790654e+07 3.9598581e+24
78 2.2586107e+31 3.7477063e+07 4.9496889e+24
79 2.6625467e+31 4.4180665e+07 6.1874318e+24
80 3.1387238e+31 5.2083432e+07 7.7343110e+24
81 3.7000616e+31 6.1399897e+07 9.6675983e+24
82 4.3617905e+31 7.2382973e+07 1.2081377e+25
83 5.1418649e+31 8.5330830e+07 1.5094720e+25
84 6.0614499e+31 1.0059499e+08 1.8855348e+25
85 7.1454959e+31 1.1858986e+08 2.3547317e+25
86 8.4234157e+31 1.3980404e+08 2.9396717e+25
87 9.9298820e+31 1.6481352e+08 3.6698798e+25
88 1.1705769e+32 1.9429738e+08 4.5872278e+25
89 1.3799260e+32 2.2905616e+08 5.6032251e+25
90 1.6267157e+32 2.7003353e+08 6.8443336e+25
91 1.9176419e+32 3.1834228e+08 8.5322087e+25
92 2.2605982e+32 3.7529446e+08 1.0632712e+26
93 2.6648896e+32 4.4243677e+08 1.3229277e+26
94 3.1414857e+32 5.2159275e+08 1.6449010e+26
95 3.7033174e+32 6.1491234e+08 2.0434012e+26
96 4.3656287e+32 7.2493030e+08 2.5366569e+26
97 5.1463895e+32 8.5463509e+08 3.1465914e+26
98 6.0667837e+32 1.0075502e+09 3.9020921e+26
99 7.1517836e+32 1.1878298e+09 4.8394422e+26
100 8.4308278e+32 1.4003719e+09 6.0032482e+26
101 9.9386198e+32 1.6509514e+09 7.4417755e+26
102 1.1716069e+33 1.9463771e+09 9.2263623e+26
103 1.3811403e+33 2.2946752e+09 1.1199006e+27
104 1.6281471e+33 2.7053075e+09 1.3636324e+27
105 1.9193293e+33 3.1894341e+09 1.6843458e+27
106 2.2625874e+33 3.7602145e+09 2.0834789e+27
107 2.6672346e+33 4.4331639e+09 2.5842020e+27
108 3.1442500e+33 5.2265767e+09 3.2075316e+27
109 3.7065762e+33 6.1620240e+09 3.9825148e+27
110 4.3694702e+33 7.2649415e+09 4.9453021e+27
111 5.1509181e+33 8.5653215e+09 6.1408686e+27
112 6.0721221e+33 1.0098531e+10 7.6248279e+27
113 7.1580768e+33 1.1906272e+10 9.4678472e+27
114 8.4382465e+33 1.4037723e+10 1.1729528e+28
115 9.9473653e+33 1.6550869e+10 1.4537605e+28
116 1.1726379e+34 1.9514045e+10 1.7402349e+28
117 1.3823556e+34 2.3007791e+10 2.0859469e+28
118 1.6295798e+34 2.7127131e+10 2.5087217e+28
119 1.9210183e+34 3.1984216e+10 3.1435672e+28
120 2.2645783e+34 3.7711621e+10 4.2361762e+28
121 2.6695816e+34 4.4465214e+10 4.9477637e+28
122 3.1470168e+34 5.2428395e+10 6.0422570e+28
123 3.7098378e+34 6.1818263e+10 7.5183785e+28
124 4.3733151e+34 7.2890789e+10 9.4343957e+28
125 5.1554506e+34 8.5947164e+10 1.1048280e+29
126 6.0774653e+34 1.0134255e+11 1.3516944e+29
127 7.1643755e+34 1.1949695e+11 1.6791151e+29
128 8.4456718e+34 1.4090539e+11 2.0831912e+29
129 9.9561185e+34 1.6615157e+11 2.5894227e+29
130 1.1736698e+35 1.9592215e+11 2.9872260e+29
131 1.3835720e+35 2.3102774e+11 3.7096483e+29
132 1.6310138e+35 2.7242727e+11 4.5490542e+29
133 1.9227087e+35 3.2124907e+11 5.5469049e+29
134 2.2665710e+35 3.7882364e+11 6.6898178e+29
135 2.6719307e+35 4.4671809e+11 7.8366678e+29
136 3.1497860e+35 5.2677555e+11 8.6821593e+29
137 3.7131022e+35 6.2116706e+11 9.4456947e+29
138 4.3771634e+35 7.3245556e+11 1.0251127e+30
139 5.1599871e+35 8.6366363e+11 1.1079529e+30
140 6.0828131e+35 1.0183564e+12 1.2188104e+30
141 7.1706798e+35 1.2007394e+12 1.3567397e+30
142 8.4531035e+35 1.4157709e+12 1.5266264e+30
143 9.9648793e+35 1.6692968e+12 1.7369226e+30
144 1.1747025e+36 1.9682108e+12 1.9984023e+30
145 1.3847895e+36 2.3206412e+12 2.3216135e+30
146 1.6324490e+36 2.7361725e+12 2.7165852e+30
147 1.9244005e+36 3.2261073e+12 3.2197373e+30
148 2.2685655e+36 3.8037756e+12 3.8490290e+30
149 2.6742819e+36 4.4848954e+12 4.6321789e+30
150 3.1525577e+36 5.2880025e+12 5.6038323e+30
151 3.7163696e+36 6.2349547e+12 6.8047965e+30
152 4.3810151e+36 7.3515285e+12 8.2883666e+30
153 5.1645277e+36 8.6681227e+12 1.0129693e+31
154 6.0881657e+36 1.0220587e+13 1.2396441e+31
155 7.1769897e+36 1.2051200e+13 1.5177310e+31
156 8.4605418e+36 1.4209818e+13 1.8588900e+31
157 9.9736479e+36 1.6755245e+13 2.2799672e+31
158 1.1757362e+37 1.9756846e+13 2.8131814e+31
159 1.3860080e+37 2.3296461e+13 3.4929696e+31
160 1.6338854e+37 2.7470651e+13 4.3733346e+31
161 1.9260939e+37 3.2393382e+13 5.5402215e+31
162 2.2705617e+37 3.8199215e+13 7.1266556e+31
163 2.6766351e+37 4.5047146e+13 9.3868846e+31
164 3.1553318e+37 5.3125040e+13 1.2477304e+32
165 3.7196398e+37 6.2654272e+13 1.6080347e+32
166 4.3848702e+37 7.3895816e+13 2.0646164e+32
167 5.1690722e+37 8.7160529e+13 2.9349274e+32
168 6.0935230e+37 1.0281889e+14 4.2553518e+32
169 7.1833050e+37 1.2130944e+14 6.1881371e+32
170 8.4679867e+37 1.4315398e+14 9.0824130e+32
171 9.9824242e+37 1.6897669e+14 1.3523482e+33
172 1.1767708e+38 1.9952903e+14 2.0554755e+33
173 1.3872276e+38 2.3572848e+14 3.2471116e+33
174 1.6353232e+38 2.7870331e+14 5.1618306e+33
175 1.9277888e+38 3.2984238e+14 8.1705752e+33
176 2.2725597e+38 3.9089986e+14 1.3142817e+34
177 2.6789904e+38 4.6415355e+14 2.1357875e+34
178 3.1581083e+38 5.5259628e+14 3.4682547e+34
179 3.7229129e+38 6.6020472e+14 5.5838353e+34
180 4.3887286e+38 7.9223349e+14 8.7757655e+34
181 5.1736207e+38 9.5625800e+14 1.4272905e+35
182 6.0988850e+38 1.1570881e+15 1.5485587e+35
183 7.1896260e+38 1.4094643e+15 3.2318120e+35
184 8.4754381e+38 1.7537233e+15 6.4313971e+35
185 9.9912082e+38 2.2291362e+15 1.0229752e+36
186 1.1778063e+39 2.8763544e+15 1.5233375e+36
187 1.3884483e+39 3.7578320e+15 2.2321322e+36
188 1.6367622e+39 4.9664349e+15 3.2551842e+36
189 1.9294851e+39 6.6335273e+15 4.7047931e+36
190 2.2745595e+39 8.9373833e+15 6.7023426e+36
191 2.6813478e+39 1.2114212e+16 9.3878276e+36
192 3.1608873e+39 1.6473948e+16 1.2939674e+37
193 3.7261888e+39 2.2423979e+16 1.7607882e+37
194 4.3925905e+39 3.0504658e+16 2.3757155e+37
195 5.1781732e+39 4.1440469e+16 3.1917337e+37
196 6.1042517e+39 5.6211328e+16 4.2843410e+37
197 7.1959525e+39 7.6150270e+16 5.7593574e+37
198 8.4828960e+39 1.0307679e+17 7.7636335e+37
199 1.0000000e+40 1.3947924e+17 1.0500045e+38
