#
#
#
500
#
#
#
1 1.887927e+24 3.162278e+00 1.714289e+14
2 2.046705e+24 3.428232e+00 1.912808e+14
3 2.218837e+24 3.716553e+00 2.134316e+14
4 2.405446e+24 4.029123e+00 2.381475e+14
5 2.607749e+24 4.367980e+00 2.657257e+14
6 2.827066e+24 4.735336e+00 2.964974e+14
7 3.064827e+24 5.133587e+00 3.308325e+14
8 3.322586e+24 5.565332e+00 3.691438e+14
9 3.602022e+24 6.033387e+00 4.118916e+14
10 3.904959e+24 6.540807e+00 4.595898e+14
11 4.233374e+24 7.090902e+00 5.128115e+14
12 4.589409e+24 7.687261e+00 5.721964e+14
13 4.975387e+24 8.333775e+00 6.384582e+14
14 5.393827e+24 9.034662e+00 7.123933e+14
15 5.847459e+24 9.794496e+00 7.948904e+14
16 6.339241e+24 1.061823e+01 8.869407e+14
17 6.872384e+24 1.151125e+01 9.896508e+14
18 7.450365e+24 1.247937e+01 1.104255e+15
19 8.076956e+24 1.352891e+01 1.232131e+15
20 8.756244e+24 1.466671e+01 1.374814e+15
21 9.492661e+24 1.590021e+01 1.534022e+15
22 1.029101e+25 1.723745e+01 1.711665e+15
23 1.115651e+25 1.868716e+01 1.909881e+15
24 1.209479e+25 2.025878e+01 2.131050e+15
25 1.311199e+25 2.196259e+01 2.377831e+15
26 1.421473e+25 2.380969e+01 2.653190e+15
27 1.541022e+25 2.581213e+01 2.960436e+15
28 1.670625e+25 2.798298e+01 3.303263e+15
29 1.811128e+25 3.033640e+01 3.685789e+15
30 1.963447e+25 3.288776e+01 4.112613e+15
31 2.128577e+25 3.565368e+01 4.588864e+15
32 2.307595e+25 3.865223e+01 5.120267e+15
33 2.501668e+25 4.190296e+01 5.713207e+15
34 2.712063e+25 4.542708e+01 6.374812e+15
35 2.940153e+25 4.924759e+01 7.113031e+15
36 3.187426e+25 5.338941e+01 7.936739e+15
37 3.455495e+25 5.787956e+01 8.855834e+15
38 3.746109e+25 6.274735e+01 9.881363e+15
39 4.061164e+25 6.802453e+01 1.102565e+16
40 4.402716e+25 7.374553e+01 1.230245e+16
41 4.772993e+25 7.994768e+01 1.372711e+16
42 5.174411e+25 8.667144e+01 1.531674e+16
43 5.609589e+25 9.396068e+01 1.709046e+16
44 6.081367e+25 1.018630e+02 1.906958e+16
45 6.592822e+25 1.104298e+02 2.127789e+16
46 7.147292e+25 1.197172e+02 2.374192e+16
47 7.748393e+25 1.297857e+02 2.649130e+16
48 8.400048e+25 1.407009e+02 2.955906e+16
49 9.106509e+25 1.525341e+02 3.298207e+16
50 9.872385e+25 1.653626e+02 3.680149e+16
51 1.070267e+26 1.792699e+02 4.106319e+16
52 1.160279e+26 1.943468e+02 4.581842e+16
53 1.257861e+26 2.106918e+02 5.112431e+16
54 1.363649e+26 2.284114e+02 5.704464e+16
55 1.478335e+26 2.476213e+02 6.365056e+16
56 1.602666e+26 2.684467e+02 7.102146e+16
57 1.737453e+26 2.910236e+02 7.924593e+16
58 1.883576e+26 3.154993e+02 8.842282e+16
59 2.041989e+26 3.420334e+02 9.866241e+16
60 2.213724e+26 3.707991e+02 1.100878e+17
61 2.399903e+26 4.019841e+02 1.228362e+17
62 2.601739e+26 4.357917e+02 1.370610e+17
63 2.820551e+26 4.724427e+02 1.529330e+17
64 3.057764e+26 5.121761e+02 1.706430e+17
65 3.314929e+26 5.552511e+02 1.904040e+17
66 3.593721e+26 6.019489e+02 2.124532e+17
67 3.895960e+26 6.525740e+02 2.370559e+17
68 4.223618e+26 7.074568e+02 2.645076e+17
69 4.578832e+26 7.669553e+02 2.951382e+17
70 4.963921e+26 8.314578e+02 3.293160e+17
71 5.381397e+26 9.013851e+02 3.674517e+17
72 5.833983e+26 9.771934e+02 4.100035e+17
73 6.324632e+26 1.059377e+03 4.574830e+17
74 6.856547e+26 1.148473e+03 5.104607e+17
75 7.433196e+26 1.245062e+03 5.695734e+17
76 8.058342e+26 1.349774e+03 6.355315e+17
77 8.736065e+26 1.463293e+03 7.091277e+17
78 9.470785e+26 1.586359e+03 7.912466e+17
79 1.026730e+27 1.719775e+03 8.828750e+17
80 1.113080e+27 1.864412e+03 9.851142e+17
81 1.206692e+27 2.021212e+03 1.099193e+18
82 1.308177e+27 2.191201e+03 1.226482e+18
83 1.418197e+27 2.375485e+03 1.368512e+18
84 1.537471e+27 2.575268e+03 1.526990e+18
85 1.666775e+27 2.791853e+03 1.703819e+18
86 1.806954e+27 3.026654e+03 1.901126e+18
87 1.958922e+27 3.281202e+03 2.121281e+18
88 2.123672e+27 3.557158e+03 2.366931e+18
89 2.302277e+27 3.856322e+03 2.641028e+18
90 2.495903e+27 4.180646e+03 2.946866e+18
91 2.705813e+27 4.532247e+03 3.288120e+18
92 2.933377e+27 4.913419e+03 3.668893e+18
93 3.180080e+27 5.326647e+03 4.093761e+18
94 3.447531e+27 5.774629e+03 4.567829e+18
95 3.737476e+27 6.260288e+03 5.096795e+18
96 4.051805e+27 6.786791e+03 5.687018e+18
97 4.392570e+27 7.357574e+03 6.345589e+18
98 4.761993e+27 7.976361e+03 7.080425e+18
99 5.162487e+27 8.647190e+03 7.900357e+18
100 5.596662e+27 9.374436e+03 8.815239e+18
101 6.067352e+27 1.016285e+04 9.836067e+18
102 6.577629e+27 1.101756e+04 1.097511e+19
103 7.130820e+27 1.194416e+04 1.224606e+19
104 7.730537e+27 1.294869e+04 1.366418e+19
105 8.380690e+27 1.403770e+04 1.524653e+19
106 9.085523e+27 1.521830e+04 1.701212e+19
107 9.849633e+27 1.649819e+04 1.898216e+19
108 1.067801e+28 1.788573e+04 2.118035e+19
109 1.157605e+28 1.938995e+04 2.363309e+19
110 1.254962e+28 2.102069e+04 2.636986e+19
111 1.360506e+28 2.278858e+04 2.942356e+19
112 1.474928e+28 2.470514e+04 3.283088e+19
113 1.598972e+28 2.678290e+04 3.663279e+19
114 1.733449e+28 2.903540e+04 4.087496e+19
115 1.879235e+28 3.147733e+04 4.560839e+19
116 2.037283e+28 3.412465e+04 5.088996e+19
117 2.208622e+28 3.699460e+04 5.678315e+19
118 2.394372e+28 4.010593e+04 6.335878e+19
119 2.595743e+28 4.347892e+04 7.069590e+19
120 2.814050e+28 4.713559e+04 7.888267e+19
121 3.050718e+28 5.109980e+04 8.801748e+19
122 3.307289e+28 5.539740e+04 9.821014e+19
123 3.585439e+28 6.005644e+04 1.095831e+20
124 3.886981e+28 6.510732e+04 1.222731e+20
125 4.213884e+28 7.058298e+04 1.364327e+20
126 4.568280e+28 7.651917e+04 1.522320e+20
127 4.952482e+28 8.295460e+04 1.698608e+20
128 5.368995e+28 8.993126e+04 1.895311e+20
129 5.820538e+28 9.749467e+04 2.114793e+20
130 6.310057e+28 1.056942e+05 2.359692e+20
131 6.840745e+28 1.145833e+05 2.632951e+20
132 7.416066e+28 1.242200e+05 2.937853e+20
133 8.039771e+28 1.346672e+05 3.278064e+20
134 8.715932e+28 1.459930e+05 3.657673e+20
135 9.448959e+28 1.582713e+05 4.081241e+20
136 1.024364e+29 1.715823e+05 4.553859e+20
137 1.110515e+29 1.860128e+05 5.081208e+20
138 1.203911e+29 2.016569e+05 5.669625e+20
139 1.305162e+29 2.186167e+05 6.326182e+20
140 1.414929e+29 2.370028e+05 7.058771e+20
141 1.533927e+29 2.569353e+05 7.876195e+20
142 1.662934e+29 2.785442e+05 8.788279e+20
143 1.802790e+29 3.019704e+05 9.805984e+20
144 1.954408e+29 3.273668e+05 1.094154e+21
145 2.118778e+29 3.548991e+05 1.220860e+21
146 2.296971e+29 3.847469e+05 1.362239e+21
147 2.490151e+29 4.171050e+05 1.519990e+21
148 2.699578e+29 4.521845e+05 1.696009e+21
149 2.926617e+29 4.902143e+05 1.892411e+21
150 3.172752e+29 5.314425e+05 2.111557e+21
151 3.439586e+29 5.761381e+05 2.356081e+21
152 3.728863e+29 6.245927e+05 2.628921e+21
153 4.042467e+29 6.771224e+05 2.933357e+21
154 4.382447e+29 7.340700e+05 3.273048e+21
155 4.751019e+29 7.958071e+05 3.652075e+21
156 5.150589e+29 8.627364e+05 4.074995e+21
157 5.583764e+29 9.352947e+05 4.546890e+21
158 6.053370e+29 1.013955e+06 5.073432e+21
159 6.562470e+29 1.099231e+06 5.660948e+21
160 7.114387e+29 1.191680e+06 6.316501e+21
161 7.712721e+29 1.291903e+06 7.047968e+21
162 8.361376e+29 1.400555e+06 7.864141e+21
163 9.064585e+29 1.518345e+06 8.774830e+21
164 9.826934e+29 1.646042e+06 9.790978e+21
165 1.065340e+30 1.784478e+06 1.092480e+22
166 1.154937e+30 1.934558e+06 1.218992e+22
167 1.252070e+30 2.097259e+06 1.360154e+22
168 1.357371e+30 2.273644e+06 1.517664e+22
169 1.471529e+30 2.464863e+06 1.693413e+22
170 1.595287e+30 2.672165e+06 1.889515e+22
171 1.729454e+30 2.896901e+06 2.108326e+22
172 1.874905e+30 3.140539e+06 2.352475e+22
173 2.032588e+30 3.404666e+06 2.624898e+22
174 2.203532e+30 3.691008e+06 2.928868e+22
175 2.388854e+30 4.001432e+06 3.268039e+22
176 2.589761e+30 4.337964e+06 3.646486e+22
177 2.807565e+30 4.702799e+06 4.068759e+22
178 3.043687e+30 5.098318e+06 4.539932e+22
179 3.299667e+30 5.527101e+06 5.065668e+22
180 3.577176e+30 5.991946e+06 5.652285e+22
181 3.878024e+30 6.495886e+06 6.306835e+22
182 4.204173e+30 7.042209e+06 7.037182e+22
183 4.557752e+30 7.634480e+06 7.852107e+22
184 4.941068e+30 8.276563e+06 8.761401e+22
185 5.356622e+30 8.972647e+06 9.775994e+22
186 5.807125e+30 9.727274e+06 1.090808e+23
187 6.295515e+30 1.054537e+07 1.217126e+23
188 6.824981e+30 1.143227e+07 1.358073e+23
189 7.398975e+30 1.239376e+07 1.515341e+23
190 8.021244e+30 1.343611e+07 1.690822e+23
191 8.695846e+30 1.456613e+07 1.886623e+23
192 9.427184e+30 1.579119e+07 2.105099e+23
193 1.022003e+31 1.711928e+07 2.348875e+23
194 1.107955e+31 1.855907e+07 2.620881e+23
195 1.201137e+31 2.011995e+07 2.924386e+23
196 1.302155e+31 2.181211e+07 3.263037e+23
197 1.411668e+31 2.364658e+07 3.640906e+23
198 1.530392e+31 2.563534e+07 4.062532e+23
199 1.659102e+31 2.779136e+07 4.532984e+23
200 1.798635e+31 3.012872e+07 5.057915e+23
201 1.949904e+31 3.266265e+07 5.643635e+23
202 2.113895e+31 3.540970e+07 6.297183e+23
203 2.291678e+31 3.838779e+07 7.026413e+23
204 2.484412e+31 4.161635e+07 7.840090e+23
205 2.693356e+31 4.511644e+07 8.747993e+23
206 2.919873e+31 4.891091e+07 9.761034e+23
207 3.165440e+31 5.302452e+07 1.089139e+24
208 3.431660e+31 5.748409e+07 1.215264e+24
209 3.720269e+31 6.231874e+07 1.355995e+24
210 4.033151e+31 6.756000e+07 1.513022e+24
211 4.372347e+31 7.324208e+07 1.688234e+24
212 4.740070e+31 7.940205e+07 1.883736e+24
213 5.138720e+31 8.608011e+07 2.101878e+24
214 5.570896e+31 9.331982e+07 2.345281e+24
215 6.039420e+31 1.011684e+08 2.616870e+24
216 6.547347e+31 1.096772e+08 2.919911e+24
217 7.097992e+31 1.189015e+08 3.258044e+24
218 7.694947e+31 1.289017e+08 3.635334e+24
219 8.342107e+31 1.397429e+08 4.056315e+24
220 9.043695e+31 1.514960e+08 4.526047e+24
221 9.804288e+31 1.642376e+08 5.050175e+24
222 1.062885e+32 1.780508e+08 5.634998e+24
223 1.152276e+32 1.930257e+08 6.287546e+24
224 1.249184e+32 2.092602e+08 7.015660e+24
225 1.354243e+32 2.268601e+08 7.828092e+24
226 1.468138e+32 2.459403e+08 8.734606e+24
227 1.591611e+32 2.666252e+08 9.746096e+24
228 1.725468e+32 2.890499e+08 1.087472e+25
229 1.870584e+32 3.133606e+08 1.213404e+25
230 2.027904e+32 3.397161e+08 1.353919e+25
231 2.198454e+32 3.682882e+08 1.510707e+25
232 2.383349e+32 3.992635e+08 1.685651e+25
233 2.583793e+32 4.328440e+08 1.880853e+25
234 2.801095e+32 4.692489e+08 2.098661e+25
235 3.036673e+32 5.087157e+08 2.341691e+25
236 3.292063e+32 5.515020e+08 2.612865e+25
237 3.568932e+32 5.978870e+08 2.915442e+25
238 3.869086e+32 6.481734e+08 3.253058e+25
239 4.194484e+32 7.026893e+08 3.629771e+25
240 4.547249e+32 7.617904e+08 4.050107e+25
241 4.929681e+32 8.258625e+08 4.519121e+25
242 5.344277e+32 8.953237e+08 5.042446e+25
243 5.793742e+32 9.706271e+08 5.626375e+25
244 6.281007e+32 1.052264e+09 6.277924e+25
245 6.809252e+32 1.140768e+09 7.004924e+25
246 7.381924e+32 1.236716e+09 7.816112e+25
247 8.002758e+32 1.340734e+09 8.721239e+25
248 8.675806e+32 1.453501e+09 9.731181e+25
249 9.405459e+32 1.575753e+09 1.085808e+26
250 1.019648e+33 1.708287e+09 1.211547e+26
251 1.105402e+33 1.851970e+09 1.351847e+26
252 1.198369e+33 2.007738e+09 1.508395e+26
253 1.299154e+33 2.176607e+09 1.683071e+26
254 1.408415e+33 2.359681e+09 1.877975e+26
255 1.526866e+33 2.558153e+09 2.095449e+26
256 1.655278e+33 2.773320e+09 2.338108e+26
257 1.794490e+33 3.006584e+09 2.608867e+26
258 1.945410e+33 3.259470e+09 2.910980e+26
259 2.109023e+33 3.533627e+09 3.248080e+26
260 2.286396e+33 3.830844e+09 3.624216e+26
261 2.478687e+33 4.153061e+09 4.043909e+26
262 2.687149e+33 4.502382e+09 4.512205e+26
263 2.913144e+33 4.881086e+09 5.034730e+26
264 3.158145e+33 5.291644e+09 5.617765e+26
265 3.423751e+33 5.736738e+09 6.268316e+26
266 3.711696e+33 6.219271e+09 6.994204e+26
267 4.023857e+33 6.742393e+09 7.804151e+26
268 4.362271e+33 7.309519e+09 8.707892e+26
269 4.729147e+33 7.924350e+09 9.716289e+26
270 5.126877e+33 8.590899e+09 1.084146e+27
271 5.558058e+33 9.313518e+09 1.209693e+27
272 6.025502e+33 1.009692e+10 1.349779e+27
273 6.532258e+33 1.094623e+10 1.506086e+27
274 7.081634e+33 1.186698e+10 1.680495e+27
275 7.677214e+33 1.286518e+10 1.875101e+27
276 8.322883e+33 1.394735e+10 2.092243e+27
277 9.022854e+33 1.512056e+10 2.334530e+27
278 9.781693e+33 1.639246e+10 2.604874e+27
279 1.060435e+34 1.777135e+10 2.906526e+27
280 1.149620e+34 1.926625e+10 3.243109e+27
281 1.246305e+34 2.088690e+10 3.618669e+27
282 1.351122e+34 2.264388e+10 4.037721e+27
283 1.464754e+34 2.454868e+10 4.505299e+27
284 1.587943e+34 2.661372e+10 5.027025e+27
285 1.721492e+34 2.885248e+10 5.609168e+27
286 1.866273e+34 3.127958e+10 6.258724e+27
287 2.023230e+34 3.391088e+10 6.983500e+27
288 2.193388e+34 3.676354e+10 7.792208e+27
289 2.377856e+34 3.985620e+10 8.694566e+27
290 2.577839e+34 4.320904e+10 9.701420e+27
291 2.794640e+34 4.684396e+10 1.082487e+28
292 3.029675e+34 5.078471e+10 1.207842e+28
293 3.284476e+34 5.505699e+10 1.347713e+28
294 3.560707e+34 5.968873e+10 1.503782e+28
295 3.860170e+34 6.471015e+10 1.677924e+28
296 4.184818e+34 7.015407e+10 1.872231e+28
297 4.536769e+34 7.605601e+10 2.089041e+28
298 4.918321e+34 8.245454e+10 2.330957e+28
299 5.331961e+34 8.939143e+10 2.600888e+28
300 5.780390e+34 9.691200e+10 2.902078e+28
301 6.266532e+34 1.050654e+11 3.238146e+28
302 6.793560e+34 1.139048e+11 3.613132e+28
303 7.364912e+34 1.234880e+11 4.031542e+28
304 7.984316e+34 1.338775e+11 4.498405e+28
305 8.655812e+34 1.451413e+11 5.019332e+28
306 9.383783e+34 1.573530e+11 5.600584e+28
307 1.017298e+35 1.705922e+11 6.249146e+28
308 1.102855e+35 1.849455e+11 6.972813e+28
309 1.195607e+35 2.005067e+11 7.780283e+28
310 1.296160e+35 2.173774e+11 8.681260e+28
311 1.405169e+35 2.356678e+11 9.686573e+28
312 1.523347e+35 2.554975e+11 1.080830e+29
313 1.651463e+35 2.769961e+11 1.205993e+29
314 1.790355e+35 3.003039e+11 1.345651e+29
315 1.940927e+35 3.255734e+11 1.501480e+29
316 2.104163e+35 3.529696e+11 1.675356e+29
317 2.281127e+35 3.826716e+11 1.869366e+29
318 2.472975e+35 4.148735e+11 2.085844e+29
319 2.680957e+35 4.497858e+11 2.327390e+29
320 2.906430e+35 4.876367e+11 2.596908e+29
321 3.150867e+35 5.286735e+11 2.897636e+29
322 3.415861e+35 5.731647e+11 3.233190e+29
323 3.703142e+35 6.214009e+11 3.607602e+29
324 4.014584e+35 6.736976e+11 4.025372e+29
325 4.352218e+35 7.303967e+11 4.491521e+29
326 4.718248e+35 7.918689e+11 5.011650e+29
327 5.115062e+35 8.585162e+11 5.592013e+29
328 5.545249e+35 9.307743e+11 6.239582e+29
329 6.011616e+35 1.009116e+12 6.962142e+29
330 6.517204e+35 1.094053e+12 7.768377e+29
331 7.065314e+35 1.186142e+12 8.667975e+29
332 7.659521e+35 1.285985e+12 9.671749e+29
333 8.303702e+35 1.394234e+12 1.079176e+30
334 9.002060e+35 1.511599e+12 1.204148e+30
335 9.759151e+35 1.638846e+12 1.343591e+30
336 1.057992e+36 1.776809e+12 1.499183e+30
337 1.146971e+36 1.926391e+12 1.672792e+30
338 1.243433e+36 2.088569e+12 1.866505e+30
339 1.348008e+36 2.264406e+12 2.082652e+30
340 1.461379e+36 2.455053e+12 2.323828e+30
341 1.584283e+36 2.661758e+12 2.592934e+30
342 1.717525e+36 2.885873e+12 2.893202e+30
343 1.861972e+36 3.128867e+12 3.228242e+30
344 2.018568e+36 3.392330e+12 3.602081e+30
345 2.188333e+36 3.677987e+12 4.019212e+30
346 2.372376e+36 3.987711e+12 4.484647e+30
347 2.571898e+36 4.323528e+12 5.003981e+30
348 2.788200e+36 4.687640e+12 5.583455e+30
349 3.022693e+36 5.082432e+12 6.230034e+30
350 3.276907e+36 5.510490e+12 6.951488e+30
351 3.552502e+36 5.974620e+12 7.756488e+30
352 3.851274e+36 6.477864e+12 8.654710e+30
353 4.175174e+36 7.023520e+12 9.656948e+30
354 4.526314e+36 7.615167e+12 1.077525e+31
355 4.906986e+36 8.256682e+12 1.202305e+31
356 5.319674e+36 8.952274e+12 1.341535e+31
357 5.767069e+36 9.706504e+12 1.496888e+31
358 6.252091e+36 1.052432e+13 1.670232e+31
359 6.777904e+36 1.141109e+13 1.863649e+31
360 7.347939e+36 1.237262e+13 2.079465e+31
361 7.965915e+36 1.341524e+13 2.320272e+31
362 8.635865e+36 1.454578e+13 2.588966e+31
363 9.362158e+36 1.577167e+13 2.888774e+31
364 1.014953e+37 1.710095e+13 3.223302e+31
365 1.100313e+37 1.854236e+13 3.596569e+31
366 1.192852e+37 2.010536e+13 4.013061e+31
367 1.293173e+37 2.180023e+13 4.477784e+31
368 1.401931e+37 2.363810e+13 4.996323e+31
369 1.519836e+37 2.563105e+13 5.574910e+31
370 1.647658e+37 2.779218e+13 6.220500e+31
371 1.786229e+37 3.013570e+13 6.940850e+31
372 1.936454e+37 3.267704e+13 7.744618e+31
373 2.099314e+37 3.543289e+13 8.641465e+31
374 2.275870e+37 3.842141e+13 9.642170e+31
375 2.467276e+37 4.166226e+13 1.075876e+32
376 2.674778e+37 4.517677e+13 1.200465e+32
377 2.899732e+37 4.898808e+13 1.339482e+32
378 3.143606e+37 5.312132e+13 1.494598e+32
379 3.407989e+37 5.760370e+13 1.667676e+32
380 3.694608e+37 6.246476e+13 1.860797e+32
381 4.005332e+37 6.773656e+13 2.076282e+32
382 4.342188e+37 7.345386e+13 2.316721e+32
383 4.707375e+37 7.965437e+13 2.585004e+32
384 5.103274e+37 8.637900e+13 2.884354e+32
385 5.532470e+37 9.367268e+13 3.442132e+32
386 5.997762e+37 1.015870e+14 4.353580e+32
387 6.502185e+37 1.101765e+14 5.506372e+32
388 7.049032e+37 1.195006e+14 6.964414e+32
389 7.641870e+37 1.296241e+14 8.808534e+32
390 8.284566e+37 1.406186e+14 1.114096e+33
391 8.981314e+37 1.525622e+14 1.409100e+33
392 9.736661e+37 1.655414e+14 1.782218e+33
393 1.055553e+38 1.796514e+14 2.254134e+33
394 1.144327e+38 1.949979e+14 2.851011e+33
395 1.240568e+38 2.116978e+14 3.605935e+33
396 1.344902e+38 2.298818e+14 4.560757e+33
397 1.458011e+38 2.496956e+14 5.768408e+33
398 1.580632e+38 2.713030e+14 7.295834e+33
399 1.713567e+38 2.948885e+14 9.227712e+33
400 1.857681e+38 3.206610e+14 1.167113e+34
401 2.013916e+38 3.488583e+14 1.476155e+34
402 2.183290e+38 3.797526e+14 1.867029e+34
403 2.366909e+38 4.136568e+14 2.361403e+34
404 2.565971e+38 4.509331e+14 2.986683e+34
405 2.781774e+38 4.920028e+14 3.777533e+34
406 3.015727e+38 5.373583e+14 4.751805e+34
407 3.269355e+38 5.874206e+14 5.696736e+34
408 3.544315e+38 6.426615e+14 6.829575e+34
409 3.842399e+38 7.037092e+14 8.187686e+34
410 4.165552e+38 7.712827e+14 9.815868e+34
411 4.515883e+38 8.462079e+14 1.176783e+35
412 4.895678e+38 9.294346e+14 1.410795e+35
413 5.307414e+38 1.022059e+15 1.691342e+35
414 5.753778e+38 1.125348e+15 2.027677e+35
415 6.237682e+38 1.240744e+15 2.419957e+35
416 6.762284e+38 1.369788e+15 2.877385e+35
417 7.331006e+38 1.514352e+15 3.421278e+35
418 7.947558e+38 1.676625e+15 4.067979e+35
419 8.615963e+38 1.859145e+15 4.836922e+35
420 9.340583e+38 2.064861e+15 5.751214e+35
421 1.012614e+39 2.297209e+15 6.838327e+35
422 1.097777e+39 2.560191e+15 8.130931e+35
423 1.190103e+39 2.858482e+15 9.667867e+35
424 1.290193e+39 3.197542e+15 1.149532e+36
425 1.398700e+39 3.583767e+15 1.366820e+36
426 1.516334e+39 4.024648e+15 1.625181e+36
427 1.643860e+39 4.528972e+15 1.932378e+36
428 1.782112e+39 5.107059e+15 2.297643e+36
429 1.931992e+39 5.771039e+15 2.731951e+36
430 2.094476e+39 6.535180e+15 3.248354e+36
431 2.270625e+39 7.416283e+15 3.862368e+36
432 2.461590e+39 8.434147e+15 4.592446e+36
433 2.668614e+39 9.612117e+15 5.460526e+36
434 2.893050e+39 1.097774e+16 6.492693e+36
435 3.136361e+39 1.256354e+16 7.719963e+36
436 3.400135e+39 1.440796e+16 9.179216e+36
437 3.686094e+39 1.655640e+16 1.091430e+37
438 3.996101e+39 1.906258e+16 1.297736e+37
439 4.332181e+39 2.199007e+16 1.543038e+37
440 4.696526e+39 2.541409e+16 1.834709e+37
441 5.091514e+39 2.942372e+16 2.181511e+37
442 5.519720e+39 3.412446e+16 2.593868e+37
443 5.983939e+39 3.964134e+16 3.084170e+37
444 6.487201e+39 4.612253e+16 3.667150e+37
445 7.032787e+39 5.374371e+16 4.360327e+37
446 7.624259e+39 6.271320e+16 5.184530e+37
447 8.265474e+39 7.327812e+16 6.164527e+37
448 8.960617e+39 8.573162e+16 7.329767e+37
449 9.714222e+39 1.004216e+17 8.715264e+37
450 1.053121e+40 1.177608e+17 1.036265e+38
451 1.141690e+40 1.382394e+17 1.232144e+38
452 1.237709e+40 1.624392e+17 1.465047e+38
453 1.341802e+40 1.910508e+17 1.741976e+38
454 1.454651e+40 2.248948e+17 2.071250e+38
455 1.576990e+40 2.649452e+17 2.462764e+38
456 1.709618e+40 3.123592e+17 2.928284e+38
457 1.853400e+40 3.685112e+17 3.481798e+38
458 2.009275e+40 4.350341e+17 4.139939e+38
459 2.178259e+40 5.138678e+17 4.922484e+38
460 2.361454e+40 6.073171e+17 5.852949e+38
461 2.560057e+40 7.181208e+17 6.959293e+38
462 2.775363e+40 8.495331e+17 8.274762e+38
463 3.008777e+40 1.005421e+18 9.838885e+38
464 3.261821e+40 1.190381e+18 1.169866e+39
465 3.536147e+40 1.409875e+18 1.390998e+39
466 3.833544e+40 1.670394e+18 1.653930e+39
467 4.155952e+40 1.979655e+18 1.966561e+39
468 4.505476e+40 2.346827e+18 2.338287e+39
469 4.884396e+40 2.782813e+18 2.780278e+39
470 5.295183e+40 3.300570e+18 3.305815e+39
471 5.740518e+40 3.915500e+18 3.930691e+39
472 6.223308e+40 4.645913e+18 4.673684e+39
473 6.746700e+40 5.513575e+18 5.557119e+39
474 7.314111e+40 6.544360e+18 6.607544e+39
475 7.929242e+40 7.769028e+18 7.856524e+39
476 8.596107e+40 9.224146e+18 9.341591e+39
477 9.319057e+40 1.095319e+19 1.110737e+40
478 1.010281e+41 1.300784e+19 1.320692e+40
479 1.095247e+41 1.544954e+19 1.570334e+40
480 1.187360e+41 1.835134e+19 1.867164e+40
481 1.287219e+41 2.180009e+19 2.220101e+40
482 1.395477e+41 2.589905e+19 2.639752e+40
483 1.512839e+41 3.077097e+19 3.138727e+40
484 1.640072e+41 3.656182e+19 3.732019e+40
485 1.778005e+41 4.344512e+19 4.437458e+40
486 1.927539e+41 5.162720e+19 5.276241e+40
487 2.089649e+41 6.135335e+19 6.273574e+40
488 2.265393e+41 7.291522e+19 7.459426e+40
489 2.455917e+41 8.665959e+19 8.869431e+40
490 2.662464e+41 1.029987e+20 1.054596e+41
491 2.886383e+41 1.224229e+20 1.253939e+41
492 3.129133e+41 1.455149e+20 1.490963e+41
493 3.392300e+41 1.729677e+20 1.772790e+41
494 3.677599e+41 2.056052e+20 2.107889e+41
495 3.986892e+41 2.444072e+20 2.506329e+41
496 4.322198e+41 2.905384e+20 2.980084e+41
497 4.685703e+41 3.453839e+20 3.543389e+41
498 5.079780e+41 4.105903e+20 4.213172e+41
499 5.507000e+41 4.881155e+20 5.009560e+41
500 5.970149e+41 5.802876e+20 5.956484e+41
