#
#
#
1990 <-- Number of lines
#
#
#
1 6.720569e+29 1.119118e+06 1.239163e+22
2 6.794499e+29 1.131414e+06 1.363594e+22
3 6.869242e+29 1.143844e+06 1.488791e+22
4 6.944808e+29 1.156412e+06 1.615398e+22
5 7.021205e+29 1.169118e+06 1.744105e+22
6 7.098443e+29 1.181964e+06 1.875642e+22
7 7.176530e+29 1.194951e+06 2.010493e+22
8 7.255476e+29 1.208081e+06 2.147837e+22
9 7.335290e+29 1.221355e+06 2.286427e+22
10 7.415983e+29 1.234776e+06 2.424929e+22
11 7.497563e+29 1.248344e+06 2.561923e+22
12 7.580041e+29 1.262061e+06 2.696331e+22
13 7.663426e+29 1.275928e+06 2.829022e+22
14 7.747728e+29 1.289949e+06 2.961504e+22
15 7.832957e+29 1.304123e+06 3.095387e+22
16 7.919125e+29 1.318453e+06 3.232391e+22
17 8.006240e+29 1.332941e+06 3.373821e+22
18 8.094313e+29 1.347588e+06 3.518568e+22
19 8.183355e+29 1.362397e+06 3.664706e+22
20 8.273377e+29 1.377368e+06 3.810179e+22
21 8.364389e+29 1.392503e+06 3.952793e+22
22 8.456402e+29 1.407805e+06 4.090684e+22
23 8.549428e+29 1.423275e+06 4.224175e+22
24 8.643477e+29 1.438914e+06 4.354322e+22
25 8.738560e+29 1.454726e+06 4.482257e+22
26 8.834689e+29 1.470711e+06 4.609194e+22
27 8.931876e+29 1.486872e+06 4.736250e+22
28 9.030132e+29 1.503210e+06 4.863712e+22
29 9.129469e+29 1.519728e+06 4.991603e+22
30 9.229899e+29 1.536428e+06 5.119948e+22
31 9.331433e+29 1.553311e+06 5.248773e+22
32 9.434084e+29 1.570380e+06 5.378036e+22
33 9.537865e+29 1.587636e+06 5.507322e+22
34 9.642787e+29 1.605082e+06 5.636069e+22
35 9.748863e+29 1.622720e+06 5.763678e+22
36 9.856107e+29 1.640552e+06 5.889515e+22
37 9.964530e+29 1.658579e+06 6.013085e+22
38 1.007415e+30 1.676805e+06 6.134846e+22
39 1.018497e+30 1.695231e+06 6.255615e+22
40 1.029701e+30 1.713859e+06 6.376266e+22
41 1.041028e+30 1.732692e+06 6.497733e+22
42 1.052480e+30 1.751733e+06 6.620828e+22
43 1.064058e+30 1.770982e+06 6.745389e+22
44 1.075763e+30 1.790444e+06 6.870889e+22
45 1.087597e+30 1.810119e+06 6.996765e+22
46 1.099561e+30 1.830011e+06 7.122418e+22
47 1.111657e+30 1.850121e+06 7.247259e+22
48 1.123886e+30 1.870453e+06 7.370947e+22
49 1.136250e+30 1.891008e+06 7.493222e+22
50 1.148749e+30 1.911789e+06 7.613812e+22
51 1.161386e+30 1.932798e+06 7.732426e+22
52 1.174162e+30 1.954038e+06 7.848976e+22
53 1.187078e+30 1.975511e+06 7.964647e+22
54 1.200137e+30 1.997221e+06 8.081165e+22
55 1.213339e+30 2.019169e+06 8.200375e+22
56 1.226687e+30 2.041359e+06 8.324246e+22
57 1.240181e+30 2.063794e+06 8.454381e+22
58 1.253824e+30 2.086475e+06 8.589531e+22
59 1.267616e+30 2.109406e+06 8.727250e+22
60 1.281561e+30 2.132589e+06 8.864919e+22
61 1.295659e+30 2.156026e+06 8.999746e+22
62 1.309912e+30 2.179721e+06 9.129310e+22
63 1.324322e+30 2.203677e+06 9.254489e+22
64 1.338890e+30 2.227895e+06 9.377563e+22
65 1.353619e+30 2.252380e+06 9.500970e+22
66 1.368509e+30 2.277135e+06 9.627315e+22
67 1.383564e+30 2.302163e+06 9.759011e+22
68 1.398784e+30 2.327466e+06 9.896281e+22
69 1.414171e+30 2.353048e+06 1.003843e+23
70 1.429728e+30 2.378911e+06 1.018470e+23
71 1.445456e+30 2.405059e+06 1.033428e+23
72 1.461357e+30 2.431495e+06 1.048630e+23
73 1.477432e+30 2.458221e+06 1.063967e+23
74 1.493685e+30 2.485242e+06 1.079321e+23
75 1.510116e+30 2.512559e+06 1.094562e+23
76 1.526729e+30 2.540176e+06 1.109556e+23
77 1.543523e+30 2.568097e+06 1.124196e+23
78 1.560503e+30 2.596325e+06 1.138644e+23
79 1.577670e+30 2.624864e+06 1.153185e+23
80 1.595025e+30 2.653716e+06 1.168126e+23
81 1.612571e+30 2.682886e+06 1.183792e+23
82 1.630310e+30 2.712378e+06 1.200472e+23
83 1.648245e+30 2.742194e+06 1.218046e+23
84 1.666376e+30 2.772338e+06 1.236209e+23
85 1.684708e+30 2.802814e+06 1.254628e+23
86 1.703240e+30 2.833625e+06 1.272950e+23
87 1.721977e+30 2.864775e+06 1.290852e+23
88 1.740920e+30 2.896267e+06 1.308374e+23
89 1.760071e+30 2.928105e+06 1.325733e+23
90 1.779433e+30 2.960293e+06 1.343160e+23
91 1.799008e+30 2.992836e+06 1.360903e+23
92 1.818798e+30 3.025736e+06 1.379200e+23
93 1.838806e+30 3.058999e+06 1.398114e+23
94 1.859033e+30 3.092627e+06 1.417624e+23
95 1.879484e+30 3.126626e+06 1.437706e+23
96 1.900159e+30 3.160998e+06 1.458336e+23
97 1.921062e+30 3.195749e+06 1.479470e+23
98 1.942195e+30 3.230882e+06 1.500940e+23
99 1.963560e+30 3.266402e+06 1.522507e+23
100 1.985161e+30 3.302312e+06 1.543920e+23
101 2.006999e+30 3.338616e+06 1.564909e+23
102 2.029077e+30 3.375320e+06 1.585245e+23
103 2.051398e+30 3.412427e+06 1.605175e+23
104 2.073965e+30 3.449942e+06 1.625199e+23
105 2.096779e+30 3.487871e+06 1.645850e+23
106 2.119845e+30 3.526216e+06 1.667698e+23
107 2.143165e+30 3.564985e+06 1.691269e+23
108 2.166741e+30 3.604180e+06 1.716450e+23
109 2.190576e+30 3.643806e+06 1.742785e+23
110 2.214674e+30 3.683869e+06 1.769783e+23
111 2.239037e+30 3.724373e+06 1.796921e+23
112 2.263667e+30 3.765322e+06 1.823700e+23
113 2.288569e+30 3.806722e+06 1.850137e+23
114 2.313745e+30 3.848577e+06 1.876528e+23
115 2.339197e+30 3.890892e+06 1.903192e+23
116 2.364930e+30 3.933674e+06 1.930469e+23
117 2.390945e+30 3.976926e+06 1.958692e+23
118 2.417247e+30 4.020654e+06 1.987958e+23
119 2.443838e+30 4.064864e+06 2.018234e+23
120 2.470722e+30 4.109560e+06 2.049484e+23
121 2.497901e+30 4.154748e+06 2.081666e+23
122 2.525380e+30 4.200434e+06 2.114716e+23
123 2.553161e+30 4.246622e+06 2.148394e+23
124 2.581247e+30 4.293318e+06 2.182347e+23
125 2.609642e+30 4.340527e+06 2.216200e+23
126 2.638350e+30 4.388256e+06 2.249551e+23
127 2.667373e+30 4.436509e+06 2.282048e+23
128 2.696716e+30 4.485292e+06 2.314040e+23
129 2.726381e+30 4.534612e+06 2.346297e+23
130 2.756373e+30 4.584475e+06 2.379649e+23
131 2.786695e+30 4.634886e+06 2.414980e+23
132 2.817350e+30 4.685854e+06 2.453122e+23
133 2.848343e+30 4.737383e+06 2.493912e+23
134 2.879676e+30 4.789479e+06 2.536570e+23
135 2.911354e+30 4.842148e+06 2.580256e+23
136 2.943381e+30 4.895397e+06 2.624074e+23
137 2.975760e+30 4.949231e+06 2.667147e+23
138 3.008495e+30 5.003657e+06 2.709402e+23
139 3.041590e+30 5.058680e+06 2.751262e+23
140 3.075049e+30 5.114309e+06 2.793187e+23
141 3.108877e+30 5.170550e+06 2.835669e+23
142 3.143076e+30 5.227410e+06 2.879204e+23
143 3.177652e+30 5.284896e+06 2.924051e+23
144 3.212608e+30 5.343014e+06 2.970321e+23
145 3.247949e+30 5.401772e+06 3.018128e+23
146 3.283678e+30 5.461177e+06 3.067592e+23
147 3.319800e+30 5.521235e+06 3.118801e+23
148 3.356320e+30 5.581955e+06 3.171412e+23
149 3.393242e+30 5.643342e+06 3.224795e+23
150 3.430569e+30 5.705405e+06 3.278269e+23
151 3.468308e+30 5.768150e+06 3.331111e+23
152 3.506461e+30 5.831584e+06 3.382648e+23
153 3.545034e+30 5.895715e+06 3.433306e+23
154 3.584032e+30 5.960552e+06 3.484267e+23
155 3.623458e+30 6.026103e+06 3.536804e+23
156 3.663318e+30 6.092375e+06 3.592273e+23
157 3.703617e+30 6.159378e+06 3.651990e+23
158 3.744359e+30 6.227119e+06 3.715819e+23
159 3.785549e+30 6.295606e+06 3.782611e+23
160 3.827193e+30 6.364847e+06 3.851120e+23
161 3.869294e+30 6.434849e+06 3.920013e+23
162 3.911859e+30 6.505621e+06 3.987966e+23
163 3.954891e+30 6.577171e+06 4.054772e+23
164 3.998397e+30 6.649507e+06 4.121025e+23
165 4.042382e+30 6.722638e+06 4.187370e+23
166 4.086851e+30 6.796575e+06 4.254498e+23
167 4.131809e+30 6.871324e+06 4.323126e+23
168 4.177261e+30 6.946897e+06 4.393728e+23
169 4.223213e+30 7.023301e+06 4.466617e+23
170 4.269671e+30 7.100546e+06 4.542116e+23
171 4.316640e+30 7.178642e+06 4.620570e+23
172 4.364126e+30 7.257598e+06 4.702278e+23
173 4.412134e+30 7.337423e+06 4.786711e+23
174 4.460670e+30 7.418126e+06 4.872699e+23
175 4.509740e+30 7.499717e+06 4.958982e+23
176 4.559350e+30 7.582204e+06 5.044214e+23
177 4.609505e+30 7.665597e+06 5.127104e+23
178 4.660212e+30 7.749907e+06 5.208235e+23
179 4.711478e+30 7.835144e+06 5.289656e+23
180 4.763307e+30 7.921319e+06 5.373583e+23
181 4.815706e+30 8.008445e+06 5.462381e+23
182 4.868681e+30 8.096533e+06 5.558397e+23
183 4.922240e+30 8.185592e+06 5.661650e+23
184 4.976387e+30 8.275634e+06 5.770314e+23
185 5.031131e+30 8.366668e+06 5.882388e+23
186 5.086476e+30 8.458703e+06 5.995733e+23
187 5.142430e+30 8.551750e+06 6.108182e+23
188 5.199000e+30 8.645819e+06 6.219174e+23
189 5.256192e+30 8.740923e+06 6.329447e+23
190 5.314013e+30 8.837072e+06 6.439828e+23
191 5.372471e+30 8.934278e+06 6.551197e+23
192 5.431571e+30 9.032555e+06 6.664481e+23
193 5.491322e+30 9.131913e+06 6.780452e+23
194 5.551729e+30 9.232364e+06 6.899758e+23
195 5.612802e+30 9.333922e+06 7.023088e+23
196 5.674546e+30 9.436598e+06 7.151169e+23
197 5.736969e+30 9.540404e+06 7.284688e+23
198 5.800079e+30 9.645354e+06 7.423039e+23
199 5.863884e+30 9.751459e+06 7.564488e+23
200 5.928390e+30 9.858731e+06 7.707154e+23
201 5.993606e+30 9.967182e+06 7.849026e+23
202 6.059539e+30 1.007682e+07 7.988111e+23
203 6.126197e+30 1.018767e+07 8.124791e+23
204 6.193589e+30 1.029974e+07 8.261549e+23
205 6.261722e+30 1.041304e+07 8.401103e+23
206 6.330605e+30 1.052759e+07 8.546349e+23
207 6.400245e+30 1.064340e+07 8.700216e+23
208 6.470652e+30 1.076048e+07 8.863074e+23
209 6.541833e+30 1.087886e+07 9.032983e+23
210 6.613797e+30 1.099854e+07 9.207785e+23
211 6.686553e+30 1.111954e+07 9.385172e+23
212 6.760109e+30 1.124186e+07 9.562768e+23
213 6.834474e+30 1.136553e+07 9.739648e+23
214 6.909657e+30 1.149056e+07 9.916234e+23
215 6.985667e+30 1.161697e+07 1.009302e+24
216 7.062514e+30 1.174477e+07 1.027054e+24
217 7.140206e+30 1.187397e+07 1.044936e+24
218 7.218752e+30 1.200459e+07 1.063011e+24
219 7.298163e+30 1.213666e+07 1.081345e+24
220 7.378447e+30 1.227017e+07 1.100010e+24
221 7.459614e+30 1.240516e+07 1.119083e+24
222 7.541675e+30 1.254163e+07 1.138638e+24
223 7.624637e+30 1.267960e+07 1.158634e+24
224 7.708513e+30 1.281910e+07 1.178913e+24
225 7.793311e+30 1.296013e+07 1.199305e+24
226 7.879042e+30 1.310271e+07 1.219626e+24
227 7.965716e+30 1.324686e+07 1.239694e+24
228 8.053344e+30 1.339259e+07 1.259554e+24
229 8.141936e+30 1.353993e+07 1.279484e+24
230 8.231502e+30 1.368888e+07 1.299790e+24
231 8.322053e+30 1.383947e+07 1.320798e+24
232 8.413601e+30 1.399172e+07 1.342842e+24
233 8.506155e+30 1.414564e+07 1.365986e+24
234 8.599728e+30 1.430125e+07 1.390017e+24
235 8.694330e+30 1.445857e+07 1.414694e+24
236 8.789973e+30 1.461762e+07 1.439759e+24
237 8.886668e+30 1.477842e+07 1.464945e+24
238 8.984426e+30 1.494099e+07 1.490136e+24
239 9.083260e+30 1.510535e+07 1.515379e+24
240 9.183182e+30 1.527151e+07 1.540730e+24
241 9.284202e+30 1.543950e+07 1.566252e+24
242 9.386334e+30 1.560934e+07 1.592013e+24
243 9.489589e+30 1.578105e+07 1.618187e+24
244 9.593980e+30 1.595464e+07 1.645061e+24
245 9.699520e+30 1.613015e+07 1.672947e+24
246 9.806220e+30 1.630759e+07 1.702174e+24
247 9.914094e+30 1.648699e+07 1.733078e+24
248 1.002316e+31 1.666836e+07 1.765622e+24
249 1.013342e+31 1.685173e+07 1.799355e+24
250 1.024489e+31 1.703712e+07 1.833773e+24
251 1.035759e+31 1.722454e+07 1.868340e+24
252 1.047153e+31 1.741402e+07 1.902500e+24
253 1.058672e+31 1.760559e+07 1.936150e+24
254 1.070318e+31 1.779927e+07 1.969708e+24
255 1.082092e+31 1.799507e+07 2.003646e+24
256 1.093996e+31 1.819303e+07 2.038467e+24
257 1.106031e+31 1.839317e+07 2.074694e+24
258 1.118198e+31 1.859552e+07 2.112498e+24
259 1.130498e+31 1.880009e+07 2.151631e+24
260 1.142935e+31 1.900692e+07 2.191808e+24
261 1.155508e+31 1.921602e+07 2.232722e+24
262 1.168219e+31 1.942742e+07 2.274050e+24
263 1.181070e+31 1.964115e+07 2.315605e+24
264 1.194062e+31 1.985723e+07 2.357369e+24
265 1.207198e+31 2.007568e+07 2.399330e+24
266 1.220478e+31 2.029654e+07 2.441476e+24
267 1.233904e+31 2.051983e+07 2.483800e+24
268 1.247477e+31 2.074557e+07 2.526446e+24
269 1.261200e+31 2.097379e+07 2.569744e+24
270 1.275074e+31 2.120453e+07 2.614057e+24
271 1.289101e+31 2.143781e+07 2.659769e+24
272 1.303282e+31 2.167366e+07 2.707279e+24
273 1.317619e+31 2.191211e+07 2.756608e+24
274 1.332113e+31 2.215318e+07 2.807300e+24
275 1.346767e+31 2.239691e+07 2.858838e+24
276 1.361583e+31 2.264332e+07 2.910669e+24
277 1.376561e+31 2.289243e+07 2.962216e+24
278 1.391704e+31 2.314429e+07 3.013343e+24
279 1.407013e+31 2.339891e+07 3.064492e+24
280 1.422491e+31 2.365633e+07 3.116168e+24
281 1.438140e+31 2.391659e+07 3.168914e+24
282 1.453960e+31 2.417971e+07 3.223293e+24
283 1.469954e+31 2.444573e+07 3.279541e+24
284 1.486125e+31 2.471468e+07 3.337436e+24
285 1.502473e+31 2.498659e+07 3.396713e+24
286 1.519001e+31 2.526150e+07 3.457089e+24
287 1.535711e+31 2.553943e+07 3.518262e+24
288 1.552605e+31 2.582041e+07 3.580017e+24
289 1.569684e+31 2.610449e+07 3.642271e+24
290 1.586952e+31 2.639169e+07 3.704943e+24
291 1.604409e+31 2.668205e+07 3.767944e+24
292 1.622059e+31 2.697560e+07 3.831187e+24
293 1.639902e+31 2.727238e+07 3.894800e+24
294 1.657942e+31 2.757243e+07 3.959209e+24
295 1.676180e+31 2.787577e+07 4.024888e+24
296 1.694619e+31 2.818246e+07 4.092344e+24
297 1.713261e+31 2.849253e+07 4.162104e+24
298 1.732108e+31 2.880601e+07 4.234271e+24
299 1.751162e+31 2.912295e+07 4.308327e+24
300 1.770426e+31 2.944337e+07 4.383675e+24
301 1.789902e+31 2.976732e+07 4.459673e+24
302 1.809592e+31 3.009483e+07 4.535649e+24
303 1.829498e+31 3.042594e+07 4.611370e+24
304 1.849624e+31 3.076069e+07 4.687274e+24
305 1.869971e+31 3.109912e+07 4.763875e+24
306 1.890542e+31 3.144127e+07 4.841724e+24
307 1.911339e+31 3.178719e+07 4.921402e+24
308 1.932365e+31 3.213692e+07 5.003203e+24
309 1.953622e+31 3.249051e+07 5.086978e+24
310 1.975113e+31 3.284798e+07 5.172533e+24
311 1.996840e+31 3.320939e+07 5.259654e+24
312 2.018807e+31 3.357478e+07 5.348114e+24
313 2.041015e+31 3.394418e+07 5.437704e+24
314 2.063467e+31 3.431765e+07 5.528242e+24
315 2.086167e+31 3.469523e+07 5.619539e+24
316 2.109116e+31 3.507696e+07 5.711395e+24
317 2.132317e+31 3.546289e+07 5.803598e+24
318 2.155774e+31 3.585306e+07 5.896228e+24
319 2.179489e+31 3.624752e+07 5.989832e+24
320 2.203464e+31 3.664632e+07 6.085030e+24
321 2.227704e+31 3.704952e+07 6.182484e+24
322 2.252210e+31 3.745715e+07 6.282889e+24
323 2.276986e+31 3.786928e+07 6.386457e+24
324 2.302034e+31 3.828595e+07 6.492597e+24
325 2.327357e+31 3.870720e+07 6.600604e+24
326 2.352960e+31 3.913309e+07 6.709722e+24
327 2.378844e+31 3.956365e+07 6.819152e+24
328 2.405012e+31 3.999895e+07 6.928546e+24
329 2.431469e+31 4.043904e+07 7.038341e+24
330 2.458217e+31 4.088396e+07 7.149072e+24
331 2.485258e+31 4.133379e+07 7.261314e+24
332 2.512598e+31 4.178856e+07 7.375672e+24
333 2.540238e+31 4.224834e+07 7.492511e+24
334 2.568182e+31 4.271319e+07 7.611755e+24
335 2.596433e+31 4.318316e+07 7.733280e+24
336 2.624996e+31 4.365829e+07 7.856948e+24
337 2.653872e+31 4.413866e+07 7.982612e+24
338 2.683066e+31 4.462431e+07 8.110076e+24
339 2.712582e+31 4.511531e+07 8.239069e+24
340 2.742422e+31 4.561171e+07 8.369294e+24
341 2.772590e+31 4.611356e+07 8.500435e+24
342 2.803090e+31 4.662093e+07 8.632157e+24
343 2.833926e+31 4.713389e+07 8.764472e+24
344 2.865101e+31 4.765248e+07 8.898030e+24
345 2.896619e+31 4.817678e+07 9.033590e+24
346 2.928483e+31 4.870685e+07 9.171958e+24
347 2.960698e+31 4.924276e+07 9.313988e+24
348 2.993268e+31 4.978458e+07 9.460025e+24
349 3.026195e+31 5.033236e+07 9.609436e+24
350 3.059485e+31 5.088617e+07 9.761438e+24
351 3.093141e+31 5.144607e+07 9.915195e+24
352 3.127168e+31 5.201213e+07 1.006982e+25
353 3.161568e+31 5.258441e+07 1.022485e+25
354 3.196348e+31 5.316299e+07 1.038071e+25
355 3.231509e+31 5.374793e+07 1.053794e+25
356 3.267058e+31 5.433930e+07 1.069714e+25
357 3.302997e+31 5.493718e+07 1.085892e+25
358 3.339332e+31 5.554164e+07 1.102370e+25
359 3.376067e+31 5.615276e+07 1.119147e+25
360 3.413206e+31 5.677060e+07 1.136219e+25
361 3.450753e+31 5.739525e+07 1.153580e+25
362 3.488713e+31 5.802676e+07 1.171223e+25
363 3.527091e+31 5.866523e+07 1.189131e+25
364 3.565891e+31 5.931072e+07 1.207271e+25
365 3.605118e+31 5.996331e+07 1.225605e+25
366 3.644777e+31 6.062308e+07 1.244091e+25
367 3.684871e+31 6.129011e+07 1.262686e+25
368 3.725407e+31 6.196447e+07 1.281384e+25
369 3.766389e+31 6.264624e+07 1.300257e+25
370 3.807821e+31 6.333552e+07 1.319394e+25
371 3.849710e+31 6.403238e+07 1.338887e+25
372 3.892059e+31 6.473692e+07 1.358834e+25
373 3.934874e+31 6.544922e+07 1.379285e+25
374 3.978160e+31 6.616936e+07 1.400173e+25
375 4.021922e+31 6.689743e+07 1.421414e+25
376 4.066165e+31 6.763351e+07 1.442919e+25
377 4.110896e+31 6.837768e+07 1.464590e+25
378 4.156118e+31 6.913004e+07 1.486372e+25
379 4.201838e+31 6.989067e+07 1.508304e+25
380 4.248060e+31 7.065966e+07 1.530442e+25
381 4.294792e+31 7.143712e+07 1.552844e+25
382 4.342037e+31 7.222313e+07 1.575571e+25
383 4.389802e+31 7.301779e+07 1.598671e+25
384 4.438092e+31 7.382119e+07 1.622151e+25
385 4.486914e+31 7.463344e+07 1.646015e+25
386 4.536273e+31 7.545463e+07 1.670266e+25
387 4.586174e+31 7.628486e+07 1.694905e+25
388 4.636625e+31 7.712422e+07 1.719924e+25
389 4.687631e+31 7.797282e+07 1.745284e+25
390 4.739197e+31 7.883075e+07 1.770940e+25
391 4.791331e+31 7.969813e+07 1.796843e+25
392 4.844039e+31 8.057503e+07 1.822943e+25
393 4.897326e+31 8.146159e+07 1.849224e+25
394 4.951200e+31 8.235789e+07 1.875763e+25
395 5.005666e+31 8.326405e+07 1.902653e+25
396 5.060731e+31 8.418019e+07 1.929995e+25
397 5.116402e+31 8.510642e+07 1.957894e+25
398 5.172685e+31 8.604285e+07 1.986411e+25
399 5.229588e+31 8.698958e+07 2.015487e+25
400 5.287117e+31 8.794674e+07 2.045037e+25
401 5.345278e+31 8.891442e+07 2.074974e+25
402 5.404079e+31 8.989275e+07 2.105204e+25
403 5.463527e+31 9.088184e+07 2.135666e+25
404 5.523629e+31 9.188181e+07 2.166393e+25
405 5.584393e+31 9.289278e+07 2.197435e+25
406 5.645824e+31 9.391486e+07 2.228844e+25
407 5.707932e+31 9.494820e+07 2.260676e+25
408 5.770722e+31 9.599290e+07 2.292979e+25
409 5.834204e+31 9.704911e+07 2.325770e+25
410 5.898383e+31 9.811693e+07 2.359066e+25
411 5.963269e+31 9.919651e+07 2.392879e+25
412 6.028869e+31 1.002880e+08 2.427228e+25
413 6.095190e+31 1.013914e+08 2.462111e+25
414 6.162240e+31 1.025071e+08 2.497487e+25
415 6.230029e+31 1.036350e+08 2.533307e+25
416 6.298563e+31 1.047752e+08 2.569516e+25
417 6.367851e+31 1.059281e+08 2.606055e+25
418 6.437901e+31 1.070936e+08 2.642901e+25
419 6.508722e+31 1.082719e+08 2.680131e+25
420 6.580321e+31 1.094632e+08 2.717844e+25
421 6.652709e+31 1.106676e+08 2.756142e+25
422 6.725893e+31 1.118853e+08 2.795138e+25
423 6.799881e+31 1.131164e+08 2.834903e+25
424 6.874684e+31 1.143610e+08 2.875383e+25
425 6.950310e+31 1.156194e+08 2.916500e+25
426 7.026767e+31 1.168915e+08 2.958171e+25
427 7.104066e+31 1.181777e+08 3.000305e+25
428 7.182215e+31 1.194780e+08 3.042841e+25
429 7.261223e+31 1.207926e+08 3.085804e+25
430 7.341101e+31 1.221217e+08 3.129243e+25
431 7.421858e+31 1.234654e+08 3.173204e+25
432 7.503503e+31 1.248239e+08 3.217739e+25
433 7.586046e+31 1.261973e+08 3.262896e+25
434 7.669497e+31 1.275859e+08 3.308703e+25
435 7.753866e+31 1.289897e+08 3.355188e+25
436 7.839163e+31 1.304090e+08 3.402377e+25
437 7.925398e+31 1.318439e+08 3.450302e+25
438 8.012582e+31 1.332946e+08 3.498973e+25
439 8.100725e+31 1.347612e+08 3.548349e+25
440 8.189838e+31 1.362440e+08 3.598373e+25
441 8.279931e+31 1.377431e+08 3.648984e+25
442 8.371015e+31 1.392587e+08 3.700120e+25
443 8.463102e+31 1.407910e+08 3.751745e+25
444 8.556201e+31 1.423401e+08 3.803937e+25
445 8.650324e+31 1.439063e+08 3.856796e+25
446 8.745483e+31 1.454897e+08 3.910431e+25
447 8.841688e+31 1.470905e+08 3.964955e+25
448 8.938952e+31 1.487089e+08 4.020452e+25
449 9.037286e+31 1.503452e+08 4.076881e+25
450 9.136701e+31 1.519995e+08 4.134176e+25
451 9.237210e+31 1.536720e+08 4.192265e+25
452 9.338825e+31 1.553628e+08 4.251070e+25
453 9.441558e+31 1.570723e+08 4.310532e+25
454 9.545421e+31 1.588006e+08 4.370669e+25
455 9.650426e+31 1.605479e+08 4.431517e+25
456 9.756586e+31 1.623144e+08 4.493110e+25
457 9.863915e+31 1.641004e+08 4.555489e+25
458 9.972423e+31 1.659060e+08 4.618693e+25
459 1.008213e+32 1.677315e+08 4.682767e+25
460 1.019304e+32 1.695770e+08 4.747757e+25
461 1.030516e+32 1.714429e+08 4.813712e+25
462 1.041853e+32 1.733293e+08 4.880683e+25
463 1.053314e+32 1.752365e+08 4.948703e+25
464 1.064901e+32 1.771647e+08 5.017727e+25
465 1.076615e+32 1.791141e+08 5.087691e+25
466 1.088459e+32 1.810849e+08 5.158526e+25
467 1.100432e+32 1.830774e+08 5.230158e+25
468 1.112538e+32 1.850918e+08 5.302542e+25
469 1.124776e+32 1.871284e+08 5.375755e+25
470 1.137150e+32 1.891874e+08 5.449907e+25
471 1.149659e+32 1.912691e+08 5.525114e+25
472 1.162306e+32 1.933736e+08 5.601500e+25
473 1.175092e+32 1.955014e+08 5.679158e+25
474 1.188019e+32 1.976525e+08 5.758061e+25
475 1.201088e+32 1.998273e+08 5.838148e+25
476 1.214300e+32 2.020261e+08 5.919352e+25
477 1.227658e+32 2.042490e+08 6.001601e+25
478 1.241163e+32 2.064965e+08 6.084838e+25
479 1.254817e+32 2.087686e+08 6.169081e+25
480 1.268621e+32 2.110657e+08 6.254362e+25
481 1.282576e+32 2.133881e+08 6.340718e+25
482 1.296685e+32 2.157361e+08 6.428186e+25
483 1.310950e+32 2.181099e+08 6.516808e+25
484 1.325371e+32 2.205098e+08 6.606639e+25
485 1.339951e+32 2.229361e+08 6.697738e+25
486 1.354691e+32 2.253892e+08 6.790167e+25
487 1.369593e+32 2.278692e+08 6.883993e+25
488 1.384660e+32 2.303765e+08 6.979262e+25
489 1.399892e+32 2.329114e+08 7.075947e+25
490 1.415291e+32 2.354742e+08 7.173993e+25
491 1.430860e+32 2.380652e+08 7.273344e+25
492 1.446601e+32 2.406848e+08 7.373936e+25
493 1.462514e+32 2.433331e+08 7.475730e+25
494 1.478603e+32 2.460106e+08 7.578793e+25
495 1.494868e+32 2.487176e+08 7.683229e+25
496 1.511313e+32 2.514543e+08 7.789142e+25
497 1.527938e+32 2.542212e+08 7.896648e+25
498 1.544746e+32 2.570185e+08 8.005838e+25
499 1.561739e+32 2.598466e+08 8.116700e+25
500 1.578919e+32 2.627058e+08 8.229189e+25
501 1.596288e+32 2.655965e+08 8.343254e+25
502 1.613849e+32 2.685191e+08 8.458842e+25
503 1.631602e+32 2.714737e+08 8.575908e+25
504 1.649550e+32 2.744609e+08 8.694465e+25
505 1.667696e+32 2.774809e+08 8.814541e+25
506 1.686042e+32 2.805342e+08 8.936167e+25
507 1.704590e+32 2.836211e+08 9.059375e+25
508 1.723341e+32 2.867419e+08 9.184202e+25
509 1.742299e+32 2.898971e+08 9.310724e+25
510 1.761465e+32 2.930870e+08 9.439025e+25
511 1.780842e+32 2.963120e+08 9.569196e+25
512 1.800433e+32 2.995725e+08 9.701333e+25
513 1.820239e+32 3.028689e+08 9.835510e+25
514 1.840262e+32 3.062016e+08 9.971686e+25
515 1.860506e+32 3.095709e+08 1.010978e+26
516 1.880973e+32 3.129773e+08 1.024970e+26
517 1.901665e+32 3.164212e+08 1.039137e+26
518 1.922584e+32 3.199030e+08 1.053469e+26
519 1.943734e+32 3.234231e+08 1.067977e+26
520 1.965116e+32 3.269820e+08 1.082673e+26
521 1.986733e+32 3.305800e+08 1.097573e+26
522 2.008589e+32 3.342176e+08 1.112689e+26
523 2.030684e+32 3.378952e+08 1.128037e+26
524 2.053023e+32 3.416133e+08 1.143617e+26
525 2.075607e+32 3.453723e+08 1.159426e+26
526 2.098440e+32 3.491727e+08 1.175461e+26
527 2.121524e+32 3.530150e+08 1.191717e+26
528 2.144863e+32 3.568995e+08 1.208191e+26
529 2.168457e+32 3.608267e+08 1.224883e+26
530 2.192312e+32 3.647972e+08 1.241794e+26
531 2.216428e+32 3.688113e+08 1.258925e+26
532 2.240810e+32 3.728696e+08 1.276277e+26
533 2.265461e+32 3.769726e+08 1.293852e+26
534 2.290382e+32 3.811207e+08 1.311661e+26
535 2.315578e+32 3.853145e+08 1.329717e+26
536 2.341050e+32 3.895544e+08 1.348033e+26
537 2.366803e+32 3.938410e+08 1.366626e+26
538 2.392839e+32 3.981748e+08 1.385507e+26
539 2.419162e+32 4.025563e+08 1.404673e+26
540 2.445774e+32 4.069860e+08 1.424114e+26
541 2.472679e+32 4.114645e+08 1.443818e+26
542 2.499880e+32 4.159922e+08 1.463775e+26
543 2.527380e+32 4.205697e+08 1.483974e+26
544 2.555183e+32 4.251976e+08 1.504425e+26
545 2.583292e+32 4.298765e+08 1.525145e+26
546 2.611709e+32 4.346068e+08 1.546148e+26
547 2.640440e+32 4.393892e+08 1.567454e+26
548 2.669486e+32 4.442242e+08 1.589079e+26
549 2.698852e+32 4.491125e+08 1.611026e+26
550 2.728541e+32 4.540545e+08 1.633293e+26
551 2.758557e+32 4.590509e+08 1.655877e+26
552 2.788902e+32 4.641023e+08 1.678775e+26
553 2.819582e+32 4.692094e+08 1.701986e+26
554 2.850599e+32 4.743726e+08 1.725510e+26
555 2.881957e+32 4.795926e+08 1.749348e+26
556 2.913661e+32 4.848701e+08 1.773501e+26
557 2.945713e+32 4.902056e+08 1.797972e+26
558 2.978117e+32 4.955999e+08 1.822762e+26
559 3.010878e+32 5.010535e+08 1.847885e+26
560 3.044000e+32 5.065671e+08 1.873356e+26
561 3.077485e+32 5.121414e+08 1.899192e+26
562 3.111340e+32 5.177771e+08 1.925411e+26
563 3.145566e+32 5.234748e+08 1.952029e+26
564 3.180169e+32 5.292352e+08 1.979044e+26
565 3.215153e+32 5.350590e+08 2.006447e+26
566 3.250522e+32 5.409469e+08 2.034228e+26
567 3.286279e+32 5.468996e+08 2.062376e+26
568 3.322430e+32 5.529178e+08 2.090882e+26
569 3.358979e+32 5.590023e+08 2.119756e+26
570 3.395930e+32 5.651536e+08 2.149013e+26
571 3.433287e+32 5.713727e+08 2.178673e+26
572 3.471055e+32 5.776602e+08 2.208754e+26
573 3.509239e+32 5.840170e+08 2.239275e+26
574 3.547843e+32 5.904436e+08 2.270241e+26
575 3.586871e+32 5.969411e+08 2.301654e+26
576 3.626329e+32 6.035100e+08 2.333515e+26
577 3.666221e+32 6.101512e+08 2.365823e+26
578 3.706551e+32 6.168656e+08 2.398580e+26
579 3.747325e+32 6.236538e+08 2.431786e+26
580 3.788548e+32 6.305167e+08 2.465441e+26
581 3.830224e+32 6.374551e+08 2.499546e+26
582 3.872359e+32 6.444699e+08 2.534100e+26
583 3.914957e+32 6.515619e+08 2.569104e+26
584 3.958024e+32 6.587320e+08 2.604577e+26
585 4.001565e+32 6.659809e+08 2.640540e+26
586 4.045585e+32 6.733096e+08 2.677020e+26
587 4.090088e+32 6.807190e+08 2.714043e+26
588 4.135082e+32 6.882100e+08 2.751633e+26
589 4.180570e+32 6.957834e+08 2.789789e+26
590 4.226559e+32 7.034402e+08 2.828498e+26
591 4.273054e+32 7.111812e+08 2.867743e+26
592 4.320060e+32 7.190075e+08 2.907508e+26
593 4.367583e+32 7.269198e+08 2.947779e+26
594 4.415629e+32 7.349192e+08 2.988567e+26
595 4.464203e+32 7.430067e+08 3.029897e+26
596 4.513312e+32 7.511831e+08 3.071794e+26
597 4.562961e+32 7.594496e+08 3.114287e+26
598 4.613157e+32 7.678070e+08 3.157400e+26
599 4.663904e+32 7.762565e+08 3.201145e+26
600 4.715210e+32 7.847989e+08 3.245523e+26
601 4.767080e+32 7.934353e+08 3.290534e+26
602 4.819521e+32 8.021668e+08 3.336178e+26
603 4.872538e+32 8.109944e+08 3.382457e+26
604 4.926139e+32 8.199192e+08 3.429373e+26
605 4.980330e+32 8.289422e+08 3.476929e+26
606 5.035116e+32 8.380644e+08 3.525130e+26
607 5.090505e+32 8.472871e+08 3.573977e+26
608 5.146504e+32 8.566113e+08 3.623477e+26
609 5.203119e+32 8.660381e+08 3.673647e+26
610 5.260356e+32 8.755686e+08 3.724511e+26
611 5.318223e+32 8.852040e+08 3.776098e+26
612 5.376727e+32 8.949455e+08 3.828433e+26
613 5.435874e+32 9.047942e+08 3.881545e+26
614 5.495672e+32 9.147514e+08 3.935437e+26
615 5.556127e+32 9.248181e+08 3.990102e+26
616 5.617248e+32 9.349956e+08 4.045533e+26
617 5.679041e+32 9.452852e+08 4.101719e+26
618 5.741514e+32 9.556880e+08 4.158653e+26
619 5.804674e+32 9.662052e+08 4.216348e+26
620 5.868529e+32 9.768382e+08 4.274830e+26
621 5.933086e+32 9.875882e+08 4.334127e+26
622 5.998354e+32 9.984566e+08 4.394268e+26
623 6.064339e+32 1.009445e+09 4.455280e+26
624 6.131050e+32 1.020553e+09 4.517168e+26
625 6.198496e+32 1.031785e+09 4.579923e+26
626 6.266683e+32 1.043139e+09 4.643536e+26
627 6.335620e+32 1.054619e+09 4.707994e+26
628 6.405316e+32 1.066225e+09 4.773287e+26
629 6.475778e+32 1.077959e+09 4.839409e+26
630 6.547015e+32 1.089823e+09 4.906356e+26
631 6.619036e+32 1.101816e+09 4.974127e+26
632 6.691850e+32 1.113942e+09 5.042718e+26
633 6.765464e+32 1.126201e+09 5.112127e+26
634 6.839888e+32 1.138595e+09 5.182385e+26
635 6.915131e+32 1.151126e+09 5.253545e+26
636 6.991201e+32 1.163794e+09 5.325662e+26
637 7.068109e+32 1.176602e+09 5.398793e+26
638 7.145862e+32 1.189551e+09 5.472997e+26
639 7.224471e+32 1.202642e+09 5.548290e+26
640 7.303944e+32 1.215878e+09 5.624665e+26
641 7.384292e+32 1.229259e+09 5.702113e+26
642 7.465524e+32 1.242788e+09 5.780624e+26
643 7.547649e+32 1.256465e+09 5.860187e+26
644 7.630678e+32 1.270293e+09 5.940814e+26
645 7.714620e+32 1.284273e+09 6.022528e+26
646 7.799485e+32 1.298407e+09 6.105356e+26
647 7.885284e+32 1.312697e+09 6.189323e+26
648 7.972027e+32 1.327143e+09 6.274457e+26
649 8.059724e+32 1.341749e+09 6.360776e+26
650 8.148385e+32 1.356516e+09 6.448296e+26
651 8.238023e+32 1.371445e+09 6.537034e+26
652 8.328646e+32 1.386539e+09 6.627005e+26
653 8.420266e+32 1.401798e+09 6.718225e+26
654 8.512894e+32 1.417226e+09 6.810706e+26
655 8.606541e+32 1.432823e+09 6.904456e+26
656 8.701218e+32 1.448592e+09 6.999485e+26
657 8.796936e+32 1.464535e+09 7.095801e+26
658 8.893708e+32 1.480653e+09 7.193412e+26
659 8.991544e+32 1.496949e+09 7.292341e+26
660 9.090456e+32 1.513423e+09 7.392624e+26
661 9.190457e+32 1.530080e+09 7.494293e+26
662 9.291557e+32 1.546919e+09 7.597386e+26
663 9.393770e+32 1.563944e+09 7.701939e+26
664 9.497107e+32 1.581156e+09 7.807971e+26
665 9.601580e+32 1.598558e+09 7.915490e+26
666 9.707204e+32 1.616152e+09 8.024504e+26
667 9.813989e+32 1.633939e+09 8.135018e+26
668 9.921948e+32 1.651921e+09 8.247040e+26
669 1.003110e+33 1.670102e+09 8.360585e+26
670 1.014144e+33 1.688483e+09 8.475676e+26
671 1.025301e+33 1.707066e+09 8.592335e+26
672 1.036579e+33 1.725854e+09 8.710586e+26
673 1.047982e+33 1.744848e+09 8.830453e+26
674 1.059511e+33 1.764052e+09 8.951964e+26
675 1.071166e+33 1.783467e+09 9.075151e+26
676 1.082950e+33 1.803095e+09 9.200048e+26
677 1.094863e+33 1.822940e+09 9.326688e+26
678 1.106907e+33 1.843003e+09 9.455106e+26
679 1.119083e+33 1.863287e+09 9.585318e+26
680 1.131394e+33 1.883795e+09 9.717331e+26
681 1.143840e+33 1.904528e+09 9.851149e+26
682 1.156423e+33 1.925489e+09 9.986775e+26
683 1.169144e+33 1.946681e+09 1.012421e+27
684 1.182006e+33 1.968106e+09 1.026350e+27
685 1.195008e+33 1.989767e+09 1.040468e+27
686 1.208154e+33 2.011666e+09 1.054780e+27
687 1.221445e+33 2.033807e+09 1.069294e+27
688 1.234881e+33 2.056191e+09 1.084013e+27
689 1.248466e+33 2.078822e+09 1.098941e+27
690 1.262199e+33 2.101702e+09 1.114078e+27
691 1.276084e+33 2.124833e+09 1.129422e+27
692 1.290122e+33 2.148220e+09 1.144973e+27
693 1.304314e+33 2.171863e+09 1.160730e+27
694 1.318662e+33 2.195767e+09 1.176691e+27
695 1.333169e+33 2.219934e+09 1.192853e+27
696 1.347834e+33 2.244367e+09 1.209213e+27
697 1.362661e+33 2.269070e+09 1.225767e+27
698 1.377651e+33 2.294044e+09 1.242511e+27
699 1.392806e+33 2.319293e+09 1.259451e+27
700 1.408128e+33 2.344820e+09 1.276596e+27
701 1.423618e+33 2.370628e+09 1.293959e+27
702 1.439279e+33 2.396720e+09 1.311552e+27
703 1.455112e+33 2.423099e+09 1.329387e+27
704 1.471119e+33 2.449769e+09 1.347470e+27
705 1.487302e+33 2.476733e+09 1.365804e+27
706 1.503663e+33 2.503993e+09 1.384388e+27
707 1.520204e+33 2.531553e+09 1.403224e+27
708 1.536928e+33 2.559416e+09 1.422311e+27
709 1.553835e+33 2.587587e+09 1.441653e+27
710 1.570928e+33 2.616067e+09 1.461253e+27
711 1.588209e+33 2.644861e+09 1.481117e+27
712 1.605680e+33 2.673972e+09 1.501247e+27
713 1.623344e+33 2.703403e+09 1.521650e+27
714 1.641201e+33 2.733158e+09 1.542328e+27
715 1.659255e+33 2.763241e+09 1.563284e+27
716 1.677508e+33 2.793655e+09 1.584524e+27
717 1.695962e+33 2.824404e+09 1.606048e+27
718 1.714618e+33 2.855491e+09 1.627861e+27
719 1.733480e+33 2.886921e+09 1.649967e+27
720 1.752550e+33 2.918696e+09 1.672370e+27
721 1.771829e+33 2.950821e+09 1.695075e+27
722 1.791320e+33 2.983300e+09 1.718086e+27
723 1.811025e+33 3.016136e+09 1.741408e+27
724 1.830948e+33 3.049334e+09 1.765046e+27
725 1.851089e+33 3.082897e+09 1.789000e+27
726 1.871452e+33 3.116830e+09 1.813274e+27
727 1.892039e+33 3.151136e+09 1.837869e+27
728 1.912853e+33 3.185820e+09 1.862788e+27
729 1.933896e+33 3.220886e+09 1.888036e+27
730 1.955170e+33 3.256338e+09 1.913620e+27
731 1.976678e+33 3.292180e+09 1.939550e+27
732 1.998422e+33 3.328416e+09 1.965832e+27
733 2.020406e+33 3.365052e+09 1.992477e+27
734 2.042632e+33 3.402090e+09 2.019486e+27
735 2.065102e+33 3.439537e+09 2.046859e+27
736 2.087819e+33 3.477395e+09 2.074591e+27
737 2.110786e+33 3.515671e+09 2.102681e+27
738 2.134006e+33 3.554368e+09 2.131123e+27
739 2.157482e+33 3.593491e+09 2.159921e+27
740 2.181215e+33 3.633044e+09 2.189083e+27
741 2.205210e+33 3.673033e+09 2.218617e+27
742 2.229469e+33 3.713463e+09 2.248534e+27
743 2.253994e+33 3.754337e+09 2.278842e+27
744 2.278789e+33 3.795662e+09 2.309550e+27
745 2.303857e+33 3.837441e+09 2.340666e+27
746 2.329201e+33 3.879681e+09 2.372198e+27
747 2.354824e+33 3.922385e+09 2.404152e+27
748 2.380728e+33 3.965560e+09 2.436539e+27
749 2.406918e+33 4.009209e+09 2.469362e+27
750 2.433395e+33 4.053340e+09 2.502627e+27
751 2.460164e+33 4.097956e+09 2.536337e+27
752 2.487227e+33 4.143063e+09 2.570495e+27
753 2.514588e+33 4.188667e+09 2.605106e+27
754 2.542250e+33 4.234772e+09 2.640174e+27
755 2.570216e+33 4.281386e+09 2.675706e+27
756 2.598490e+33 4.328513e+09 2.711711e+27
757 2.627075e+33 4.376158e+09 2.748196e+27
758 2.655975e+33 4.424328e+09 2.785169e+27
759 2.685192e+33 4.473028e+09 2.822636e+27
760 2.714731e+33 4.522264e+09 2.860605e+27
761 2.744594e+33 4.572042e+09 2.899081e+27
762 2.774786e+33 4.622368e+09 2.938071e+27
763 2.805311e+33 4.673249e+09 2.977581e+27
764 2.836171e+33 4.724689e+09 3.017618e+27
765 2.867370e+33 4.776696e+09 3.058190e+27
766 2.898913e+33 4.829275e+09 3.099304e+27
767 2.930803e+33 4.882433e+09 3.140968e+27
768 2.963044e+33 4.936176e+09 3.183189e+27
769 2.995639e+33 4.990511e+09 3.225977e+27
770 3.028593e+33 5.045444e+09 3.269339e+27
771 3.061909e+33 5.100982e+09 3.313285e+27
772 3.095592e+33 5.157131e+09 3.357822e+27
773 3.129645e+33 5.213898e+09 3.402962e+27
774 3.164073e+33 5.271291e+09 3.448737e+27
775 3.198880e+33 5.329315e+09 3.495213e+27
776 3.234069e+33 5.387978e+09 3.542460e+27
777 3.269646e+33 5.447288e+09 3.590552e+27
778 3.305614e+33 5.507251e+09 3.639568e+27
779 3.341978e+33 5.567874e+09 3.689527e+27
780 3.378741e+33 5.629166e+09 3.740378e+27
781 3.415910e+33 5.691133e+09 3.792061e+27
782 3.453487e+33 5.753782e+09 3.844510e+27
783 3.491477e+33 5.817120e+09 3.897655e+27
784 3.529885e+33 5.881156e+09 3.951468e+27
785 3.568716e+33 5.945897e+09 4.005975e+27
786 3.607974e+33 6.011350e+09 4.061210e+27
787 3.647664e+33 6.077524e+09 4.117205e+27
788 3.687791e+33 6.144427e+09 4.173995e+27
789 3.728358e+33 6.212066e+09 4.231604e+27
790 3.769373e+33 6.280450e+09 4.290034e+27
791 3.810838e+33 6.349587e+09 4.349287e+27
792 3.852759e+33 6.419486e+09 4.409366e+27
793 3.895142e+33 6.490153e+09 4.470270e+27
794 3.937991e+33 6.561599e+09 4.532009e+27
795 3.981311e+33 6.633832e+09 4.594598e+27
796 4.025108e+33 6.706860e+09 4.658054e+27
797 4.069387e+33 6.780692e+09 4.722397e+27
798 4.114152e+33 6.855336e+09 4.787643e+27
799 4.159410e+33 6.930803e+09 4.853809e+27
800 4.205166e+33 7.007101e+09 4.920904e+27
801 4.251426e+33 7.084238e+09 4.988938e+27
802 4.298194e+33 7.162225e+09 5.057920e+27
803 4.345476e+33 7.241071e+09 5.127861e+27
804 4.393279e+33 7.320785e+09 5.198772e+27
805 4.441608e+33 7.401376e+09 5.270671e+27
806 4.490468e+33 7.482855e+09 5.343575e+27
807 4.539866e+33 7.565231e+09 5.417503e+27
808 4.589807e+33 7.648514e+09 5.492474e+27
809 4.640298e+33 7.732714e+09 5.568502e+27
810 4.691344e+33 7.817842e+09 5.645598e+27
811 4.742952e+33 7.903906e+09 5.723772e+27
812 4.795127e+33 7.990918e+09 5.803032e+27
813 4.847876e+33 8.078888e+09 5.883389e+27
814 4.901206e+33 8.167827e+09 5.964855e+27
815 4.955122e+33 8.257745e+09 6.047450e+27
816 5.009631e+33 8.348653e+09 6.131194e+27
817 5.064740e+33 8.440562e+09 6.216108e+27
818 5.120455e+33 8.533483e+09 6.302214e+27
819 5.176783e+33 8.627428e+09 6.389529e+27
820 5.233731e+33 8.722407e+09 6.478065e+27
821 5.291305e+33 8.818431e+09 6.567836e+27
822 5.349513e+33 8.915513e+09 6.658851e+27
823 5.408360e+33 9.013663e+09 6.751123e+27
824 5.467856e+33 9.112895e+09 6.844676e+27
825 5.528005e+33 9.213218e+09 6.939550e+27
826 5.588817e+33 9.314647e+09 7.035791e+27
827 5.650297e+33 9.417193e+09 7.133447e+27
828 5.712453e+33 9.520869e+09 7.232566e+27
829 5.775294e+33 9.625687e+09 7.333185e+27
830 5.838825e+33 9.731660e+09 7.435315e+27
831 5.903056e+33 9.838801e+09 7.538966e+27
832 5.967993e+33 9.947122e+09 7.644148e+27
833 6.033645e+33 1.005664e+10 7.750867e+27
834 6.100018e+33 1.016736e+10 7.859131e+27
835 6.167122e+33 1.027930e+10 7.968944e+27
836 6.234964e+33 1.039247e+10 8.080309e+27
837 6.303552e+33 1.050689e+10 8.193228e+27
838 6.372895e+33 1.062257e+10 8.307703e+27
839 6.443001e+33 1.073952e+10 8.423746e+27
840 6.513878e+33 1.085776e+10 8.541388e+27
841 6.585534e+33 1.097730e+10 8.660666e+27
842 6.657979e+33 1.109816e+10 8.781616e+27
843 6.731221e+33 1.122035e+10 8.904275e+27
844 6.805268e+33 1.134389e+10 9.028674e+27
845 6.880130e+33 1.146878e+10 9.154826e+27
846 6.955816e+33 1.159505e+10 9.282745e+27
847 7.032334e+33 1.172272e+10 9.412444e+27
848 7.109694e+33 1.185178e+10 9.543934e+27
849 7.187904e+33 1.198227e+10 9.677234e+27
850 7.266976e+33 1.211420e+10 9.812376e+27
851 7.346917e+33 1.224758e+10 9.949393e+27
852 7.427737e+33 1.238242e+10 1.008832e+28
853 7.509447e+33 1.251876e+10 1.022920e+28
854 7.592055e+33 1.265659e+10 1.037205e+28
855 7.675572e+33 1.279594e+10 1.051690e+28
856 7.760008e+33 1.293683e+10 1.066378e+28
857 7.845373e+33 1.307927e+10 1.081271e+28
858 7.931677e+33 1.322328e+10 1.096370e+28
859 8.018930e+33 1.336887e+10 1.111680e+28
860 8.107143e+33 1.351606e+10 1.127203e+28
861 8.196326e+33 1.366488e+10 1.142942e+28
862 8.286490e+33 1.381534e+10 1.158901e+28
863 8.377647e+33 1.396745e+10 1.175085e+28
864 8.469806e+33 1.412124e+10 1.191495e+28
865 8.562979e+33 1.427672e+10 1.208135e+28
866 8.657177e+33 1.443391e+10 1.225007e+28
867 8.752411e+33 1.459284e+10 1.242112e+28
868 8.848692e+33 1.475351e+10 1.259453e+28
869 8.946033e+33 1.491596e+10 1.277032e+28
870 9.044445e+33 1.508019e+10 1.294855e+28
871 9.143939e+33 1.524624e+10 1.312927e+28
872 9.244528e+33 1.541411e+10 1.331252e+28
873 9.346223e+33 1.558383e+10 1.349837e+28
874 9.449037e+33 1.575542e+10 1.368686e+28
875 9.552982e+33 1.592890e+10 1.387800e+28
876 9.658071e+33 1.610428e+10 1.407181e+28
877 9.764315e+33 1.628161e+10 1.426828e+28
878 9.871729e+33 1.646088e+10 1.446744e+28
879 9.980323e+33 1.664213e+10 1.466930e+28
880 1.009011e+34 1.682537e+10 1.487391e+28
881 1.020111e+34 1.701064e+10 1.508134e+28
882 1.031333e+34 1.719794e+10 1.529163e+28
883 1.042678e+34 1.738731e+10 1.550486e+28
884 1.054148e+34 1.757876e+10 1.572107e+28
885 1.065744e+34 1.777232e+10 1.594025e+28
886 1.077468e+34 1.796801e+10 1.616239e+28
887 1.089321e+34 1.816586e+10 1.638748e+28
888 1.101304e+34 1.836590e+10 1.661551e+28
889 1.113419e+34 1.856814e+10 1.684649e+28
890 1.125668e+34 1.877260e+10 1.708046e+28
891 1.138051e+34 1.897932e+10 1.731752e+28
892 1.150570e+34 1.918832e+10 1.755772e+28
893 1.163227e+34 1.939962e+10 1.780115e+28
894 1.176023e+34 1.961325e+10 1.804789e+28
895 1.188960e+34 1.982923e+10 1.829802e+28
896 1.202039e+34 2.004759e+10 1.855163e+28
897 1.215262e+34 2.026835e+10 1.880883e+28
898 1.228631e+34 2.049154e+10 1.906969e+28
899 1.242147e+34 2.071719e+10 1.933430e+28
900 1.255811e+34 2.094533e+10 1.960263e+28
901 1.269626e+34 2.117598e+10 1.987464e+28
902 1.283592e+34 2.140917e+10 2.015030e+28
903 1.297712e+34 2.164493e+10 2.042956e+28
904 1.311988e+34 2.188329e+10 2.071243e+28
905 1.326421e+34 2.212427e+10 2.099902e+28
906 1.341012e+34 2.236791e+10 2.128950e+28
907 1.355764e+34 2.261423e+10 2.158402e+28
908 1.370678e+34 2.286326e+10 2.188275e+28
909 1.385757e+34 2.311504e+10 2.218580e+28
910 1.401001e+34 2.336959e+10 2.249318e+28
911 1.416413e+34 2.362694e+10 2.280487e+28
912 1.431994e+34 2.388713e+10 2.312085e+28
913 1.447747e+34 2.415018e+10 2.344107e+28
914 1.463673e+34 2.441613e+10 2.376554e+28
915 1.479774e+34 2.468501e+10 2.409434e+28
916 1.496052e+34 2.495685e+10 2.442758e+28
917 1.512510e+34 2.523169e+10 2.476536e+28
918 1.529148e+34 2.550955e+10 2.510779e+28
919 1.545970e+34 2.579048e+10 2.545497e+28
920 1.562977e+34 2.607450e+10 2.580697e+28
921 1.580170e+34 2.636164e+10 2.616387e+28
922 1.597553e+34 2.665196e+10 2.652572e+28
923 1.615127e+34 2.694546e+10 2.689261e+28
924 1.632894e+34 2.724220e+10 2.726457e+28
925 1.650857e+34 2.754221e+10 2.764163e+28
926 1.669018e+34 2.784552e+10 2.802378e+28
927 1.687378e+34 2.815218e+10 2.841101e+28
928 1.705940e+34 2.846221e+10 2.880332e+28
929 1.724706e+34 2.877566e+10 2.920067e+28
930 1.743679e+34 2.909256e+10 2.960291e+28
931 1.762861e+34 2.941296e+10 3.000991e+28
932 1.782253e+34 2.973688e+10 3.042148e+28
933 1.801859e+34 3.006438e+10 3.083745e+28
934 1.821680e+34 3.039548e+10 3.125773e+28
935 1.841720e+34 3.073024e+10 3.168266e+28
936 1.861980e+34 3.106868e+10 3.211264e+28
937 1.882463e+34 3.141085e+10 3.254809e+28
938 1.903171e+34 3.175679e+10 3.298947e+28
939 1.924107e+34 3.210654e+10 3.343713e+28
940 1.945274e+34 3.246014e+10 3.389107e+28
941 1.966673e+34 3.281763e+10 3.435122e+28
942 1.988307e+34 3.317907e+10 3.481747e+28
943 2.010180e+34 3.354448e+10 3.528973e+28
944 2.032293e+34 3.391392e+10 3.576796e+28
945 2.054649e+34 3.428744e+10 3.625235e+28
946 2.077252e+34 3.466506e+10 3.674314e+28
947 2.100103e+34 3.504685e+10 3.724057e+28
948 2.123205e+34 3.543284e+10 3.774491e+28
949 2.146562e+34 3.582308e+10 3.825635e+28
950 2.170175e+34 3.621762e+10 3.877486e+28
951 2.194048e+34 3.661650e+10 3.930037e+28
952 2.218184e+34 3.701978e+10 3.983279e+28
953 2.242586e+34 3.742750e+10 4.037201e+28
954 2.267255e+34 3.783972e+10 4.091799e+28
955 2.292196e+34 3.825647e+10 4.147087e+28
956 2.317412e+34 3.867782e+10 4.203082e+28
957 2.342905e+34 3.910381e+10 4.259803e+28
958 2.368678e+34 3.953448e+10 4.317270e+28
959 2.394735e+34 3.996991e+10 4.375505e+28
960 2.421079e+34 4.041012e+10 4.434541e+28
961 2.447712e+34 4.085519e+10 4.494414e+28
962 2.474638e+34 4.130516e+10 4.555159e+28
963 2.501861e+34 4.176009e+10 4.616816e+28
964 2.529383e+34 4.222004e+10 4.679414e+28
965 2.557207e+34 4.268505e+10 4.742946e+28
966 2.585338e+34 4.315519e+10 4.807393e+28
967 2.613778e+34 4.363051e+10 4.872736e+28
968 2.642531e+34 4.411107e+10 4.938953e+28
969 2.671601e+34 4.459692e+10 5.006030e+28
970 2.700990e+34 4.508813e+10 5.073993e+28
971 2.730703e+34 4.558474e+10 5.142872e+28
972 2.760742e+34 4.608682e+10 5.212704e+28
973 2.791112e+34 4.659444e+10 5.283524e+28
974 2.821816e+34 4.710765e+10 5.355361e+28
975 2.852857e+34 4.762651e+10 5.428211e+28
976 2.884240e+34 4.815108e+10 5.502060e+28
977 2.915969e+34 4.868144e+10 5.576893e+28
978 2.948046e+34 4.921763e+10 5.652694e+28
979 2.980476e+34 4.975974e+10 5.729454e+28
980 3.013263e+34 5.030782e+10 5.807198e+28
981 3.046411e+34 5.086193e+10 5.885961e+28
982 3.079923e+34 5.142215e+10 5.965779e+28
983 3.113804e+34 5.198854e+10 6.046689e+28
984 3.148058e+34 5.256117e+10 6.128726e+28
985 3.182689e+34 5.314011e+10 6.211909e+28
986 3.217700e+34 5.372543e+10 6.296253e+28
987 3.253097e+34 5.431719e+10 6.381771e+28
988 3.288883e+34 5.491548e+10 6.468478e+28
989 3.325062e+34 5.552035e+10 6.556381e+28
990 3.361640e+34 5.613189e+10 6.645455e+28
991 3.398620e+34 5.675016e+10 6.735666e+28
992 3.436007e+34 5.737525e+10 6.826977e+28
993 3.473805e+34 5.800722e+10 6.919346e+28
994 3.512019e+34 5.864614e+10 7.012790e+28
995 3.550653e+34 5.929211e+10 7.107572e+28
996 3.589713e+34 5.994521e+10 7.204040e+28
997 3.629201e+34 6.060551e+10 7.302562e+28
998 3.669125e+34 6.127311e+10 7.403529e+28
999 3.709487e+34 6.194809e+10 7.507241e+28
1000 3.750294e+34 6.263053e+10 7.613531e+28
1001 3.791549e+34 6.332051e+10 7.722086e+28
1002 3.833259e+34 6.401809e+10 7.832572e+28
1003 3.875427e+34 6.472337e+10 7.944629e+28
1004 3.918059e+34 6.543641e+10 8.057951e+28
1005 3.961160e+34 6.615731e+10 8.172558e+28
1006 4.004735e+34 6.688615e+10 8.288564e+28
1007 4.048789e+34 6.762301e+10 8.406092e+28
1008 4.093329e+34 6.836800e+10 8.525270e+28
1009 4.138358e+34 6.912120e+10 8.646216e+28
1010 4.183882e+34 6.988270e+10 8.768961e+28
1011 4.229907e+34 7.065259e+10 8.893512e+28
1012 4.276439e+34 7.143097e+10 9.019876e+28
1013 4.323482e+34 7.221792e+10 9.148058e+28
1014 4.371043e+34 7.301355e+10 9.278063e+28
1015 4.419127e+34 7.381794e+10 9.409905e+28
1016 4.467740e+34 7.463120e+10 9.543599e+28
1017 4.516888e+34 7.545342e+10 9.679160e+28
1018 4.566576e+34 7.628470e+10 9.816601e+28
1019 4.616811e+34 7.712515e+10 9.955941e+28
1020 4.667599e+34 7.797486e+10 1.009722e+29
1021 4.718945e+34 7.883394e+10 1.024049e+29
1022 4.770856e+34 7.970248e+10 1.038581e+29
1023 4.823339e+34 8.058060e+10 1.053322e+29
1024 4.876398e+34 8.146839e+10 1.068277e+29
1025 4.930042e+34 8.236596e+10 1.083449e+29
1026 4.984275e+34 8.327342e+10 1.098837e+29
1027 5.039105e+34 8.419089e+10 1.114441e+29
1028 5.094538e+34 8.511846e+10 1.130261e+29
1029 5.150581e+34 8.605627e+10 1.146298e+29
1030 5.207240e+34 8.700441e+10 1.162556e+29
1031 5.264523e+34 8.796300e+10 1.179041e+29
1032 5.322436e+34 8.893215e+10 1.195757e+29
1033 5.380986e+34 8.991199e+10 1.212713e+29
1034 5.440180e+34 9.090263e+10 1.229912e+29
1035 5.500025e+34 9.190418e+10 1.247359e+29
1036 5.560529e+34 9.291677e+10 1.265054e+29
1037 5.621698e+34 9.394052e+10 1.283000e+29
1038 5.683540e+34 9.497556e+10 1.301198e+29
1039 5.746062e+34 9.602200e+10 1.319650e+29
1040 5.809272e+34 9.707997e+10 1.338360e+29
1041 5.873178e+34 9.814960e+10 1.357330e+29
1042 5.937786e+34 9.923102e+10 1.376565e+29
1043 6.003105e+34 1.003244e+11 1.396068e+29
1044 6.069143e+34 1.014298e+11 1.415843e+29
1045 6.135907e+34 1.025473e+11 1.435894e+29
1046 6.203406e+34 1.036773e+11 1.456227e+29
1047 6.271647e+34 1.048196e+11 1.476847e+29
1048 6.340639e+34 1.059746e+11 1.497759e+29
1049 6.410390e+34 1.071422e+11 1.518969e+29
1050 6.480908e+34 1.083228e+11 1.540480e+29
1051 6.552202e+34 1.095163e+11 1.562295e+29
1052 6.624280e+34 1.107230e+11 1.584417e+29
1053 6.697151e+34 1.119430e+11 1.606850e+29
1054 6.770823e+34 1.131765e+11 1.629596e+29
1055 6.845307e+34 1.144235e+11 1.652650e+29
1056 6.920609e+34 1.156843e+11 1.676006e+29
1057 6.996740e+34 1.169590e+11 1.699657e+29
1058 7.073708e+34 1.182478e+11 1.723594e+29
1059 7.151523e+34 1.195507e+11 1.747817e+29
1060 7.230194e+34 1.208681e+11 1.772368e+29
1061 7.309731e+34 1.221999e+11 1.797310e+29
1062 7.390142e+34 1.235464e+11 1.822711e+29
1063 7.471438e+34 1.249077e+11 1.848640e+29
1064 7.553628e+34 1.262840e+11 1.875142e+29
1065 7.636722e+34 1.276755e+11 1.902064e+29
1066 7.720731e+34 1.290824e+11 1.929167e+29
1067 7.805664e+34 1.305047e+11 1.956194e+29
1068 7.891531e+34 1.319428e+11 1.982872e+29
1069 7.978342e+34 1.333969e+11 2.008954e+29
1070 8.066109e+34 1.348670e+11 2.034483e+29
1071 8.154841e+34 1.363534e+11 2.059623e+29
1072 8.244549e+34 1.378561e+11 2.084555e+29
1073 8.335244e+34 1.393755e+11 2.109468e+29
1074 8.426936e+34 1.409115e+11 2.134546e+29
1075 8.519638e+34 1.424645e+11 2.159841e+29
1076 8.613359e+34 1.440345e+11 2.185349e+29
1077 8.708111e+34 1.456219e+11 2.211067e+29
1078 8.803905e+34 1.472267e+11 2.236990e+29
1079 8.900753e+34 1.488491e+11 2.263105e+29
1080 8.998667e+34 1.504895e+11 2.289332e+29
1081 9.097657e+34 1.521479e+11 2.315560e+29
1082 9.197737e+34 1.538246e+11 2.341670e+29
1083 9.298918e+34 1.555198e+11 2.367536e+29
1084 9.401211e+34 1.572336e+11 2.393050e+29
1085 9.504630e+34 1.589664e+11 2.418299e+29
1086 9.609187e+34 1.607183e+11 2.443461e+29
1087 9.714894e+34 1.624895e+11 2.468727e+29
1088 9.821763e+34 1.642801e+11 2.494303e+29
1089 9.929808e+34 1.660904e+11 2.520384e+29
1090 1.003904e+35 1.679207e+11 2.547022e+29
1091 1.014948e+35 1.697710e+11 2.574198e+29
1092 1.026113e+35 1.716418e+11 2.601890e+29
1093 1.037401e+35 1.735333e+11 2.630076e+29
1094 1.048813e+35 1.754457e+11 2.658734e+29
1095 1.060350e+35 1.773792e+11 2.687871e+29
1096 1.072015e+35 1.793342e+11 2.717502e+29
1097 1.083808e+35 1.813106e+11 2.747645e+29
1098 1.095730e+35 1.833089e+11 2.778320e+29
1099 1.107784e+35 1.853291e+11 2.809544e+29
1100 1.119970e+35 1.873716e+11 2.841321e+29
1101 1.132290e+35 1.894366e+11 2.873647e+29
1102 1.144746e+35 1.915243e+11 2.906519e+29
1103 1.157339e+35 1.936350e+11 2.939932e+29
1104 1.170070e+35 1.957691e+11 2.973879e+29
1105 1.182942e+35 1.979267e+11 3.008357e+29
1106 1.195955e+35 2.001081e+11 3.043362e+29
1107 1.209111e+35 2.023136e+11 3.078891e+29
1108 1.222412e+35 2.045435e+11 3.114937e+29
1109 1.235859e+35 2.067980e+11 3.151497e+29
1110 1.249455e+35 2.090774e+11 3.188589e+29
1111 1.263199e+35 2.113819e+11 3.226240e+29
1112 1.277095e+35 2.137119e+11 3.264478e+29
1113 1.291144e+35 2.160674e+11 3.303336e+29
1114 1.305347e+35 2.184489e+11 3.342836e+29
1115 1.319707e+35 2.208566e+11 3.382932e+29
1116 1.334225e+35 2.232908e+11 3.423536e+29
1117 1.348902e+35 2.257519e+11 3.464555e+29
1118 1.363741e+35 2.282402e+11 3.505886e+29
1119 1.378743e+35 2.307561e+11 3.547435e+29
1120 1.393910e+35 2.332997e+11 3.589208e+29
1121 1.409243e+35 2.358715e+11 3.631269e+29
1122 1.424746e+35 2.384717e+11 3.673686e+29
1123 1.440419e+35 2.411005e+11 3.716535e+29
1124 1.456264e+35 2.437583e+11 3.759885e+29
1125 1.472284e+35 2.464454e+11 3.803741e+29
1126 1.488480e+35 2.491621e+11 3.848067e+29
1127 1.504854e+35 2.519087e+11 3.892827e+29
1128 1.521409e+35 2.546856e+11 3.937978e+29
1129 1.538145e+35 2.574931e+11 3.983476e+29
1130 1.555066e+35 2.603316e+11 4.029259e+29
1131 1.572172e+35 2.632014e+11 4.075255e+29
1132 1.589467e+35 2.661028e+11 4.121385e+29
1133 1.606952e+35 2.690363e+11 4.167568e+29
1134 1.624630e+35 2.720022e+11 4.213727e+29
1135 1.642501e+35 2.750007e+11 4.259916e+29
1136 1.660570e+35 2.780324e+11 4.306267e+29
1137 1.678837e+35 2.810974e+11 4.352923e+29
1138 1.697305e+35 2.841962e+11 4.400036e+29
1139 1.715977e+35 2.873291e+11 4.447752e+29
1140 1.734854e+35 2.904965e+11 4.496041e+29
1141 1.753938e+35 2.936988e+11 4.544764e+29
1142 1.773232e+35 2.969364e+11 4.593772e+29
1143 1.792739e+35 3.002098e+11 4.642903e+29
1144 1.812460e+35 3.035193e+11 4.692005e+29
1145 1.832398e+35 3.068653e+11 4.741107e+29
1146 1.852556e+35 3.102483e+11 4.790358e+29
1147 1.872935e+35 3.136685e+11 4.839920e+29
1148 1.893538e+35 3.171265e+11 4.889963e+29
1149 1.914368e+35 3.206225e+11 4.940658e+29
1150 1.935428e+35 3.241570e+11 4.992039e+29
1151 1.956718e+35 3.277304e+11 5.044050e+29
1152 1.978243e+35 3.313433e+11 5.096631e+29
1153 2.000005e+35 3.349959e+11 5.149715e+29
1154 2.022007e+35 3.386888e+11 5.203234e+29
1155 2.044250e+35 3.424225e+11 5.257139e+29
1156 2.066738e+35 3.461974e+11 5.311389e+29
1157 2.089473e+35 3.500138e+11 5.365946e+29
1158 2.112459e+35 3.538724e+11 5.420766e+29
1159 2.135697e+35 3.577736e+11 5.475810e+29
1160 2.159191e+35 3.617177e+11 5.531135e+29
1161 2.182943e+35 3.657054e+11 5.586862e+29
1162 2.206957e+35 3.697370e+11 5.643125e+29
1163 2.231235e+35 3.738129e+11 5.700064e+29
1164 2.255780e+35 3.779337e+11 5.757811e+29
1165 2.280595e+35 3.820999e+11 5.816276e+29
1166 2.305682e+35 3.863120e+11 5.875208e+29
1167 2.331046e+35 3.905705e+11 5.934333e+29
1168 2.356689e+35 3.948760e+11 5.993361e+29
1169 2.382614e+35 3.992290e+11 6.052007e+29
1170 2.408824e+35 4.036301e+11 6.110288e+29
1171 2.435323e+35 4.080798e+11 6.168442e+29
1172 2.462113e+35 4.125785e+11 6.226730e+29
1173 2.489198e+35 4.171268e+11 6.285431e+29
1174 2.516580e+35 4.217251e+11 6.344823e+29
1175 2.544264e+35 4.263740e+11 6.404937e+29
1176 2.572252e+35 4.310740e+11 6.465620e+29
1177 2.600549e+35 4.358258e+11 6.526701e+29
1178 2.629156e+35 4.406299e+11 6.587998e+29
1179 2.658079e+35 4.454869e+11 6.649327e+29
1180 2.687319e+35 4.503975e+11 6.710614e+29
1181 2.716881e+35 4.553622e+11 6.771873e+29
1182 2.746769e+35 4.603816e+11 6.833120e+29
1183 2.776985e+35 4.654564e+11 6.894374e+29
1184 2.807533e+35 4.705870e+11 6.955658e+29
1185 2.838418e+35 4.757742e+11 7.017059e+29
1186 2.869642e+35 4.810185e+11 7.078715e+29
1187 2.901210e+35 4.863206e+11 7.140777e+29
1188 2.933125e+35 4.916809e+11 7.203403e+29
1189 2.965391e+35 4.971003e+11 7.266749e+29
1190 2.998012e+35 5.025792e+11 7.330787e+29
1191 3.030992e+35 5.081185e+11 7.395329e+29
1192 3.064334e+35 5.137187e+11 7.460174e+29
1193 3.098044e+35 5.193807e+11 7.525106e+29
1194 3.132124e+35 5.251051e+11 7.589910e+29
1195 3.166580e+35 5.308926e+11 7.654591e+29
1196 3.201414e+35 5.367439e+11 7.719345e+29
1197 3.236631e+35 5.426597e+11 7.784383e+29
1198 3.272236e+35 5.486406e+11 7.849935e+29
1199 3.308233e+35 5.546874e+11 7.916232e+29
1200 3.344625e+35 5.608007e+11 7.983354e+29
1201 3.381418e+35 5.669812e+11 8.051246e+29
1202 3.418616e+35 5.732298e+11 8.119847e+29
1203 3.456222e+35 5.795472e+11 8.189089e+29
1204 3.494243e+35 5.859341e+11 8.258904e+29
1205 3.532682e+35 5.923913e+11 8.329233e+29
1206 3.571543e+35 5.989196e+11 8.400031e+29
1207 3.610832e+35 6.055199e+11 8.471250e+29
1208 3.650554e+35 6.121929e+11 8.542839e+29
1209 3.690712e+35 6.189394e+11 8.614748e+29
1210 3.731312e+35 6.257603e+11 8.687025e+29
1211 3.772359e+35 6.326563e+11 8.759807e+29
1212 3.813857e+35 6.396282e+11 8.833243e+29
1213 3.855811e+35 6.466769e+11 8.907492e+29
1214 3.898228e+35 6.538031e+11 8.982714e+29
1215 3.941111e+35 6.610077e+11 9.058895e+29
1216 3.984465e+35 6.682915e+11 9.135860e+29
1217 4.028297e+35 6.756556e+11 9.213413e+29
1218 4.072610e+35 6.831008e+11 9.291349e+29
1219 4.117411e+35 6.906279e+11 9.369456e+29
1220 4.162705e+35 6.982380e+11 9.447697e+29
1221 4.208498e+35 7.059320e+11 9.526207e+29
1222 4.254794e+35 7.137107e+11 9.605134e+29
1223 4.301599e+35 7.215750e+11 9.684637e+29
1224 4.348919e+35 7.295260e+11 9.764882e+29
1225 4.396760e+35 7.375645e+11 9.845942e+29
1226 4.445127e+35 7.456915e+11 9.927800e+29
1227 4.494026e+35 7.539079e+11 1.001044e+30
1228 4.543463e+35 7.622148e+11 1.009383e+30
1229 4.593443e+35 7.706130e+11 1.017795e+30
1230 4.643974e+35 7.791037e+11 1.026273e+30
1231 4.695060e+35 7.876878e+11 1.034808e+30
1232 4.746709e+35 7.963664e+11 1.043388e+30
1233 4.798926e+35 8.051406e+11 1.052002e+30
1234 4.851717e+35 8.140114e+11 1.060639e+30
1235 4.905088e+35 8.229800e+11 1.069301e+30
1236 4.959047e+35 8.320473e+11 1.078011e+30
1237 5.013600e+35 8.412144e+11 1.086792e+30
1238 5.068752e+35 8.504824e+11 1.095669e+30
1239 5.124512e+35 8.598524e+11 1.104666e+30
1240 5.180884e+35 8.693255e+11 1.113786e+30
1241 5.237877e+35 8.789028e+11 1.123003e+30
1242 5.295497e+35 8.885854e+11 1.132288e+30
1243 5.353750e+35 8.983747e+11 1.141612e+30
1244 5.412645e+35 9.082718e+11 1.150945e+30
1245 5.472187e+35 9.182778e+11 1.160281e+30
1246 5.532384e+35 9.283940e+11 1.169643e+30
1247 5.593244e+35 9.386216e+11 1.179057e+30
1248 5.654773e+35 9.489619e+11 1.188552e+30
1249 5.716979e+35 9.594160e+11 1.198157e+30
1250 5.779869e+35 9.699852e+11 1.207883e+30
1251 5.843451e+35 9.806707e+11 1.217725e+30
1252 5.907732e+35 9.914738e+11 1.227673e+30
1253 5.972721e+35 1.002396e+12 1.237720e+30
1254 6.038424e+35 1.013438e+12 1.247855e+30
1255 6.104851e+35 1.024601e+12 1.258072e+30
1256 6.172008e+35 1.035887e+12 1.268370e+30
1257 6.239903e+35 1.047298e+12 1.278745e+30
1258 6.308546e+35 1.058834e+12 1.289195e+30
1259 6.377944e+35 1.070498e+12 1.299717e+30
1260 6.448105e+35 1.082290e+12 1.310317e+30
1261 6.519038e+35 1.094211e+12 1.321010e+30
1262 6.590751e+35 1.106265e+12 1.331812e+30
1263 6.663253e+35 1.118450e+12 1.342740e+30
1264 6.736553e+35 1.130770e+12 1.353812e+30
1265 6.810659e+35 1.143225e+12 1.365033e+30
1266 6.885581e+35 1.155817e+12 1.376393e+30
1267 6.961326e+35 1.168547e+12 1.387880e+30
1268 7.037905e+35 1.181418e+12 1.399481e+30
1269 7.115326e+35 1.194430e+12 1.411182e+30
1270 7.193599e+35 1.207587e+12 1.422979e+30
1271 7.272733e+35 1.220888e+12 1.434876e+30
1272 7.352737e+35 1.234335e+12 1.446882e+30
1273 7.433621e+35 1.247931e+12 1.459002e+30
1274 7.515396e+35 1.261676e+12 1.471246e+30
1275 7.598069e+35 1.275572e+12 1.483624e+30
1276 7.681653e+35 1.289621e+12 1.496149e+30
1277 7.766155e+35 1.303824e+12 1.508838e+30
1278 7.851588e+35 1.318184e+12 1.521706e+30
1279 7.937960e+35 1.332702e+12 1.534770e+30
1280 8.025282e+35 1.347380e+12 1.548029e+30
1281 8.113565e+35 1.362220e+12 1.561457e+30
1282 8.202819e+35 1.377223e+12 1.575023e+30
1283 8.293055e+35 1.392391e+12 1.588696e+30
1284 8.384283e+35 1.407726e+12 1.602444e+30
1285 8.476516e+35 1.423230e+12 1.616264e+30
1286 8.569762e+35 1.438905e+12 1.630192e+30
1287 8.664035e+35 1.454752e+12 1.644271e+30
1288 8.759344e+35 1.470773e+12 1.658547e+30
1289 8.855702e+35 1.486971e+12 1.673066e+30
1290 8.953120e+35 1.503347e+12 1.687843e+30
1291 9.051610e+35 1.519904e+12 1.702847e+30
1292 9.151183e+35 1.536643e+12 1.718040e+30
1293 9.251851e+35 1.553566e+12 1.733384e+30
1294 9.353627e+35 1.570675e+12 1.748837e+30
1295 9.456523e+35 1.587973e+12 1.764382e+30
1296 9.560550e+35 1.605461e+12 1.780038e+30
1297 9.665722e+35 1.623142e+12 1.795831e+30
1298 9.772051e+35 1.641017e+12 1.811785e+30
1299 9.879549e+35 1.659089e+12 1.827927e+30
1300 9.988230e+35 1.677360e+12 1.844277e+30
1301 1.009811e+36 1.695832e+12 1.860845e+30
1302 1.020919e+36 1.714507e+12 1.877641e+30
1303 1.032150e+36 1.733388e+12 1.894677e+30
1304 1.043504e+36 1.752477e+12 1.911961e+30
1305 1.054983e+36 1.771776e+12 1.929489e+30
1306 1.066589e+36 1.791288e+12 1.947228e+30
1307 1.078322e+36 1.811014e+12 1.965144e+30
1308 1.090184e+36 1.830958e+12 1.983199e+30
1309 1.102177e+36 1.851121e+12 2.001353e+30
1310 1.114301e+36 1.871506e+12 2.019600e+30
1311 1.126559e+36 1.892115e+12 2.037991e+30
1312 1.138952e+36 1.912951e+12 2.056582e+30
1313 1.151481e+36 1.934016e+12 2.075434e+30
1314 1.164148e+36 1.955314e+12 2.094610e+30
1315 1.176955e+36 1.976846e+12 2.114136e+30
1316 1.189902e+36 1.998615e+12 2.133981e+30
1317 1.202991e+36 2.020624e+12 2.154102e+30
1318 1.216225e+36 2.042875e+12 2.174455e+30
1319 1.229604e+36 2.065371e+12 2.194995e+30
1320 1.243131e+36 2.088115e+12 2.215694e+30
1321 1.256806e+36 2.111109e+12 2.236558e+30
1322 1.270631e+36 2.134356e+12 2.257596e+30
1323 1.284609e+36 2.157860e+12 2.278820e+30
1324 1.298740e+36 2.181621e+12 2.300241e+30
1325 1.313027e+36 2.205644e+12 2.321878e+30
1326 1.327471e+36 2.229932e+12 2.343770e+30
1327 1.342074e+36 2.254486e+12 2.365958e+30
1328 1.356838e+36 2.279312e+12 2.388483e+30
1329 1.371764e+36 2.304410e+12 2.411393e+30
1330 1.386854e+36 2.329785e+12 2.434702e+30
1331 1.402111e+36 2.355440e+12 2.458370e+30
1332 1.417535e+36 2.381377e+12 2.482350e+30
1333 1.433128e+36 2.407600e+12 2.506591e+30
1334 1.448894e+36 2.434112e+12 2.531039e+30
1335 1.464832e+36 2.460915e+12 2.555668e+30
1336 1.480946e+36 2.488014e+12 2.580500e+30
1337 1.497238e+36 2.515411e+12 2.605565e+30
1338 1.513708e+36 2.543110e+12 2.630895e+30
1339 1.530360e+36 2.571113e+12 2.656522e+30
1340 1.547195e+36 2.599424e+12 2.682471e+30
1341 1.564215e+36 2.628046e+12 2.708752e+30
1342 1.581422e+36 2.656983e+12 2.735371e+30
1343 1.598819e+36 2.686239e+12 2.762336e+30
1344 1.616407e+36 2.715818e+12 2.789655e+30
1345 1.634188e+36 2.745722e+12 2.817335e+30
1346 1.652165e+36 2.775956e+12 2.845376e+30
1347 1.670340e+36 2.806523e+12 2.873781e+30
1348 1.688715e+36 2.837427e+12 2.902551e+30
1349 1.707291e+36 2.868671e+12 2.931688e+30
1350 1.726073e+36 2.900260e+12 2.961194e+30
1351 1.745060e+36 2.932195e+12 2.991076e+30
1352 1.764257e+36 2.964483e+12 3.021339e+30
1353 1.783665e+36 2.997126e+12 3.051992e+30
1354 1.803286e+36 3.030127e+12 3.083041e+30
1355 1.823124e+36 3.063492e+12 3.114476e+30
1356 1.843179e+36 3.097224e+12 3.146257e+30
1357 1.863455e+36 3.131327e+12 3.178337e+30
1358 1.883954e+36 3.165806e+12 3.210666e+30
1359 1.904679e+36 3.200664e+12 3.243190e+30
1360 1.925631e+36 3.235906e+12 3.275910e+30
1361 1.946815e+36 3.271536e+12 3.308932e+30
1362 1.968231e+36 3.307559e+12 3.342381e+30
1363 1.989882e+36 3.343978e+12 3.376392e+30
1364 2.011772e+36 3.380799e+12 3.411107e+30
1365 2.033903e+36 3.418025e+12 3.446598e+30
1366 2.056277e+36 3.455662e+12 3.482783e+30
1367 2.078897e+36 3.493713e+12 3.519558e+30
1368 2.101766e+36 3.532183e+12 3.556813e+30
1369 2.124887e+36 3.571077e+12 3.594426e+30
1370 2.148262e+36 3.610399e+12 3.632321e+30
1371 2.171894e+36 3.650154e+12 3.670521e+30
1372 2.195786e+36 3.690346e+12 3.709062e+30
1373 2.219941e+36 3.730981e+12 3.747981e+30
1374 2.244362e+36 3.772063e+12 3.787319e+30
1375 2.269051e+36 3.813598e+12 3.827106e+30
1376 2.294012e+36 3.855590e+12 3.867350e+30
1377 2.319248e+36 3.898044e+12 3.908053e+30
1378 2.344761e+36 3.940965e+12 3.949220e+30
1379 2.370555e+36 3.984357e+12 3.990853e+30
1380 2.396632e+36 4.028228e+12 4.032964e+30
1381 2.422997e+36 4.072581e+12 4.075575e+30
1382 2.449651e+36 4.117422e+12 4.118716e+30
1383 2.476599e+36 4.162757e+12 4.162413e+30
1384 2.503843e+36 4.208593e+12 4.206699e+30
1385 2.531386e+36 4.254934e+12 4.251601e+30
1386 2.559233e+36 4.301786e+12 4.297142e+30
1387 2.587386e+36 4.349155e+12 4.343342e+30
1388 2.615849e+36 4.397045e+12 4.390225e+30
1389 2.644625e+36 4.445462e+12 4.437815e+30
1390 2.673717e+36 4.494412e+12 4.486113e+30
1391 2.703130e+36 4.543901e+12 4.535077e+30
1392 2.732866e+36 4.593935e+12 4.584650e+30
1393 2.762929e+36 4.644519e+12 4.634773e+30
1394 2.793323e+36 4.695661e+12 4.685383e+30
1395 2.824051e+36 4.747365e+12 4.736440e+30
1396 2.855117e+36 4.799639e+12 4.787959e+30
1397 2.886525e+36 4.852488e+12 4.839969e+30
1398 2.918279e+36 4.905920e+12 4.892497e+30
1399 2.950382e+36 4.959939e+12 4.945575e+30
1400 2.982838e+36 5.014554e+12 4.999227e+30
1401 3.015650e+36 5.069770e+12 5.053467e+30
1402 3.048824e+36 5.125593e+12 5.108304e+30
1403 3.082363e+36 5.182031e+12 5.163751e+30
1404 3.116271e+36 5.239089e+12 5.219817e+30
1405 3.150552e+36 5.296775e+12 5.276521e+30
1406 3.185210e+36 5.355095e+12 5.333898e+30
1407 3.220249e+36 5.414058e+12 5.391988e+30
1408 3.255674e+36 5.473671e+12 5.450831e+30
1409 3.291488e+36 5.533941e+12 5.510470e+30
1410 3.327696e+36 5.594876e+12 5.570947e+30
1411 3.364303e+36 5.656484e+12 5.632286e+30
1412 3.401312e+36 5.718770e+12 5.694514e+30
1413 3.438729e+36 5.781743e+12 5.757655e+30
1414 3.476557e+36 5.845409e+12 5.821738e+30
1415 3.514801e+36 5.909775e+12 5.886768e+30
1416 3.553466e+36 5.974850e+12 5.952696e+30
1417 3.592556e+36 6.040642e+12 6.019459e+30
1418 3.632077e+36 6.107157e+12 6.086990e+30
1419 3.672032e+36 6.174405e+12 6.155215e+30
1420 3.712426e+36 6.242394e+12 6.224078e+30
1421 3.753265e+36 6.311131e+12 6.293573e+30
1422 3.794553e+36 6.380625e+12 6.363706e+30
1423 3.836295e+36 6.450885e+12 6.434479e+30
1424 3.878497e+36 6.521918e+12 6.505897e+30
1425 3.921163e+36 6.593733e+12 6.577981e+30
1426 3.964298e+36 6.666339e+12 6.650803e+30
1427 4.007907e+36 6.739745e+12 6.724449e+30
1428 4.051997e+36 6.813958e+12 6.799008e+30
1429 4.096571e+36 6.888988e+12 6.874576e+30
1430 4.141636e+36 6.964843e+12 6.951197e+30
1431 4.187196e+36 7.041534e+12 7.028750e+30
1432 4.233258e+36 7.119068e+12 7.107078e+30
1433 4.279826e+36 7.197456e+12 7.186011e+30
1434 4.326907e+36 7.276708e+12 7.265368e+30
1435 4.374506e+36 7.356832e+12 7.345065e+30
1436 4.422628e+36 7.437839e+12 7.425319e+30
1437 4.471279e+36 7.519739e+12 7.506419e+30
1438 4.520466e+36 7.602540e+12 7.588673e+30
1439 4.570194e+36 7.686254e+12 7.672410e+30
1440 4.620469e+36 7.770890e+12 7.757874e+30
1441 4.671297e+36 7.856459e+12 7.845003e+30
1442 4.722684e+36 7.942970e+12 7.933673e+30
1443 4.774636e+36 8.030435e+12 8.023747e+30
1444 4.827160e+36 8.118863e+12 8.115082e+30
1445 4.880261e+36 8.208266e+12 8.207545e+30
1446 4.933947e+36 8.298653e+12 8.301076e+30
1447 4.988223e+36 8.390036e+12 8.395624e+30
1448 5.043097e+36 8.482426e+12 8.491137e+30
1449 5.098574e+36 8.575833e+12 8.587553e+30
1450 5.154661e+36 8.670269e+12 8.684845e+30
1451 5.211366e+36 8.765745e+12 8.783086e+30
1452 5.268694e+36 8.862271e+12 8.882373e+30
1453 5.326652e+36 8.959861e+12 8.982813e+30
1454 5.385249e+36 9.058524e+12 9.084517e+30
1455 5.444490e+36 9.158273e+12 9.187557e+30
1456 5.504382e+36 9.259120e+12 9.291857e+30
1457 5.564934e+36 9.361078e+12 9.397304e+30
1458 5.626151e+36 9.464158e+12 9.503777e+30
1459 5.688042e+36 9.568374e+12 9.611146e+30
1460 5.750614e+36 9.673738e+12 9.719324e+30
1461 5.813874e+36 9.780262e+12 9.828394e+30
1462 5.877831e+36 9.887960e+12 9.938480e+30
1463 5.942490e+36 9.996844e+12 1.004971e+31
1464 6.007861e+36 1.010693e+13 1.016223e+31
1465 6.073951e+36 1.021822e+13 1.027616e+31
1466 6.140768e+36 1.033074e+13 1.039150e+31
1467 6.208320e+36 1.044450e+13 1.050825e+31
1468 6.276615e+36 1.055950e+13 1.062637e+31
1469 6.345662e+36 1.067578e+13 1.074586e+31
1470 6.415468e+36 1.079334e+13 1.086669e+31
1471 6.486042e+36 1.091219e+13 1.098876e+31
1472 6.557392e+36 1.103235e+13 1.111199e+31
1473 6.629528e+36 1.115383e+13 1.123627e+31
1474 6.702456e+36 1.127665e+13 1.136150e+31
1475 6.776187e+36 1.140082e+13 1.148765e+31
1476 6.850729e+36 1.152636e+13 1.161512e+31
1477 6.926091e+36 1.165328e+13 1.174441e+31
1478 7.002283e+36 1.178160e+13 1.187605e+31
1479 7.079312e+36 1.191134e+13 1.201061e+31
1480 7.157188e+36 1.204250e+13 1.214851e+31
1481 7.235922e+36 1.217511e+13 1.228957e+31
1482 7.315521e+36 1.230919e+13 1.243340e+31
1483 7.395996e+36 1.244474e+13 1.257961e+31
1484 7.477357e+36 1.258179e+13 1.272776e+31
1485 7.559612e+36 1.272034e+13 1.287749e+31
1486 7.642772e+36 1.286042e+13 1.302879e+31
1487 7.726847e+36 1.300205e+13 1.318175e+31
1488 7.811847e+36 1.314523e+13 1.333646e+31
1489 7.897782e+36 1.328999e+13 1.349301e+31
1490 7.984662e+36 1.343634e+13 1.365150e+31
1491 8.072498e+36 1.358431e+13 1.381196e+31
1492 8.161301e+36 1.373390e+13 1.397444e+31
1493 8.251080e+36 1.388514e+13 1.413898e+31
1494 8.341847e+36 1.403805e+13 1.430561e+31
1495 8.433612e+36 1.419264e+13 1.447438e+31
1496 8.526387e+36 1.434893e+13 1.464539e+31
1497 8.620182e+36 1.450695e+13 1.481873e+31
1498 8.715009e+36 1.466670e+13 1.499452e+31
1499 8.810879e+36 1.482821e+13 1.517286e+31
1500 8.907804e+36 1.499151e+13 1.535383e+31
1501 9.005795e+36 1.515660e+13 1.553736e+31
1502 9.104865e+36 1.532351e+13 1.572330e+31
1503 9.205023e+36 1.549226e+13 1.591150e+31
1504 9.306284e+36 1.566286e+13 1.610181e+31
1505 9.408659e+36 1.583535e+13 1.629412e+31
1506 9.512160e+36 1.600973e+13 1.648875e+31
1507 9.616799e+36 1.618603e+13 1.668609e+31
1508 9.722590e+36 1.636427e+13 1.688660e+31
1509 9.829544e+36 1.654448e+13 1.709075e+31
1510 9.937675e+36 1.672667e+13 1.729891e+31
1511 1.004699e+37 1.691087e+13 1.751100e+31
1512 1.015752e+37 1.709710e+13 1.772676e+31
1513 1.026926e+37 1.728538e+13 1.794593e+31
1514 1.038222e+37 1.747574e+13 1.816822e+31
1515 1.049644e+37 1.766818e+13 1.839337e+31
1516 1.061190e+37 1.786275e+13 1.862141e+31
1517 1.072864e+37 1.805946e+13 1.885249e+31
1518 1.084666e+37 1.825834e+13 1.908672e+31
1519 1.096598e+37 1.845940e+13 1.932424e+31
1520 1.108661e+37 1.866268e+13 1.956525e+31
1521 1.120857e+37 1.886820e+13 1.981026e+31
1522 1.133187e+37 1.907599e+13 2.005987e+31
1523 1.145653e+37 1.928606e+13 2.031474e+31
1524 1.158256e+37 1.949844e+13 2.057556e+31
1525 1.170997e+37 1.971317e+13 2.084283e+31
1526 1.183879e+37 1.993026e+13 2.111591e+31
1527 1.196902e+37 2.014975e+13 2.139375e+31
1528 1.210069e+37 2.037165e+13 2.167521e+31
1529 1.223381e+37 2.059599e+13 2.195909e+31
1530 1.236838e+37 2.082280e+13 2.224455e+31
1531 1.250444e+37 2.105210e+13 2.253310e+31
1532 1.264200e+37 2.128393e+13 2.282709e+31
1533 1.278107e+37 2.151832e+13 2.312903e+31
1534 1.292167e+37 2.175530e+13 2.344159e+31
1535 1.306382e+37 2.199489e+13 2.376705e+31
1536 1.320753e+37 2.223713e+13 2.410488e+31
1537 1.335282e+37 2.248204e+13 2.445350e+31
1538 1.349970e+37 2.272965e+13 2.481121e+31
1539 1.364821e+37 2.297999e+13 2.517619e+31
1540 1.379835e+37 2.323309e+13 2.554679e+31
1541 1.395014e+37 2.348897e+13 2.592277e+31
1542 1.410360e+37 2.374768e+13 2.630445e+31
1543 1.425875e+37 2.400923e+13 2.669211e+31
1544 1.441560e+37 2.427366e+13 2.708609e+31
1545 1.457418e+37 2.454100e+13 2.748688e+31
1546 1.473451e+37 2.481129e+13 2.789592e+31
1547 1.489659e+37 2.508456e+13 2.831504e+31
1548 1.506046e+37 2.536084e+13 2.874617e+31
1549 1.522614e+37 2.564017e+13 2.919138e+31
1550 1.539364e+37 2.592258e+13 2.965234e+31
1551 1.556297e+37 2.620810e+13 3.012777e+31
1552 1.573418e+37 2.649677e+13 3.061516e+31
1553 1.590726e+37 2.678862e+13 3.111187e+31
1554 1.608225e+37 2.708368e+13 3.161502e+31
1555 1.625917e+37 2.738200e+13 3.212229e+31
1556 1.643803e+37 2.768359e+13 3.263561e+31
1557 1.661885e+37 2.798851e+13 3.315863e+31
1558 1.680167e+37 2.829679e+13 3.369527e+31
1559 1.698650e+37 2.860846e+13 3.424969e+31
1560 1.717336e+37 2.892358e+13 3.482565e+31
1561 1.736228e+37 2.924218e+13 3.542302e+31
1562 1.755327e+37 2.956429e+13 3.604009e+31
1563 1.774637e+37 2.988995e+13 3.667497e+31
1564 1.794159e+37 3.021920e+13 3.732566e+31
1565 1.813896e+37 3.055208e+13 3.799021e+31
1566 1.833850e+37 3.088863e+13 3.866802e+31
1567 1.854023e+37 3.122888e+13 3.935905e+31
1568 1.874419e+37 3.157289e+13 4.006319e+31
1569 1.895038e+37 3.192068e+13 4.078037e+31
1570 1.915885e+37 3.227230e+13 4.151089e+31
1571 1.936961e+37 3.262780e+13 4.225798e+31
1572 1.958268e+37 3.298722e+13 4.302622e+31
1573 1.979811e+37 3.335061e+13 4.382048e+31
1574 2.001590e+37 3.371801e+13 4.464595e+31
1575 2.023608e+37 3.408946e+13 4.550710e+31
1576 2.045869e+37 3.446503e+13 4.640176e+31
1577 2.068375e+37 3.484473e+13 4.732472e+31
1578 2.091128e+37 3.522862e+13 4.827036e+31
1579 2.114132e+37 3.561674e+13 4.923265e+31
1580 2.137389e+37 3.600913e+13 5.020636e+31
1581 2.160901e+37 3.640584e+13 5.119432e+31
1582 2.184673e+37 3.680693e+13 5.220316e+31
1583 2.208705e+37 3.721243e+13 5.323998e+31
1584 2.233002e+37 3.762242e+13 5.431230e+31
1585 2.257567e+37 3.803693e+13 5.542722e+31
1586 2.282401e+37 3.845603e+13 5.658572e+31
1587 2.307509e+37 3.887976e+13 5.778589e+31
1588 2.332893e+37 3.930817e+13 5.902564e+31
1589 2.358556e+37 3.974131e+13 6.030271e+31
1590 2.384502e+37 4.017923e+13 6.161476e+31
1591 2.410733e+37 4.062197e+13 6.296022e+31
1592 2.437252e+37 4.106960e+13 6.433783e+31
1593 2.464063e+37 4.152216e+13 6.574620e+31
1594 2.491169e+37 4.197971e+13 6.718385e+31
1595 2.518574e+37 4.244229e+13 6.864999e+31
1596 2.546280e+37 4.290998e+13 7.015041e+31
1597 2.574290e+37 4.338283e+13 7.169435e+31
1598 2.602609e+37 4.386091e+13 7.329166e+31
1599 2.631239e+37 4.434428e+13 7.495278e+31
1600 2.660184e+37 4.483302e+13 7.668723e+31
1601 2.689448e+37 4.532717e+13 7.849263e+31
1602 2.719033e+37 4.582679e+13 8.036035e+31
1603 2.748944e+37 4.633192e+13 8.228108e+31
1604 2.779185e+37 4.684262e+13 8.424481e+31
1605 2.809757e+37 4.735893e+13 8.624241e+31
1606 2.840666e+37 4.788093e+13 8.827720e+31
1607 2.871915e+37 4.840868e+13 9.035916e+31
1608 2.903508e+37 4.894226e+13 9.249895e+31
1609 2.935448e+37 4.948174e+13 9.470787e+31
1610 2.967740e+37 5.002721e+13 9.699692e+31
1611 3.000387e+37 5.057872e+13 9.936924e+31
1612 3.033393e+37 5.113635e+13 1.018237e+32
1613 3.066762e+37 5.170015e+13 1.043590e+32
1614 3.100498e+37 5.227019e+13 1.069737e+32
1615 3.134606e+37 5.284653e+13 1.096661e+32
1616 3.169088e+37 5.342924e+13 1.124349e+32
1617 3.203950e+37 5.401838e+13 1.152787e+32
1618 3.239195e+37 5.461402e+13 1.181961e+32
1619 3.274828e+37 5.521622e+13 1.211855e+32
1620 3.310853e+37 5.582505e+13 1.242458e+32
1621 3.347275e+37 5.644060e+13 1.273827e+32
1622 3.384097e+37 5.706296e+13 1.306061e+32
1623 3.421324e+37 5.769222e+13 1.339265e+32
1624 3.458960e+37 5.832848e+13 1.373550e+32
1625 3.497011e+37 5.897183e+13 1.409027e+32
1626 3.535480e+37 5.962236e+13 1.445774e+32
1627 3.574373e+37 6.028011e+13 1.483847e+32
1628 3.613693e+37 6.094515e+13 1.523305e+32
1629 3.653446e+37 6.161752e+13 1.564210e+32
1630 3.693636e+37 6.229729e+13 1.606592e+32
1631 3.734268e+37 6.298453e+13 1.650166e+32
1632 3.775347e+37 6.367936e+13 1.694444e+32
1633 3.816878e+37 6.438187e+13 1.738906e+32
1634 3.858866e+37 6.509216e+13 1.782993e+32
1635 3.901316e+37 6.581035e+13 1.826158e+32
1636 3.944233e+37 6.653652e+13 1.868279e+32
1637 3.987622e+37 6.727076e+13 1.909496e+32
1638 4.031488e+37 6.801315e+13 1.949965e+32
1639 4.075837e+37 6.876378e+13 1.989851e+32
1640 4.120673e+37 6.952273e+13 2.029326e+32
1641 4.166003e+37 7.029009e+13 2.068476e+32
1642 4.211831e+37 7.106593e+13 2.107335e+32
1643 4.258164e+37 7.185035e+13 2.145942e+32
1644 4.305006e+37 7.264342e+13 2.184338e+32
1645 4.352364e+37 7.344524e+13 2.222633e+32
1646 4.400243e+37 7.425590e+13 2.261666e+32
1647 4.448648e+37 7.507553e+13 2.302774e+32
1648 4.497586e+37 7.590426e+13 2.347388e+32
1649 4.547062e+37 7.674220e+13 2.397031e+32
1650 4.597082e+37 7.758949e+13 2.453175e+32
1651 4.647653e+37 7.844622e+13 2.515714e+32
1652 4.698780e+37 7.931246e+13 2.583476e+32
1653 4.750469e+37 8.018829e+13 2.655188e+32
1654 4.802727e+37 8.107378e+13 2.729485e+32
1655 4.855560e+37 8.196901e+13 2.804998e+32
1656 4.908974e+37 8.287408e+13 2.881345e+32
1657 4.962976e+37 8.378913e+13 2.958819e+32
1658 5.017571e+37 8.471432e+13 3.037739e+32
1659 5.072768e+37 8.564978e+13 3.118448e+32
1660 5.128571e+37 8.659566e+13 3.201289e+32
1661 5.184988e+37 8.755210e+13 3.286375e+32
1662 5.242026e+37 8.851920e+13 3.373660e+32
1663 5.299692e+37 8.949707e+13 3.463088e+32
1664 5.357992e+37 9.048583e+13 3.554599e+32
1665 5.416933e+37 9.148559e+13 3.648136e+32
1666 5.476522e+37 9.249647e+13 3.743772e+32
1667 5.536767e+37 9.351857e+13 3.841678e+32
1668 5.597675e+37 9.455199e+13 3.942033e+32
1669 5.659253e+37 9.559684e+13 4.045028e+32
1670 5.721508e+37 9.665324e+13 4.150844e+32
1671 5.784448e+37 9.772134e+13 4.259416e+32
1672 5.848080e+37 9.880133e+13 4.370495e+32
1673 5.912412e+37 9.989342e+13 4.483807e+32
1674 5.977452e+37 1.009978e+14 4.599057e+32
1675 6.043208e+37 1.021147e+14 4.715964e+32
1676 6.109687e+37 1.032442e+14 4.834666e+32
1677 6.176897e+37 1.043864e+14 4.955633e+32
1678 6.244847e+37 1.055413e+14 5.079367e+32
1679 6.313544e+37 1.067090e+14 5.206405e+32
1680 6.382996e+37 1.078896e+14 5.337284e+32
1681 6.453213e+37 1.090831e+14 5.472141e+32
1682 6.524202e+37 1.102897e+14 5.610800e+32
1683 6.595972e+37 1.115098e+14 5.753058e+32
1684 6.668532e+37 1.127433e+14 5.898698e+32
1685 6.741890e+37 1.139907e+14 6.047491e+32
1686 6.816055e+37 1.152520e+14 6.199337e+32
1687 6.891035e+37 1.165275e+14 6.354230e+32
1688 6.966841e+37 1.178172e+14 6.512166e+32
1689 7.043480e+37 1.191214e+14 6.673139e+32
1690 7.120963e+37 1.204402e+14 6.837157e+32
1691 7.199297e+37 1.217737e+14 7.004530e+32
1692 7.278494e+37 1.231221e+14 7.175822e+32
1693 7.358562e+37 1.244854e+14 7.351637e+32
1694 7.439510e+37 1.258637e+14 7.532617e+32
1695 7.521349e+37 1.272572e+14 7.719387e+32
1696 7.604089e+37 1.286660e+14 7.911787e+32
1697 7.687738e+37 1.300904e+14 8.108979e+32
1698 7.772308e+37 1.315308e+14 8.310045e+32
1699 7.857808e+37 1.329875e+14 8.513999e+32
1700 7.944248e+37 1.344608e+14 8.719856e+32
1701 8.031640e+37 1.359510e+14 8.927658e+32
1702 8.119993e+37 1.374582e+14 9.138347e+32
1703 8.209317e+37 1.389822e+14 9.352959e+32
1704 8.299625e+37 1.405233e+14 9.572592e+32
1705 8.390925e+37 1.420814e+14 9.798369e+32
1706 8.483231e+37 1.436567e+14 1.003070e+33
1707 8.576551e+37 1.452495e+14 1.026935e+33
1708 8.670898e+37 1.468599e+14 1.051404e+33
1709 8.766283e+37 1.484883e+14 1.076447e+33
1710 8.862718e+37 1.501349e+14 1.102033e+33
1711 8.960213e+37 1.517999e+14 1.128144e+33
1712 9.058780e+37 1.534837e+14 1.154777e+33
1713 9.158432e+37 1.551864e+14 1.181926e+33
1714 9.259181e+37 1.569082e+14 1.209588e+33
1715 9.361037e+37 1.586495e+14 1.237757e+33
1716 9.464014e+37 1.604103e+14 1.266472e+33
1717 9.568124e+37 1.621909e+14 1.295808e+33
1718 9.673379e+37 1.639912e+14 1.325847e+33
1719 9.779792e+37 1.658115e+14 1.356674e+33
1720 9.887375e+37 1.676519e+14 1.388377e+33
1721 9.996142e+37 1.695126e+14 1.420970e+33
1722 1.010611e+38 1.713940e+14 1.454396e+33
1723 1.021728e+38 1.732965e+14 1.488590e+33
1724 1.032968e+38 1.752206e+14 1.523483e+33
1725 1.044331e+38 1.771666e+14 1.559003e+33
1726 1.055819e+38 1.791350e+14 1.595155e+33
1727 1.067434e+38 1.811257e+14 1.632017e+33
1728 1.079176e+38 1.831390e+14 1.669677e+33
1729 1.091048e+38 1.851749e+14 1.708227e+33
1730 1.103050e+38 1.872335e+14 1.747762e+33
1731 1.115184e+38 1.893151e+14 1.788339e+33
1732 1.127452e+38 1.914200e+14 1.829977e+33
1733 1.139854e+38 1.935484e+14 1.872692e+33
1734 1.152393e+38 1.957006e+14 1.916500e+33
1735 1.165070e+38 1.978769e+14 1.961421e+33
1736 1.177887e+38 2.000777e+14 2.007491e+33
1737 1.190844e+38 2.023034e+14 2.054770e+33
1738 1.203944e+38 2.045542e+14 2.103320e+33
1739 1.217188e+38 2.068305e+14 2.153208e+33
1740 1.230578e+38 2.091328e+14 2.204501e+33
1741 1.244115e+38 2.114612e+14 2.257215e+33
1742 1.257801e+38 2.138159e+14 2.311318e+33
1743 1.271638e+38 2.161970e+14 2.366769e+33
1744 1.285627e+38 2.186047e+14 2.423523e+33
1745 1.299769e+38 2.210390e+14 2.481538e+33
1746 1.314068e+38 2.235002e+14 2.540912e+33
1747 1.328523e+38 2.259891e+14 2.601903e+33
1748 1.343138e+38 2.285060e+14 2.664788e+33
1749 1.357913e+38 2.310517e+14 2.729864e+33
1750 1.372851e+38 2.336268e+14 2.797436e+33
1751 1.387953e+38 2.362317e+14 2.867608e+33
1752 1.403221e+38 2.388666e+14 2.940259e+33
1753 1.418658e+38 2.415315e+14 3.015244e+33
1754 1.434264e+38 2.442266e+14 3.092405e+33
1755 1.450041e+38 2.469520e+14 3.171578e+33
1756 1.465993e+38 2.497081e+14 3.252752e+33
1757 1.482119e+38 2.524951e+14 3.336094e+33
1758 1.498424e+38 2.553136e+14 3.421789e+33
1759 1.514907e+38 2.581640e+14 3.510034e+33
1760 1.531572e+38 2.610468e+14 3.601036e+33
1761 1.548420e+38 2.639625e+14 3.695072e+33
1762 1.565454e+38 2.669117e+14 3.792497e+33
1763 1.582675e+38 2.698948e+14 3.893689e+33
1764 1.600085e+38 2.729125e+14 3.999049e+33
1765 1.617687e+38 2.759653e+14 4.108986e+33
1766 1.635483e+38 2.790536e+14 4.223544e+33
1767 1.653474e+38 2.821774e+14 4.342316e+33
1768 1.671663e+38 2.853368e+14 4.464837e+33
1769 1.690052e+38 2.885317e+14 4.590608e+33
1770 1.708644e+38 2.917621e+14 4.719114e+33
1771 1.727440e+38 2.950285e+14 4.850502e+33
1772 1.746443e+38 2.983319e+14 4.985763e+33
1773 1.765655e+38 3.016733e+14 5.125995e+33
1774 1.785078e+38 3.050539e+14 5.272368e+33
1775 1.804715e+38 3.084748e+14 5.426100e+33
1776 1.824568e+38 3.119369e+14 5.587710e+33
1777 1.844639e+38 3.154400e+14 5.756801e+33
1778 1.864931e+38 3.189843e+14 5.932882e+33
1779 1.885447e+38 3.225696e+14 6.115424e+33
1780 1.906188e+38 3.261959e+14 6.303863e+33
1781 1.927157e+38 3.298635e+14 6.498006e+33
1782 1.948357e+38 3.335729e+14 6.698157e+33
1783 1.969790e+38 3.373247e+14 6.904667e+33
1784 1.991459e+38 3.411196e+14 7.117903e+33
1785 2.013366e+38 3.449583e+14 7.338258e+33
1786 2.035514e+38 3.488416e+14 7.566378e+33
1787 2.057906e+38 3.527706e+14 7.803249e+33
1788 2.080544e+38 3.567467e+14 8.049935e+33
1789 2.103431e+38 3.607709e+14 8.307558e+33
1790 2.126570e+38 3.648446e+14 8.577286e+33
1791 2.149964e+38 3.689684e+14 8.859522e+33
1792 2.173615e+38 3.731418e+14 9.153598e+33
1793 2.197526e+38 3.773645e+14 9.458715e+33
1794 2.221700e+38 3.816357e+14 9.774004e+33
1795 2.246140e+38 3.859549e+14 1.009855e+34
1796 2.270849e+38 3.903226e+14 1.043241e+34
1797 2.295830e+38 3.947406e+14 1.077701e+34
1798 2.321085e+38 3.992113e+14 1.113397e+34
1799 2.346618e+38 4.037368e+14 1.150502e+34
1800 2.372433e+38 4.083197e+14 1.189194e+34
1801 2.398531e+38 4.129614e+14 1.229583e+34
1802 2.424916e+38 4.176616e+14 1.271664e+34
1803 2.451592e+38 4.224202e+14 1.315425e+34
1804 2.478560e+38 4.272368e+14 1.360850e+34
1805 2.505826e+38 4.321111e+14 1.407922e+34
1806 2.533392e+38 4.370431e+14 1.456648e+34
1807 2.561261e+38 4.420334e+14 1.507077e+34
1808 2.589436e+38 4.470830e+14 1.559261e+34
1809 2.617921e+38 4.521924e+14 1.613257e+34
1810 2.646720e+38 4.573626e+14 1.669120e+34
1811 2.675835e+38 4.625948e+14 1.726927e+34
1812 2.705271e+38 4.678916e+14 1.786787e+34
1813 2.735031e+38 4.732556e+14 1.848813e+34
1814 2.765118e+38 4.786893e+14 1.913126e+34
1815 2.795536e+38 4.841956e+14 1.979850e+34
1816 2.826288e+38 4.897759e+14 2.049082e+34
1817 2.857379e+38 4.954288e+14 2.120874e+34
1818 2.888812e+38 5.011530e+14 2.195274e+34
1819 2.920591e+38 5.069467e+14 2.272328e+34
1820 2.952719e+38 5.128081e+14 2.352086e+34
1821 2.985200e+38 5.187375e+14 2.434606e+34
1822 3.018039e+38 5.247381e+14 2.519959e+34
1823 3.051240e+38 5.308138e+14 2.608222e+34
1824 3.084805e+38 5.369687e+14 2.699471e+34
1825 3.118740e+38 5.432070e+14 2.793787e+34
1826 3.153048e+38 5.495314e+14 2.891262e+34
1827 3.187733e+38 5.559420e+14 2.992015e+34
1828 3.222800e+38 5.624386e+14 3.096166e+34
1829 3.258253e+38 5.690207e+14 3.203845e+34
1830 3.294096e+38 5.756880e+14 3.315182e+34
1831 3.330333e+38 5.824404e+14 3.430322e+34
1832 3.366968e+38 5.892788e+14 3.549427e+34
1833 3.404007e+38 5.962039e+14 3.672665e+34
1834 3.441453e+38 6.032165e+14 3.800212e+34
1835 3.479311e+38 6.103176e+14 3.932251e+34
1836 3.517586e+38 6.175091e+14 4.068893e+34
1837 3.556281e+38 6.247952e+14 4.210118e+34
1838 3.595402e+38 6.321804e+14 4.355888e+34
1839 3.634954e+38 6.396698e+14 4.506158e+34
1840 3.674940e+38 6.472681e+14 4.660876e+34
1841 3.715367e+38 6.549783e+14 4.820141e+34
1842 3.756238e+38 6.627987e+14 4.984328e+34
1843 3.797559e+38 6.707270e+14 5.153859e+34
1844 3.839334e+38 6.787610e+14 5.329177e+34
1845 3.881569e+38 6.868978e+14 5.510748e+34
1846 3.924269e+38 6.951374e+14 5.698873e+34
1847 3.967438e+38 7.034844e+14 5.893528e+34
1848 4.011082e+38 7.119442e+14 6.094645e+34
1849 4.055207e+38 7.205224e+14 6.302146e+34
1850 4.099816e+38 7.292250e+14 6.515941e+34
1851 4.144917e+38 7.380564e+14 6.736072e+34
1852 4.190513e+38 7.470178e+14 6.962838e+34
1853 4.236612e+38 7.561099e+14 7.196579e+34
1854 4.283217e+38 7.653336e+14 7.437651e+34
1855 4.330335e+38 7.746896e+14 7.686424e+34
1856 4.377971e+38 7.841786e+14 7.943277e+34
1857 4.426131e+38 7.938017e+14 8.208583e+34
1858 4.474821e+38 8.035600e+14 8.482731e+34
1859 4.524047e+38 8.134546e+14 8.766125e+34
1860 4.573814e+38 8.234863e+14 9.059184e+34
1861 4.624129e+38 8.336581e+14 9.362166e+34
1862 4.674997e+38 8.439761e+14 9.674987e+34
1863 4.726425e+38 8.544473e+14 9.997508e+34
1864 4.778418e+38 8.650788e+14 1.032957e+35
1865 4.830984e+38 8.758782e+14 1.067099e+35
1866 4.884127e+38 8.868506e+14 1.102191e+35
1867 4.937856e+38 8.979952e+14 1.138312e+35
1868 4.992175e+38 9.093104e+14 1.175553e+35
1869 5.047092e+38 9.207944e+14 1.214010e+35
1870 5.102613e+38 9.324450e+14 1.253786e+35
1871 5.158745e+38 9.442627e+14 1.294947e+35
1872 5.215494e+38 9.562535e+14 1.337488e+35
1873 5.272868e+38 9.684242e+14 1.381393e+35
1874 5.330872e+38 9.807822e+14 1.426641e+35
1875 5.389515e+38 9.933349e+14 1.473211e+35
1876 5.448803e+38 1.006089e+15 1.521103e+35
1877 5.508743e+38 1.019048e+15 1.570367e+35
1878 5.569342e+38 1.032214e+15 1.621063e+35
1879 5.630608e+38 1.045592e+15 1.673252e+35
1880 5.692548e+38 1.059184e+15 1.726999e+35
1881 5.755170e+38 1.072993e+15 1.782378e+35
1882 5.818480e+38 1.087022e+15 1.839484e+35
1883 5.882487e+38 1.101274e+15 1.898418e+35
1884 5.947198e+38 1.115751e+15 1.959285e+35
1885 6.012620e+38 1.130456e+15 2.022196e+35
1886 6.078763e+38 1.145393e+15 2.087202e+35
1887 6.145633e+38 1.160570e+15 2.154212e+35
1888 6.213238e+38 1.175995e+15 2.223108e+35
1889 6.281588e+38 1.191678e+15 2.293762e+35
1890 6.350689e+38 1.207628e+15 2.366036e+35
1891 6.420550e+38 1.223852e+15 2.439892e+35
1892 6.491180e+38 1.240354e+15 2.515548e+35
1893 6.562587e+38 1.257137e+15 2.593266e+35
1894 6.634779e+38 1.274203e+15 2.673328e+35
1895 6.707766e+38 1.291555e+15 2.756027e+35
1896 6.781555e+38 1.309197e+15 2.841561e+35
1897 6.856156e+38 1.327135e+15 2.929866e+35
1898 6.931578e+38 1.345377e+15 3.020830e+35
1899 7.007830e+38 1.363929e+15 3.114333e+35
1900 7.084920e+38 1.382801e+15 3.210244e+35
1901 7.162858e+38 1.401998e+15 3.308481e+35
1902 7.241654e+38 1.421529e+15 3.409098e+35
1903 7.321316e+38 1.441399e+15 3.512170e+35
1904 7.401855e+38 1.461614e+15 3.617778e+35
1905 7.483280e+38 1.482182e+15 3.726003e+35
1906 7.565601e+38 1.503110e+15 3.836979e+35
1907 7.648827e+38 1.524407e+15 3.950967e+35
1908 7.732968e+38 1.546085e+15 4.068258e+35
1909 7.818036e+38 1.568152e+15 4.189161e+35
1910 7.904039e+38 1.590620e+15 4.314003e+35
1911 7.990988e+38 1.613498e+15 4.442949e+35
1912 8.078893e+38 1.636790e+15 4.575726e+35
1913 8.167766e+38 1.660497e+15 4.711966e+35
1914 8.257616e+38 1.684622e+15 4.851274e+35
1915 8.348455e+38 1.709167e+15 4.993224e+35
1916 8.440293e+38 1.734137e+15 5.137614e+35
1917 8.533141e+38 1.759549e+15 5.284881e+35
1918 8.627011e+38 1.785422e+15 5.435599e+35
1919 8.721913e+38 1.811775e+15 5.590376e+35
1920 8.817859e+38 1.838629e+15 5.749855e+35
1921 8.914861e+38 1.866000e+15 5.914512e+35
1922 9.012930e+38 1.893895e+15 6.084284e+35
1923 9.112077e+38 1.922317e+15 6.259008e+35
1924 9.212316e+38 1.951270e+15 6.438500e+35
1925 9.313656e+38 1.980757e+15 6.622564e+35
1926 9.416112e+38 2.010783e+15 6.811072e+35
1927 9.519695e+38 2.041360e+15 7.004137e+35
1928 9.624417e+38 2.072499e+15 7.201917e+35
1929 9.730292e+38 2.104215e+15 7.404575e+35
1930 9.837331e+38 2.136519e+15 7.612281e+35
1931 9.945547e+38 2.169429e+15 7.825244e+35
1932 1.005495e+39 2.202967e+15 8.043775e+35
1933 1.016556e+39 2.237157e+15 8.268214e+35
1934 1.027739e+39 2.272024e+15 8.498920e+35
1935 1.039045e+39 2.307596e+15 8.736271e+35
1936 1.050475e+39 2.343893e+15 8.980553e+35
1937 1.062031e+39 2.380913e+15 9.231759e+35
1938 1.073714e+39 2.418651e+15 9.489812e+35
1939 1.085525e+39 2.457099e+15 9.754627e+35
1940 1.097467e+39 2.496251e+15 1.002610e+36
1941 1.109540e+39 2.536107e+15 1.030424e+36
1942 1.121745e+39 2.576702e+15 1.058938e+36
1943 1.134085e+39 2.618077e+15 1.088194e+36
1944 1.146561e+39 2.660275e+15 1.118236e+36
1945 1.159173e+39 2.703341e+15 1.149109e+36
1946 1.171925e+39 2.747316e+15 1.180856e+36
1947 1.184817e+39 2.792211e+15 1.213506e+36
1948 1.197851e+39 2.838034e+15 1.247083e+36
1949 1.211028e+39 2.884792e+15 1.281615e+36
1950 1.224350e+39 2.932490e+15 1.317127e+36
1951 1.237818e+39 2.981140e+15 1.353653e+36
1952 1.251435e+39 3.030761e+15 1.391244e+36
1953 1.265202e+39 3.081378e+15 1.429958e+36
1954 1.279120e+39 3.133015e+15 1.469855e+36
1955 1.293191e+39 3.185697e+15 1.510997e+36
1956 1.307416e+39 3.239453e+15 1.553426e+36
1957 1.321799e+39 3.294315e+15 1.597107e+36
1958 1.336339e+39 3.350321e+15 1.641985e+36
1959 1.351040e+39 3.407508e+15 1.687999e+36
1960 1.365902e+39 3.465915e+15 1.735084e+36
1961 1.380928e+39 3.525579e+15 1.783243e+36
1962 1.396119e+39 3.586529e+15 1.832730e+36
1963 1.411477e+39 3.648792e+15 1.883868e+36
1964 1.427004e+39 3.712395e+15 1.937000e+36
1965 1.442702e+39 3.777366e+15 1.992491e+36
1966 1.458573e+39 3.843734e+15 2.050602e+36
1967 1.474618e+39 3.911532e+15 2.111172e+36
1968 1.490839e+39 3.980791e+15 2.173933e+36
1969 1.507240e+39 4.051546e+15 2.238594e+36
1970 1.523820e+39 4.123832e+15 2.304842e+36
1971 1.540583e+39 4.197690e+15 2.372505e+36
1972 1.557530e+39 4.273186e+15 2.441976e+36
1973 1.574664e+39 4.350395e+15 2.513807e+36
1974 1.591986e+39 4.429393e+15 2.588584e+36
1975 1.609499e+39 4.510262e+15 2.666928e+36
1976 1.627205e+39 4.593083e+15 2.749455e+36
1977 1.645105e+39 4.677929e+15 2.836656e+36
1978 1.663202e+39 4.764871e+15 2.929010e+36
1979 1.681498e+39 4.853985e+15 3.027024e+36
1980 1.699996e+39 4.945348e+15 3.131229e+36
1981 1.718697e+39 5.039033e+15 3.242032e+36
1982 1.737603e+39 5.135074e+15 3.359262e+36
1983 1.756718e+39 5.233499e+15 3.482585e+36
1984 1.776043e+39 5.334333e+15 3.611637e+36
1985 1.795580e+39 5.437601e+15 3.746024e+36
1986 1.815333e+39 5.543330e+15 3.885316e+36
1987 1.835303e+39 5.651541e+15 4.029051e+36
1988 1.855492e+39 5.762258e+15 4.176730e+36
1989 1.875904e+39 5.875504e+15 4.327817e+36
1990 1.896540e+39 5.991298e+15 4.481734e+36
