#
#
#
152 <-- Number of lines
#
#
#
1 2.720000e+64 4.510000e+01 1.700000e+14
2 1.270000e+65 2.120000e+02 5.820000e+15
3 6.930000e+65 1.150000e+03 1.900000e+17
4 6.295000e+66 1.044000e+04 9.744000e+18
5 1.581000e+67 2.622000e+04 4.968000e+19
6 3.972000e+67 6.587000e+04 2.431000e+20
7 9.976000e+67 1.654000e+05 1.151000e+21
8 2.506000e+68 4.156000e+05 5.266000e+21
9 6.294000e+68 1.044000e+06 2.318000e+22
10 1.581000e+69 2.622000e+06 9.755000e+22
11 3.972000e+69 6.588000e+06 3.911000e+23
12 5.000000e+69 8.293000e+06 5.259000e+23
13 9.976000e+69 1.655000e+07 1.435000e+24
14 1.990000e+70 3.302000e+07 3.833000e+24
15 3.973000e+70 6.592000e+07 1.006000e+25
16 7.926000e+70 1.315000e+08 2.604000e+25
17 1.581000e+71 2.625000e+08 6.676000e+25
18 1.991000e+71 3.305000e+08 8.738000e+25
19 3.156000e+71 5.239000e+08 1.629000e+26
20 5.001000e+71 8.303000e+08 3.029000e+26
21 6.296000e+71 1.046000e+09 4.129000e+26
22 9.667000e+71 1.606000e+09 6.860000e+26
23 1.532000e+72 2.545000e+09 1.272000e+27
24 2.507000e+72 4.166000e+09 2.356000e+27
25 3.974000e+72 6.606000e+09 4.362000e+27
26 4.830000e+72 8.031000e+09 5.662000e+27
27 6.081000e+72 1.011000e+10 7.702000e+27
28 7.930000e+72 1.319000e+10 1.048000e+28
29 9.982000e+72 1.661000e+10 1.425000e+28
30 1.257000e+73 2.091000e+10 1.938000e+28
31 1.522000e+73 2.533000e+10 2.503000e+28
32 1.991000e+73 3.315000e+10 3.404000e+28
33 2.507000e+73 4.174000e+10 4.628000e+28
34 2.791000e+73 4.652000e+10 5.367000e+28
35 3.807000e+73 6.347000e+10 7.913000e+28
36 5.063000e+73 8.444000e+10 1.127000e+29
37 6.592000e+73 1.100000e+11 1.561000e+29
38 8.433000e+73 1.408000e+11 2.109000e+29
39 1.062000e+74 1.774000e+11 2.790000e+29
40 1.321000e+74 2.207000e+11 3.625000e+29
41 1.624000e+74 2.714000e+11 4.635000e+29
42 1.690000e+74 2.825000e+11 4.859000e+29
43 1.759000e+74 2.940000e+11 5.093000e+29
44 1.830000e+74 3.058000e+11 5.334000e+29
45 1.902000e+74 3.180000e+11 5.584000e+29
46 1.977000e+74 3.305000e+11 5.843000e+29
47 2.054000e+74 3.434000e+11 6.109000e+29
48 2.079000e+74 3.476000e+11 6.197000e+29
49 2.082000e+74 3.481000e+11 6.208000e+29
50 2.091000e+74 3.495000e+11 6.215000e+29
51 2.160000e+74 3.612000e+11 6.357000e+29
52 2.231000e+74 3.730000e+11 6.468000e+29
53 2.311000e+74 3.865000e+11 6.581000e+29
54 2.401000e+74 4.016000e+11 6.700000e+29
55 2.500000e+74 4.180000e+11 6.823000e+29
56 2.643000e+74 4.420000e+11 6.995000e+29
57 3.053000e+74 5.108000e+11 7.468000e+29
58 3.533000e+74 5.912000e+11 8.015000e+29
59 4.076000e+74 6.822000e+11 8.644000e+29
60 4.680000e+74 7.834000e+11 9.367000e+29
61 5.341000e+74 8.943000e+11 1.019000e+30
62 6.059000e+74 1.015000e+12 1.113000e+30
63 7.661000e+74 1.283000e+12 1.337000e+30
64 1.262000e+75 2.114000e+12 2.155000e+30
65 1.895000e+75 3.177000e+12 3.427000e+30
66 2.673000e+75 4.483000e+12 5.268000e+30
67 3.606000e+75 6.051000e+12 7.798000e+30
68 4.710000e+75 7.906000e+12 1.115000e+31
69 7.496000e+75 1.259000e+13 2.089000e+31
70 1.120000e+76 1.882000e+13 3.584000e+31
71 1.600000e+76 2.692000e+13 5.761000e+31
72 2.207000e+76 3.717000e+13 8.812000e+31
73 2.948000e+76 4.968000e+13 1.295000e+32
74 4.268000e+76 7.202000e+13 2.162000e+32
75 6.220000e+76 1.051000e+14 3.847000e+32
76 7.317000e+76 1.237000e+14 5.046000e+32
77 7.596000e+76 1.284000e+14 5.371000e+32
78 1.000000e+77 1.694000e+14 9.915000e+32
79 1.500000e+77 2.550000e+14 2.983000e+33
80 2.000000e+77 3.417000e+14 6.959000e+33
81 2.500000e+77 4.298000e+14 1.367000e+34
82 3.000000e+77 5.198000e+14 2.376000e+34
83 3.500000e+77 6.120000e+14 3.783000e+34
84 4.000000e+77 7.068000e+14 5.645000e+34
85 4.500000e+77 8.046000e+14 8.016000e+34
86 5.000000e+77 9.056000e+14 1.095000e+35
87 5.500000e+77 1.010000e+15 1.449000e+35
88 6.000000e+77 1.119000e+15 1.869000e+35
89 6.500000e+77 1.231000e+15 2.360000e+35
90 7.000000e+77 1.349000e+15 2.925000e+35
91 7.500000e+77 1.471000e+15 3.570000e+35
92 8.000000e+77 1.598000e+15 4.298000e+35
93 8.500000e+77 1.730000e+15 5.113000e+35
94 9.000000e+77 1.868000e+15 6.018000e+35
95 9.500000e+77 2.012000e+15 7.018000e+35
96 1.000000e+78 2.162000e+15 8.114000e+35
97 1.050000e+78 2.319000e+15 9.310000e+35
98 1.100000e+78 2.482000e+15 1.061000e+36
99 1.150000e+78 2.652000e+15 1.201000e+36
100 1.200000e+78 2.829000e+15 1.352000e+36
101 1.250000e+78 3.013000e+15 1.514000e+36
102 1.300000e+78 3.205000e+15 1.688000e+36
103 1.350000e+78 3.404000e+15 1.872000e+36
104 1.400000e+78 3.611000e+15 2.068000e+36
105 1.450000e+78 3.826000e+15 2.275000e+36
106 1.500000e+78 4.050000e+15 2.495000e+36
107 1.550000e+78 4.282000e+15 2.726000e+36
108 1.557000e+78 4.315000e+15 2.759000e+36
109 1.567000e+78 4.362000e+15 2.807000e+36
110 1.577000e+78 4.410000e+15 2.856000e+36
111 1.587000e+78 4.458000e+15 2.905000e+36
112 1.597000e+78 4.507000e+15 2.954000e+36
113 1.607000e+78 4.556000e+15 3.004000e+36
114 1.617000e+78 4.605000e+15 3.054000e+36
115 1.627000e+78 4.655000e+15 3.105000e+36
116 1.637000e+78 4.705000e+15 3.157000e+36
117 1.647000e+78 4.756000e+15 3.209000e+36
118 1.657000e+78 4.806000e+15 3.261000e+36
119 1.667000e+78 4.857000e+15 3.314000e+36
120 1.677000e+78 4.909000e+15 3.367000e+36
121 1.687000e+78 4.961000e+15 3.421000e+36
122 1.697000e+78 5.013000e+15 3.475000e+36
123 1.707000e+78 5.065000e+15 3.530000e+36
124 1.717000e+78 5.118000e+15 3.586000e+36
125 1.727000e+78 5.171000e+15 3.642000e+36
126 1.737000e+78 5.225000e+15 3.698000e+36
127 1.747000e+78 5.279000e+15 3.755000e+36
128 1.757000e+78 5.333000e+15 3.812000e+36
129 1.767000e+78 5.388000e+15 3.870000e+36
130 1.777000e+78 5.443000e+15 3.928000e+36
131 1.787000e+78 5.498000e+15 3.987000e+36
132 1.797000e+78 5.554000e+15 4.047000e+36
133 1.807000e+78 5.610000e+15 4.107000e+36
134 1.817000e+78 5.667000e+15 4.167000e+36
135 1.827000e+78 5.724000e+15 4.228000e+36
136 1.837000e+78 5.781000e+15 4.290000e+36
137 1.847000e+78 5.838000e+15 4.351000e+36
138 1.857000e+78 5.896000e+15 4.414000e+36
139 1.867000e+78 5.955000e+15 4.477000e+36
140 1.877000e+78 6.014000e+15 4.541000e+36
141 1.887000e+78 6.073000e+15 4.605000e+36
142 1.897000e+78 6.132000e+15 4.669000e+36
143 1.907000e+78 6.192000e+15 4.734000e+36
144 1.917000e+78 6.253000e+15 4.800000e+36
145 1.927000e+78 6.313000e+15 4.866000e+36
146 1.937000e+78 6.374000e+15 4.933000e+36
147 1.947000e+78 6.436000e+15 5.000000e+36
148 1.957000e+78 6.498000e+15 5.068000e+36
149 1.967000e+78 6.560000e+15 5.136000e+36
150 1.977000e+78 6.622000e+15 5.205000e+36
151 1.987000e+78 6.685000e+15 5.274000e+36
152 1.997000e+78 6.749000e+15 5.344000e+36
