pc	M	R	C	k2	j3
9.999999999999999799e-13	1.060386169938767192e-01	4.084896631370222764e+01	3.833127088881192312e-03	3.652597856465045526e-04	0.000000000000000000e+00
1.047370897959448749e-12	1.086358274777639854e-01	3.784332007554682065e+01	4.238908877441568621e-03	4.679432314576466843e-04	0.000000000000000000e+00
1.096985797892381920e-12	1.113428662776908690e-01	3.529039750984205881e+01	4.658821615948434240e-03	6.001250833483779681e-04	0.000000000000000000e+00
1.148951000187311009e-12	1.141609634898450298e-01	3.309789936647546682e+01	5.093161286663171194e-03	7.669028116701412249e-04	0.000000000000000000e+00
1.203377840777590522e-12	1.170918235747919200e-01	3.119688854610363293e+01	5.542242487438835130e-03	9.736071364386795048e-04	0.000000000000000000e+00
1.260382929679727463e-12	1.201376088384810137e-01	2.953482424373553883e+01	6.006407980090036104e-03	1.225706109015256258e-03	0.000000000000000000e+00
1.320088400831416649e-12	1.233009265425330375e-01	2.807096637853178578e+01	6.486033853339711816e-03	1.528751346636448346e-03	0.000000000000000000e+00
1.382622173764653478e-12	1.265847901712978674e-01	2.677325941721763769e+01	6.981528496279461836e-03	1.888304532947244433e-03	0.000000000000000000e+00
1.448118227674535917e-12	1.299925961989413514e-01	2.561614958341979076e+01	7.493332466665974211e-03	2.309863030990844546e-03	0.000000000000000000e+00
1.516716888470924089e-12	1.335281006284819993e-01	2.457902946522019150e+01	8.021917222922864132e-03	2.798801555568736915e-03	0.000000000000000000e+00
1.588565129428052692e-12	1.371954142484091421e-01	2.364510385919054158e+01	8.567785880553485667e-03	3.360326576691009468e-03	0.000000000000000000e+00
1.663816886076127415e-12	1.409989939628113198e-01	2.280055514780573489e+01	9.131472754441549017e-03	3.999395351178551723e-03	0.000000000000000000e+00
1.742633386009647278e-12	1.449436413679275615e-01	2.203391713461070012e+01	9.713543535068350568e-03	4.720693055862538318e-03	0.000000000000000000e+00
1.825183494319046040e-12	1.490345033108951001e-01	2.133560009662009094e+01	1.031459539953245852e-02	5.528578549804611698e-03	0.000000000000000000e+00
1.911644075385703708e-12	1.532770561441066937e-01	2.069752855789569423e+01	1.093525450672099691e-02	6.427054044643290553e-03	0.000000000000000000e+00
2.002200371815584363e-12	1.576770637594722413e-01	2.011286189974390837e+01	1.157616977218443866e-02	7.419696491660872535e-03	0.000000000000000000e+00
2.097046401323230665e-12	1.622405846817286390e-01	1.957576722866352270e+01	1.223801399554849505e-02	8.509649563501506947e-03	0.000000000000000000e+00
2.196385372416542332e-12	1.669739713216185917e-01	1.908124173884908004e+01	1.292148351927094319e-02	9.699579470433353570e-03	0.000000000000000000e+00
2.300430119772921506e-12	1.718838690390559476e-01	1.862497117213715825e+01	1.362729779973887757e-02	1.099166927046386910e-02	0.000000000000000000e+00
2.409403560239526876e-12	1.769772129696200735e-01	1.820321634258910137e+01	1.435619854481822236e-02	1.238756059213221364e-02	0.000000000000000000e+00
2.523539170434765862e-12	1.822612271417322904e-01	1.781272091072788299e+01	1.510894922054048170e-02	1.388836818150859451e-02	0.000000000000000000e+00
2.643081486974102692e-12	1.877434188862384390e-01	1.745063656420865783e+01	1.588633379769101642e-02	1.549465615434646344e-02	0.000000000000000000e+00
2.768286630392061017e-12	1.934315750146703150e-01	1.711446128014980772e+01	1.668915583483299853e-02	1.720640876046618251e-02	0.000000000000000000e+00
2.899422853882880921e-12	1.993337546341917288e-01	1.680198845368361660e+01	1.751823711152486820e-02	1.902303122915990213e-02	0.000000000000000000e+00
3.036771118035460378e-12	2.054582694854960034e-01	1.651126506289073248e+01	1.837441459752073292e-02	2.094335278554497470e-02	0.000000000000000000e+00
3.180625692794118977e-12	2.118134692536693675e-01	1.624056436707792273e+01	1.925851035553059407e-02	2.296553264098396066e-02	0.000000000000000000e+00
3.331294787934670055e-12	2.184077893168378248e-01	1.598835005140340115e+01	2.017133814773594547e-02	2.508708918061592838e-02	0.000000000000000000e+00
3.489101213406766494e-12	2.252499432916060529e-01	1.575324281549258565e+01	2.111372974060015881e-02	2.730496157802715998e-02	0.000000000000000000e+00
3.654383070957261569e-12	2.323489235026417188e-01	1.553400082429906348e+01	2.208653439091559992e-02	2.961553696378522657e-02	0.000000000000000000e+00
3.827494478516314936e-12	2.397139925223835955e-01	1.532950311876775729e+01	2.309061723563363491e-02	3.201464812538130228e-02	0.000000000000000000e+00
4.008806328898464320e-12	2.473546723732740482e-01	1.513873525153964827e+01	2.412685750910174842e-02	3.449761012333084353e-02	0.000000000000000000e+00
4.198707084443905621e-12	2.552807312814229790e-01	1.496077681359544798e+01	2.519614657718187781e-02	3.705923739754400648e-02	0.000000000000000000e+00
4.397603609302712498e-12	2.635021674338829945e-01	1.479479057836511480e+01	2.629938572677735856e-02	3.969383287883095079e-02	0.000000000000000000e+00
4.605922041145112927e-12	2.720291895134309135e-01	1.464001301227773055e+01	2.743748371891861423e-02	4.239526787480989850e-02	0.000000000000000000e+00
4.824108704165373984e-12	2.808721938620244440e-01	1.449574595887092876e+01	2.861135409554836986e-02	4.515694972647247424e-02	0.000000000000000000e+00
5.052631065335679604e-12	2.900417379452629452e-01	1.436134932580420731e+01	2.982191223033648503e-02	4.797189643447419272e-02	0.000000000000000000e+00
5.291978735958436557e-12	2.995484361772350890e-01	1.423623556256320910e+01	3.107006244874452316e-02	5.083270208592906292e-02	0.000000000000000000e+00
5.542664520663095602e-12	3.094024402159745168e-01	1.411986908817668152e+01	3.235663124279420516e-02	5.373144106879609860e-02	0.000000000000000000e+00
5.805225516094907684e-12	3.196137781751451357e-01	1.401175487274192655e+01	3.368241302463571840e-02	5.665985758320820492e-02	0.000000000000000000e+00
6.080224261649427052e-12	3.301926295778546128e-01	1.391143120377783404e+01	3.504820638392373844e-02	5.960946278929666470e-02	0.000000000000000000e+00
6.368249944718585906e-12	3.411493030971606277e-01	1.381846704155517536e+01	3.645481145767559550e-02	6.257159406408170643e-02	0.000000000000000000e+00
6.669919663030115058e-12	3.524942092860346987e-01	1.373245951982391944e+01	3.790302696180446185e-02	6.553747446677679611e-02	0.000000000000000000e+00
6.985879746785234820e-12	3.642378297586371105e-01	1.365303160452258169e+01	3.939364701646796280e-02	6.849821546920459303e-02	0.000000000000000000e+00
7.316807143427207274e-12	3.763906829600798254e-01	1.357982989312425737e+01	4.092745783358246736e-02	7.144492103124000515e-02	0.000000000000000000e+00
7.663410868007462274e-12	3.889632860532183933e-01	1.351252257407107393e+01	4.250523416364927060e-02	7.436865298778935762e-02	0.000000000000000000e+00
8.026433522257174683e-12	4.019661130388293424e-01	1.345079752754194757e+01	4.412773555866749547e-02	7.726052069878908135e-02	0.000000000000000000e+00
8.406652885618316356e-12	4.154095481800699763e-01	1.339436056062993075e+01	4.579570236390780036e-02	8.011170982286602849e-02	0.000000000000000000e+00
8.804883581643446547e-12	4.293038360772761797e-01	1.334293377510870293e+01	4.750985158087506904e-02	8.291350803550395776e-02	0.000000000000000000e+00
9.221978823334340144e-12	4.436590267017611611e-01	1.329625405103103475e+01	4.927087246015843941e-02	8.565734905168458091e-02	0.000000000000000000e+00
9.658832241158709141e-12	4.584847308359286666e-01	1.325407214574014425e+01	5.107939932568483776e-02	8.833482355637170547e-02	0.000000000000000000e+00
1.011637979766206976e-11	4.737894920909251351e-01	1.321615250106263240e+01	5.293593863988695775e-02	9.093760624170697804e-02	0.000000000000000000e+00
1.059560179277614774e-11	4.895813312384375005e-01	1.318226995380831035e+01	5.484093906707444149e-02	9.345765215102321000e-02	0.000000000000000000e+00
1.109752496412069864e-11	5.058678955013697909e-01	1.315220851306454364e+01	5.679481218042983087e-02	9.588728417674251270e-02	0.000000000000000000e+00
1.162322468679854125e-11	5.226563982100657091e-01	1.312576075725867675e+01	5.879792801142409708e-02	9.821913962734911407e-02	0.000000000000000000e+00
1.217382727739662020e-11	5.399535584146779588e-01	1.310272728030265021e+01	6.085061066243274003e-02	1.004463574174643964e-01	0.000000000000000000e+00
1.275051240713012859e-11	5.577655340403399054e-01	1.308291607804422618e+01	6.295313376915248615e-02	1.025624492708941821e-01	0.000000000000000000e+00
1.335451562929897339e-11	5.760978555070517260e-01	1.306614200894475708e+01	6.510571603162068621e-02	1.045614159253310527e-01	0.000000000000000000e+00
1.398713102647241439e-11	5.949553564436790287e-01	1.305222626414971643e+01	6.730851672060741975e-02	1.064377187126738372e-01	0.000000000000000000e+00
1.464971398307287854e-11	6.143421013244931839e-01	1.304099583762982029e+01	6.956163121179362308e-02	1.081863366678505051e-01	0.000000000000000000e+00
1.534368408930013065e-11	6.342613098005953631e-01	1.303228302421741702e+01	7.186508640048031027e-02	1.098027587906535846e-01	0.000000000000000000e+00
1.607052818261638620e-11	6.547152859807719993e-01	1.302592506865707378e+01	7.421883622608543840e-02	1.112829987379914121e-01	0.000000000000000000e+00
1.683180353330955093e-11	6.757053374445506355e-01	1.302176361399229165e+01	7.662275748297112110e-02	1.126236277302038041e-01	0.000000000000000000e+00
1.762914118095944293e-11	6.972316591747502734e-01	1.301964438308936778e+01	7.907664074753202599e-02	1.138217434010950491e-01	0.000000000000000000e+00
1.846424942895546448e-11	7.192927511063094137e-01	1.301941692278610851e+01	8.158012828603558586e-02	1.148749991405519782e-01	0.000000000000000000e+00
1.933891750455232057e-11	7.418858095674577546e-01	1.302093468080796868e+01	8.413276050930997008e-02	1.157816227882342702e-01	0.000000000000000000e+00
2.025501939230666486e-11	7.650072760180346432e-01	1.302405535086139210e+01	8.673403832320336626e-02	1.165405109814404427e-01	0.000000000000000000e+00
2.121451784910627571e-11	7.886528159697262508e-01	1.302864110970719302e+01	8.938342095712381585e-02	1.171511582638065513e-01	0.000000000000000000e+00
2.221946860939528424e-11	8.128172827135127232e-01	1.303455872247433689e+01	9.208032243762552527e-02	1.176136632377745017e-01	0.000000000000000000e+00
2.327202478960412005e-11	8.374946825151271534e-01	1.304167957809100109e+01	9.482410832056234473e-02	1.179287393079670315e-01	0.000000000000000000e+00
2.437444150122221807e-11	8.626781394492742949e-01	1.304987970775559525e+01	9.761409217279434780e-02	1.180976517947988219e-01	0.000000000000000000e+00
2.552908068239516723e-11	8.883598644988943693e-01	1.305903969144834598e+01	1.004495330789227509e-01	1.181221921586406848e-01	0.000000000000000000e+00
2.673841615839943880e-11	9.145311231523350903e-01	1.306904463167373009e+01	1.033296322677210027e-01	1.180047428840433621e-01	0.000000000000000000e+00
2.800503894183625342e-11	9.411822081857572631e-01	1.307978401594215967e+01	1.062535309651402998e-01	1.177480630366189857e-01	0.000000000000000000e+00
2.933166278390048099e-11	9.683024101376793702e-01	1.309115170153921603e+01	1.092203068473881628e-01	1.173554496958360560e-01	0.000000000000000000e+00
3.072112998861759207e-11	9.958799968126756941e-01	1.310304572905076625e+01	1.122289727024947809e-01	1.168305855079526390e-01	0.000000000000000000e+00
3.217641750250735458e-11	1.023902183401643962e+00	1.311536827647250369e+01	1.152784727478847193e-01	1.161775732081928025e-01	0.000000000000000000e+00
3.370064329271925032e-11	1.052352819742462309e+00	1.312802420115956004e+01	1.183674346772086994e-01	1.154009287015143187e-01	0.000000000000000000e+00
3.529707302730657668e-11	1.081206370066453593e+00	1.314091529449802920e+01	1.214935479615281699e-01	1.145056451381301077e-01	0.000000000000000000e+00
3.696912707195032437e-11	1.110429272220614161e+00	1.315393612936284029e+01	1.246537672186271289e-01	1.134971260575358548e-01	0.000000000000000000e+00
3.872038781812557004e-11	1.139980481870909390e+00	1.316697199762940684e+01	1.278444086723811990e-01	1.123810590899121803e-01	0.000000000000000000e+00
4.055460735840827506e-11	1.169811618994559543e+00	1.317989792093213985e+01	1.310611936520633403e-01	1.111634378586117688e-01	0.000000000000000000e+00
4.247571552536894126e-11	1.199867215296652523e+00	1.319257843411831566e+01	1.342992963288192065e-01	1.098505449286272528e-01	0.000000000000000000e+00
4.448782831127576069e-11	1.230085058637796269e+00	1.320486799918150744e+01	1.375533951082709982e-01	1.084488531852214888e-01	0.000000000000000000e+00
4.659525668664686662e-11	1.260396644593385851e+00	1.321661178279561710e+01	1.408177302400305531e-01	1.069651073456259344e-01	0.000000000000000000e+00
4.880251583654433574e-11	1.290727707053943352e+00	1.322764691796981040e+01	1.440861622255739660e-01	1.054062326662543458e-01	0.000000000000000000e+00
5.111433483440165318e-11	1.320998831401790419e+00	1.323780403467198674e+01	1.473522326985007846e-01	1.037793555118446676e-01	0.000000000000000000e+00
5.353566677410718816e-11	1.351126202942253940e+00	1.324690872269914621e+01	1.506092367773574081e-01	1.020915742396084347e-01	0.000000000000000000e+00
5.607169938205469661e-11	1.381022288210947968e+00	1.325478389300248772e+01	1.538502730480011405e-01	1.003503067306509566e-01	0.000000000000000000e+00
5.872786613189488850e-11	1.410598852593377917e+00	1.326125224217197207e+01	1.570685467171896721e-01	9.856274821059000935e-02	0.000000000000000000e+00
6.150985788580503926e-11	1.439777113672739972e+00	1.326614560317652547e+01	1.602583774127244454e-01	9.673559483662225178e-02	0.000000000000000000e+00
6.442363508721370414e-11	1.468490283317507972e+00	1.326931552317305751e+01	1.634153284688281971e-01	9.487515849899703924e-02	0.000000000000000000e+00
6.747544053110686101e-11	1.496683058725853721e+00	1.327063728938122544e+01	1.665360649456353592e-01	9.298747869155479795e-02	0.000000000000000000e+00
7.067181273927477085e-11	1.524311066892798383e+00	1.327001173746865703e+01	1.696182314892004106e-01	9.107827081893303534e-02	0.000000000000000000e+00
7.401959996915652408e-11	1.551340253462307750e+00	1.326736540094827355e+01	1.726603457280641019e-01	8.915300173311477283e-02	0.000000000000000000e+00
7.752597488629464062e-11	1.577746195227382575e+00	1.326264991013058570e+01	1.756616956788575323e-01	8.721684290335800227e-02	0.000000000000000000e+00
8.119844993184008328e-11	1.603513395012128306e+00	1.325584083785126133e+01	1.786222461733158740e-01	8.527466743137777916e-02	0.000000000000000000e+00
8.504489341802668113e-11	1.628634542575302380e+00	1.324693633347175492e+01	1.815425484728450944e-01	8.333104263097827757e-02	0.000000000000000000e+00
8.907354638610458163e-11	1.653111318653888162e+00	1.323595419394816730e+01	1.844238478501323830e-01	8.139006062528889029e-02	0.000000000000000000e+00
9.329304026284695888e-11	1.676952377126542437e+00	1.322292458863021203e+01	1.872679444134734139e-01	7.945532444148840912e-02	0.000000000000000000e+00
9.771241535346501225e-11	1.700164975384640176e+00	1.320788427637699414e+01	1.900763330933746276e-01	7.753023910080754366e-02	0.000000000000000000e+00
1.023411402105452712e-10	1.722753886516572353e+00	1.319087316322810288e+01	1.928501269009315622e-01	7.561811257495092142e-02	0.000000000000000000e+00
1.071891319205126445e-10	1.744721535402146140e+00	1.317193229227638085e+01	1.955900992489819912e-01	7.372199865522824358e-02	0.000000000000000000e+00
1.122667773510811312e-10	1.766068142513259165e+00	1.315110277749637646e+01	1.982967149983673738e-01	7.184477141865727723e-02	0.000000000000000000e+00
1.175849554052158201e-10	1.786792001539881714e+00	1.312842485059279518e+01	2.009701757078671824e-01	6.998903848403063843e-02	0.000000000000000000e+00
1.231550603292826197e-10	1.806889696426422498e+00	1.310393741123228928e+01	2.036104512106478026e-01	6.815719575882199510e-02	0.000000000000000000e+00
1.289890261253308184e-10	1.826356292537301140e+00	1.307767776693442308e+01	2.062173056009496130e-01	6.635139901099400273e-02	0.000000000000000000e+00
1.350993521198024986e-10	1.845184979334843600e+00	1.304968267735827325e+01	2.087902404048967153e-01	6.457362674877141495e-02	0.000000000000000000e+00
1.414991297434578731e-10	1.863368028125485187e+00	1.301998946350232700e+01	2.113285833804440794e-01	6.282569942615408298e-02	0.000000000000000000e+00
1.482020705798860072e-10	1.880898532368675768e+00	1.298863587669243636e+01	2.138316861925975143e-01	6.110917833348637751e-02	0.000000000000000000e+00
1.552225357427047968e-10	1.897770744165239387e+00	1.295566028448874896e+01	2.162989596902298584e-01	5.942537466095872828e-02	0.000000000000000000e+00
1.625755666443793407e-10	1.913980060545922290e+00	1.292110207974747027e+01	2.187298658417636266e-01	5.777538395594714049e-02	0.000000000000000000e+00
1.702769172225897821e-10	1.929523003868759412e+00	1.288500189363242221e+01	2.211239119396183062e-01	5.616012390471228355e-02	0.000000000000000000e+00
1.783430876931905687e-10	1.944397320388872030e+00	1.284740141812800829e+01	2.234806650131593575e-01	5.458029632170521145e-02	0.000000000000000000e+00
1.867913599020784805e-10	1.958601853505801627e+00	1.280834366782231015e+01	2.257997331431680910e-01	5.303647788344554442e-02	0.000000000000000000e+00
1.956398343517064725e-10	1.972136590185228577e+00	1.276787276536115279e+01	2.280807748555478964e-01	5.152906169566329186e-02	0.000000000000000000e+00
2.049074689815846066e-10	1.985002705615297680e+00	1.272603329841429698e+01	2.303235166320685978e-01	5.005831150848206318e-02	0.000000000000000000e+00
2.146141197858401440e-10	1.997202132553784315e+00	1.268287039042568232e+01	2.325277031803480998e-01	4.862437586019238700e-02	0.000000000000000000e+00
2.247805833548729991e-10	2.008737282571843252e+00	1.263842982414049310e+01	2.346930634973223018e-01	4.722729137048080339e-02	0.000000000000000000e+00
2.354286414322420067e-10	2.019611061956594344e+00	1.259275775383973617e+01	2.368193184265648121e-01	4.586701156042309602e-02	0.000000000000000000e+00
2.465811075822603842e-10	2.029826835295334142e+00	1.254590061969550518e+01	2.389061786926161279e-01	4.454341620271895508e-02	0.000000000000000000e+00
2.582618760682674929e-10	2.039388502882746756e+00	1.249790491220708510e+01	2.409533593391187944e-01	4.325629981594195095e-02	0.000000000000000000e+00
2.704959730463131364e-10	2.048300393960177601e+00	1.244881727985836051e+01	2.429605662138072386e-01	4.200539121277910987e-02	0.000000000000000000e+00
2.833096101839318258e-10	2.056567395640022333e+00	1.239868425465122037e+01	2.449275176703153978e-01	4.079035530477303356e-02	0.000000000000000000e+00
2.967302408188872501e-10	2.064194858290553380e+00	1.234755244180809264e+01	2.468539310717124957e-01	3.961079271664884327e-02	0.000000000000000000e+00
3.107866187782014063e-10	2.071188625803315198e+00	1.229546857749907929e+01	2.487395264751682544e-01	3.846627516306845573e-02	0.000000000000000000e+00
3.255088599835056406e-10	2.077555064393675099e+00	1.224247933068941130e+01	2.505840354446483564e-01	3.735630182948282418e-02	0.000000000000000000e+00
3.409285069746807543e-10	2.083301025264417738e+00	1.218863130008611151e+01	2.523871982520060619e-01	3.628036609762178705e-02	0.000000000000000000e+00
3.570785964900469852e-10	2.088433908657851834e+00	1.213397088102098387e+01	2.541487760972746535e-01	3.523788893421945373e-02	0.000000000000000000e+00
3.739937302478801677e-10	2.092961608716483735e+00	1.207854430341964225e+01	2.558685456088920507e-01	3.422828426300866811e-02	0.000000000000000000e+00
3.917101490809260641e-10	2.096892521405192777e+00	1.202239759214865344e+01	2.575463025944990103e-01	3.325092544436190900e-02	0.000000000000000000e+00
4.102658105827190344e-10	2.100235547385396639e+00	1.196557651138392053e+01	2.591818656770681351e-01	3.230517312987249423e-02	0.000000000000000000e+00
4.297004704320835313e-10	2.103000053963492100e+00	1.190812654324679087e+01	2.607750742772288466e-01	3.139036081030509989e-02	0.000000000000000000e+00
4.500557675700488183e-10	2.105195870997634167e+00	1.185009260457810321e+01	2.623257966000823727e-01	3.050580344227859023e-02	0.000000000000000000e+00
4.713753134116729086e-10	2.106833187517081374e+00	1.179151930637683243e+01	2.638339135148037307e-01	2.965080902609799895e-02	0.000000000000000000e+00
4.937047852839003559e-10	2.107922511469247695e+00	1.173245101361238696e+01	2.652993142117673342e-01	2.882468079753658027e-02	0.000000000000000000e+00
5.170920242896755486e-10	2.108474652491223011e+00	1.167293177036352425e+01	2.667218976735301617e-01	2.802672394298327471e-02	0.000000000000000000e+00
5.415871378079465267e-10	2.108500740740662405e+00	1.161300520489128729e+01	2.681015792928920227e-01	2.725622563265083995e-02	0.000000000000000000e+00
5.672426068491988835e-10	2.108012134326038733e+00	1.155271459974222559e+01	2.694382796715490413e-01	2.651252094503367060e-02	0.000000000000000000e+00
5.941133984965039838e-10	2.107020518659192376e+00	1.149210270942936063e+01	2.707319436149101533e-01	2.579482720914223412e-02	0.000000000000000000e+00
6.222570836730231313e-10	2.105537791325808428e+00	1.143121187835000008e+01	2.719825249932339983e-01	2.510252940679724362e-02	0.000000000000000000e+00
6.517339604882420571e-10	2.103576113211638177e+00	1.137008393069402956e+01	2.731899980927306459e-01	2.443491129603092213e-02	0.000000000000000000e+00
6.826071834272379248e-10	2.101147904471790451e+00	1.130876014553376585e+01	2.743543601184466052e-01	2.379128482153962040e-02	0.000000000000000000e+00
7.149428986597561750e-10	2.098265744836270041e+00	1.124728134689526904e+01	2.754756183962098204e-01	2.317108689008879827e-02	0.000000000000000000e+00
7.488103857590030225e-10	2.094942490097076782e+00	1.118568773545490913e+01	2.765538119997409394e-01	2.257331454125956899e-02	0.000000000000000000e+00
7.842822061337681836e-10	2.091191127858718080e+00	1.112401901335068821e+01	2.775889922407749899e-01	2.199769522791860527e-02	0.000000000000000000e+00
8.214343584919422200e-10	2.087024832811490871e+00	1.106231431628008011e+01	2.785812338895461426e-01	2.144330794887218741e-02	0.000000000000000000e+00
8.603464416684491388e-10	2.082456948565755805e+00	1.100061216883983484e+01	2.795306363275553707e-01	2.090967425623371789e-02	0.000000000000000000e+00
9.011018251665036851e-10	2.078377655244519229e+00	1.094957619608358357e+01	2.802834080368513670e-01	2.048336734288157962e-02	0.000000000000000000e+00
9.437878277775391497e-10	2.075113854422620197e+00	1.091180092666026447e+01	2.808120440707378429e-01	2.017801499289657158e-02	0.000000000000000000e+00
9.884959046625586031e-10	2.071636290867912678e+00	1.087472430351861696e+01	2.812972522182612400e-01	1.988825775030421059e-02	0.000000000000000000e+00
1.035321843295661502e-09	2.067917472638590493e+00	1.083823888631591537e+01	2.817375403000229039e-01	1.961325837339039299e-02	0.000000000000000000e+00
1.084365968689608688e-09	2.063942990490902130e+00	1.080226351358024672e+01	2.821325309494528422e-01	1.935220385159086565e-02	0.000000000000000000e+00
1.135733358343102889e-09	2.059705817607339284e+00	1.076673449643779001e+01	2.824824212398116541e-01	1.910430750124180593e-02	0.000000000000000000e+00
1.189534067370320724e-09	2.055203764643849684e+00	1.073160106782996337e+01	2.827877560845589167e-01	1.886884238405906258e-02	0.000000000000000000e+00
1.245883364295008068e-09	2.050437940047767693e+00	1.069682262341005341e+01	2.830492900296634473e-01	1.864512670224272375e-02	0.000000000000000000e+00
1.304901978014401580e-09	2.045411819857281710e+00	1.066236673527705570e+01	2.832679112510449460e-01	1.843254110839371435e-02	0.000000000000000000e+00
1.366716356462010101e-09	2.040130664831604435e+00	1.062820759861607556e+01	2.834446015735279656e-01	1.823050375598679607e-02	0.000000000000000000e+00
1.431458937523481393e-09	2.034601001741053405e+00	1.059432498864893191e+01	2.835803916104880917e-01	1.803848464569277402e-02	0.000000000000000000e+00
1.499268432786047049e-09	2.028830319335803267e+00	1.056070332607616891e+01	2.836763426041571390e-01	1.785599725252010744e-02	0.000000000000000000e+00
1.570290124729377524e-09	2.022826780157795046e+00	1.052733097274191110e+01	2.837335243088212056e-01	1.768259796081964735e-02	0.000000000000000000e+00
1.644676177994662829e-09	2.016599100784958853e+00	1.049419957854798824e+01	2.837530150572153409e-01	1.751786098494474003e-02	0.000000000000000000e+00
1.722585965398783835e-09	2.010156321117643419e+00	1.046130365225131875e+01	2.837358803235296434e-01	1.736138929395511857e-02	0.000000000000000000e+00
1.804186409392068039e-09	2.003507737167058433e+00	1.042864010905339178e+01	2.836831748418188193e-01	1.721284901780410770e-02	0.000000000000000000e+00
1.889652339691211477e-09	1.996662784508436816e+00	1.039620793142317368e+01	2.835959348088512577e-01	1.707190087639707393e-02	0.000000000000000000e+00
1.979166867853557524e-09	1.989630983404344411e+00	1.036400786108753813e+01	2.834751779832925811e-01	1.693824212383161776e-02	0.000000000000000000e+00
2.072921779595369695e-09	1.982421861531020291e+00	1.033204218586284995e+01	2.833218980675984988e-01	1.681158585922501794e-02	0.000000000000000000e+00
2.171117945694509622e-09	1.975044919085800821e+00	1.030031443631498078e+01	2.831370676063921232e-01	1.669166953549874183e-02	0.000000000000000000e+00
2.273965752357932151e-09	1.967509593691672665e+00	1.026882930894435120e+01	2.829216347055893421e-01	1.657824515971005608e-02	0.000000000000000000e+00
2.381685551976160644e-09	1.959825218554738235e+00	1.023759240564491257e+01	2.826765238372926925e-01	1.647108628989085027e-02	0.000000000000000000e+00
2.494508135230316413e-09	1.952001014331605777e+00	1.020661014730450233e+01	2.824026367275878635e-01	1.636998264214228546e-02	0.000000000000000000e+00
2.612675225563326382e-09	1.944046053927413809e+00	1.017588964805330320e+01	2.821008504453660914e-01	1.627472780754530765e-02	0.000000000000000000e+00
2.736439997074666368e-09	1.935969266801651711e+00	1.014543859015724436e+01	2.817720211959999776e-01	1.618513632720226803e-02	0.000000000000000000e+00
2.866067616948244470e-09	1.927779411910215845e+00	1.011526514689689549e+01	2.814169822686068967e-01	1.610103728673520015e-02	0.000000000000000000e+00
3.001835813575592210e-09	1.919485078759671337e+00	1.008537788899240084e+01	2.810365465217070091e-01	1.602226557154098896e-02	0.000000000000000000e+00
3.144035471591500167e-09	1.911094684538291455e+00	1.005578575047132084e+01	2.806315066700964533e-01	1.594866630422731371e-02	0.000000000000000000e+00
3.292971255097148186e-09	1.902616453261803287e+00	1.002649788260033326e+01	2.802026360572656971e-01	1.588009888639724254e-02	0.000000000000000000e+00
3.448962260405766611e-09	1.894058440177460056e+00	9.997523725077448020e+00	2.797506900149286935e-01	1.581642639154674443e-02	0.000000000000000000e+00
3.612342699709437910e-09	1.885428502856687061e+00	9.968872817112764295e+00	2.792764066590999739e-01	1.575752491447497336e-02	0.000000000000000000e+00
3.783462617131932968e-09	1.876734319152921104e+00	9.940554874850000999e+00	2.787805071395687007e-01	1.570327411639668713e-02	0.000000000000000000e+00
3.962688638701478467e-09	1.867983380048364728e+00	9.912579691113494462e+00	2.782636971624624644e-01	1.565356951994274076e-02	0.000000000000000000e+00
4.150404757850472502e-09	1.859182998592801228e+00	9.884957113329681633e+00	2.777266687133692624e-01	1.560826924753504381e-02	0.000000000000000000e+00
4.347013158125017173e-09	1.850340295925135603e+00	9.857697028737803180e+00	2.771700981603198999e-01	1.556732188065967915e-02	0.000000000000000000e+00
4.552935074866938773e-09	1.841462232790835207e+00	9.830809316979628676e+00	2.765946520672143971e-01	1.553061463863775714e-02	0.000000000000000000e+00
4.768611697714474181e-09	1.832555581325675753e+00	9.804303838082851996e+00	2.760009830878103476e-01	1.549806037374559103e-02	0.000000000000000000e+00
4.994505115855140358e-09	1.823626941141445412e+00	9.778190427692784681e+00	2.753897322674194181e-01	1.546957546676530453e-02	0.000000000000000000e+00
5.231099308056257792e-09	1.814682752197286142e+00	9.752478868985146931e+00	2.747615315440430916e-01	1.544509050675532680e-02	0.000000000000000000e+00
5.478901179593956120e-09	1.805729276116066595e+00	9.727178826153240365e+00	2.741170025635811247e-01	1.542451401223601283e-02	0.000000000000000000e+00
5.738441648302404521e-09	1.796772627632802877e+00	9.702299967075992626e+00	2.734567577390694115e-01	1.540779358927932101e-02	0.000000000000000000e+00
6.010276782070388176e-09	1.787818753873459343e+00	9.677851763458027889e+00	2.727814024995455222e-01	1.539486059308659872e-02	0.000000000000000000e+00
6.294988990221888141e-09	1.778873445274442577e+00	9.653843624967525017e+00	2.720915329067504218e-01	1.538565107998240457e-02	0.000000000000000000e+00
6.593188271333541710e-09	1.769942362905320588e+00	9.630284844680293332e+00	2.713877411166568665e-01	1.538010487374170780e-02	0.000000000000000000e+00
6.905513520162316861e-09	1.761030983901879399e+00	9.607184575427170969e+00	2.706706074317282718e-01	1.537817832537969644e-02	0.000000000000000000e+00
7.232633896483518810e-09	1.752144679103091907e+00	9.584551812239920920e+00	2.699407124145731807e-01	1.537981094332489113e-02	0.000000000000000000e+00
7.575250258771920716e-09	1.743288681446317989e+00	9.562395405183986341e+00	2.691986314319503304e-01	1.538495315992316655e-02	0.000000000000000000e+00
7.934096665797492339e-09	1.734468054126620418e+00	9.540724089921788220e+00	2.684449285808996888e-01	1.539356520004005538e-02	0.000000000000000000e+00
8.309941949353386453e-09	1.725687764156808690e+00	9.519546382679356711e+00	2.676801707011683407e-01	1.540559943998437084e-02	0.000000000000000000e+00
8.703591361485183753e-09	1.716952633365851799e+00	9.498870661170926155e+00	2.669049172378350487e-01	1.542101637345495019e-02	0.000000000000000000e+00
9.115888299750837812e-09	1.708267372697368058e+00	9.478705114035090418e+00	2.661197266670735084e-01	1.543977769528741620e-02	0.000000000000000000e+00
9.547716114208065503e-09	1.699636563641448328e+00	9.459057738764041545e+00	2.653251533572488774e-01	1.546184870881836017e-02	0.000000000000000000e+00
1.000000000000000021e-08	1.691064678967244328e+00	9.439936346886254270e+00	2.645217503233371348e-01	1.548719444800449735e-02	0.000000000000000000e+00
