pc	M	R	C	k2	j3
9.999999999999999799e-13	1.152067654244985639e-01	4.005590120821240625e+14	4.246994623461453778e-16	-1.900225468326675075e-61	0.000000000000000000e+00
1.047370897959448749e-12	1.177986395253881186e-01	9.915487593571536896e+18	1.754269991072683087e-20	2.525541268551372262e-80	0.000000000000000000e+00
1.096985797892381920e-12	1.203845052994940434e-01	4.545136984852113818e+19	3.911054344951005463e-21	6.239418764783055894e-83	0.000000000000000000e+00
1.148951000187311009e-12	1.229905564466043377e-01	7.670457882563697705e+20	2.367667494505025322e-22	8.380145892764094845e-88	0.000000000000000000e+00
1.203377840777590522e-12	1.256460751137918053e-01	5.533590759848640346e+02	3.352834559547928240e-04	5.547684355102155439e-10	0.000000000000000000e+00
1.260382929679727463e-12	1.283776610338063229e-01	2.550741730642004370e+02	7.431786187122800232e-04	2.552022817121602994e-08	0.000000000000000000e+00
1.320088400831416649e-12	1.312086088254521832e-01	1.661130794089064864e+02	1.166349577968957317e-03	2.149481973559043715e-07	0.000000000000000000e+00
1.382622173764653478e-12	1.341585154520404943e-01	1.232542802322452928e+02	1.607261230555621055e-03	9.476436781225025455e-07	0.000000000000000000e+00
1.448118227674535917e-12	1.372425727502494530e-01	9.800805437742350534e+01	2.067746612275895429e-03	2.962369846474965143e-06	0.000000000000000000e+00
1.516716888470924089e-12	1.404699056494800036e-01	8.138046355713662194e+01	2.548785961504626812e-03	7.469049927885740165e-06	0.000000000000000000e+00
1.588565129428052692e-12	1.438461166756002108e-01	6.962156538600495992e+01	3.050876257827228426e-03	1.623832801516056156e-05	0.000000000000000000e+00
1.663816886076127415e-12	1.473761682853117760e-01	6.088205992284228074e+01	3.574441203528201921e-03	3.166762753354085137e-05	0.000000000000000000e+00
1.742633386009647278e-12	1.510644715184313036e-01	5.414425142341724495e+01	4.119838739436136252e-03	5.681751781114791115e-05	0.000000000000000000e+00
1.825183494319046040e-12	1.549148196750246564e-01	4.880178824972993823e+01	4.687350880351999483e-03	9.541309533842351931e-05	0.000000000000000000e+00
1.911644075385703708e-12	1.589302939904060630e-01	4.447087256403705169e+01	5.277172261117831463e-03	1.518094094558671166e-04	0.000000000000000000e+00
2.002200371815584363e-12	1.631131506938759690e-01	4.089670562595082970e+01	5.889397751549349004e-03	2.309180969935983885e-04	0.000000000000000000e+00
2.097046401323230665e-12	1.674649973167692540e-01	3.790329362651750245e+01	6.524050769377000465e-03	3.381057632836414269e-04	0.000000000000000000e+00
2.196385372416542332e-12	1.719876705698364094e-01	3.536472821695377888e+01	7.181203346397520629e-03	4.790933782564234049e-04	0.000000000000000000e+00
2.300430119772921506e-12	1.766836381449388427e-01	3.318848569779702729e+01	7.861024163638921300e-03	6.598530505263883704e-04	0.000000000000000000e+00
2.409403560239526876e-12	1.815561345506728486e-01	3.130510469690073450e+01	8.563789865102082455e-03	8.865044367086912175e-04	0.000000000000000000e+00
2.523539170434765862e-12	1.866092981426513697e-01	2.966146503781036614e+01	9.289897379556832230e-03	1.165227247803569564e-03	0.000000000000000000e+00
2.643081486974102692e-12	1.918483084069485534e-01	2.821628745473716648e+01	1.003987575035240713e-02	1.502178414848153072e-03	0.000000000000000000e+00
2.768286630392061017e-12	1.972794987464920879e-01	2.693704713525660921e+01	1.081439440959133455e-02	1.903438274174080493e-03	0.000000000000000000e+00
2.899422853882880921e-12	2.029099190180927159e-01	2.579789740726593905e+01	1.161419734715727486e-02	2.374911361421255720e-03	0.000000000000000000e+00
3.036771118035460378e-12	2.087466037953531195e-01	2.477816094703040406e+01	1.244000583038698537e-02	2.922196737670389784e-03	0.000000000000000000e+00
3.180625692794118977e-12	2.147963975086091548e-01	2.386110551019276471e+01	1.329249994411030832e-02	3.550474662652757830e-03	0.000000000000000000e+00
3.331294787934670055e-12	2.210658674197642226e-01	2.303303922837445583e+01	1.417231120984892984e-02	4.264402300834524429e-03	0.000000000000000000e+00
3.489101213406766494e-12	2.275612122246086222e-01	2.228264348534950656e+01	1.508001459501018618e-02	5.068015964083562482e-03	0.000000000000000000e+00
3.654383070957261569e-12	2.342881614474863483e-01	2.160047387520024742e+01	1.601611949731217288e-02	5.964630108785223296e-03	0.000000000000000000e+00
3.827494478516314936e-12	2.412518119656450466e-01	2.097858623016046664e+01	1.698105238119416993e-02	6.956739626365614736e-03	0.000000000000000000e+00
4.008806328898464320e-12	2.484566091763338036e-01	2.041023916060570187e+01	1.797515712062372831e-02	8.045956065993151857e-03	0.000000000000000000e+00
4.198707084443905621e-12	2.559070358417530056e-01	1.988962470615103939e+01	1.899878696036170350e-02	9.233059404290878611e-03	0.000000000000000000e+00
4.397603609302712498e-12	2.636078003331259190e-01	1.941170552850342190e+01	2.005232789988940778e-02	1.051803054940401300e-02	0.000000000000000000e+00
4.605922041145112927e-12	2.715638474240160138e-01	1.897209624139677331e+01	2.113619801289011446e-02	1.190005579648566701e-02	0.000000000000000000e+00
4.824108704165373984e-12	2.797803694783052020e-01	1.856696505625117766e+01	2.225084735222377513e-02	1.337767623271937829e-02	0.000000000000000000e+00
5.052631065335679604e-12	2.882628175504999835e-01	1.819295210120645834e+01	2.339675816757397220e-02	1.494830695767247926e-02	0.000000000000000000e+00
5.291978735958436557e-12	2.970168670632898911e-01	1.784710323831502166e+01	2.457443898368766658e-02	1.660924197429040905e-02	0.000000000000000000e+00
5.542664520663095602e-12	3.060481565101931811e-01	1.752682096284730662e+01	2.578438947129107692e-02	1.835670395800855295e-02	0.000000000000000000e+00
5.805225516094907684e-12	3.153622645205018671e-01	1.722981143304366469e+01	2.702709922403566736e-02	2.018633821785755650e-02	0.000000000000000000e+00
6.080224261649427052e-12	3.249647271340814214e-01	1.695403959283763839e+01	2.830305176127020581e-02	2.209318923130302453e-02	0.000000000000000000e+00
6.368249944718585906e-12	3.348610069679931467e-01	1.669769354744295597e+01	2.961272187510332124e-02	2.407173343746648458e-02	0.000000000000000000e+00
6.669919663030115058e-12	3.450564597819605339e-01	1.645915459061864539e+01	3.095657272725435560e-02	2.611595073691500707e-02	0.000000000000000000e+00
6.985879746785234820e-12	3.555562982183634868e-01	1.623697184243685498e+01	3.233505272930898428e-02	2.821932996022391560e-02	0.000000000000000000e+00
7.316807143427207274e-12	3.663655136630625253e-01	1.602984140797135382e+01	3.374858710955453561e-02	3.037507319332167360e-02	0.000000000000000000e+00
7.663410868007462274e-12	3.774886546827327938e-01	1.583659081389293810e+01	3.519755068821071170e-02	3.257557664458218816e-02	0.000000000000000000e+00
8.026433522257174683e-12	3.889300441877150960e-01	1.565615835972821834e+01	3.668229697127101813e-02	3.481353611978412615e-02	0.000000000000000000e+00
8.406652885618316356e-12	4.006938982224198531e-01	1.548757825666863219e+01	3.820317432858724022e-02	3.708106988191180176e-02	0.000000000000000000e+00
8.804883581643446547e-12	4.127842955427147298e-01	1.532997035965134280e+01	3.976052278332643103e-02	3.937024230925167956e-02	0.000000000000000000e+00
9.221978823334340144e-12	4.252051497010571612e-01	1.518253097550305775e+01	4.135467145102220826e-02	4.167303118673558460e-02	0.000000000000000000e+00
9.658832241158709141e-12	4.379601777116403083e-01	1.504452477314195669e+01	4.298593568477218629e-02	4.398139901918474148e-02	0.000000000000000000e+00
1.011637979766206976e-11	4.510528495849974173e-01	1.491527778283431616e+01	4.465461196315873016e-02	4.628730000920886628e-02	0.000000000000000000e+00
1.059560179277614774e-11	4.644861961171223297e-01	1.479417239283352714e+01	4.636095481726996287e-02	4.858273870133029276e-02	0.000000000000000000e+00
1.109752496412069864e-11	4.782628954159027779e-01	1.468064032088281401e+01	4.810518900231491174e-02	5.085983803984448631e-02	0.000000000000000000e+00
1.162322468679854125e-11	4.923853708032762122e-01	1.457415673633157027e+01	4.988752293192008636e-02	5.311087039203375715e-02	0.000000000000000000e+00
1.217382727739662020e-11	5.068557622830790477e-01	1.447423620737583860e+01	5.170814614198164516e-02	5.532834162591403898e-02	0.000000000000000000e+00
1.275051240713012859e-11	5.216758948277858687e-01	1.438042904847556436e+01	5.356722651575298449e-02	5.750500113716934536e-02	0.000000000000000000e+00
1.335451562929897339e-11	5.368472449739529750e-01	1.429231802374131988e+01	5.546490742493765530e-02	5.963387909705876455e-02	0.000000000000000000e+00
1.398713102647241439e-11	5.523708999793148777e-01	1.420951540905214472e+01	5.740130402902356849e-02	6.170829837297329284e-02	0.000000000000000000e+00
1.464971398307287854e-11	5.682474188474656573e-01	1.413166080266751656e+01	5.937648741118133761e-02	6.372195408549570506e-02	0.000000000000000000e+00
1.534368408930013065e-11	5.844768491596612492e-01	1.405841837375628600e+01	6.139048791513384423e-02	6.566882686015072801e-02	0.000000000000000000e+00
1.607052818261638620e-11	6.010588099252777150e-01	1.398947424776303272e+01	6.344330647419714475e-02	6.754333139823262555e-02	0.000000000000000000e+00
1.683180353330955093e-11	6.179924663611535696e-01	1.392453465106386545e+01	6.553491276050857350e-02	6.934027158021963122e-02	0.000000000000000000e+00
1.762914118095944293e-11	6.352764960244524639e-01	1.386332430019475481e+01	6.766524209044577631e-02	7.105487816653445476e-02	0.000000000000000000e+00
1.846424942895546448e-11	6.529090585207709685e-01	1.380558486795984052e+01	6.983419303497846731e-02	7.268279609776161221e-02	0.000000000000000000e+00
1.933891750455232057e-11	6.708877602120083550e-01	1.375107362200340511e+01	7.204162433786431841e-02	7.422011425952466934e-02	0.000000000000000000e+00
2.025501939230666486e-11	6.892095419392385569e-01	1.369956238062274778e+01	7.428734246476245695e-02	7.566335201419037426e-02	0.000000000000000000e+00
2.121451784910627571e-11	7.078706437068231772e-01	1.365083633054761414e+01	7.657109846017801091e-02	7.700943433085372103e-02	0.000000000000000000e+00
2.221946860939528424e-11	7.268666792631029994e-01	1.360469269687112792e+01	7.889259822434048497e-02	7.825577493591483191e-02	0.000000000000000000e+00
2.327202478960412005e-11	7.461926158542251386e-01	1.356093983092711319e+01	8.125150107167106173e-02	7.940020942187583919e-02	0.000000000000000000e+00
2.437444150122221807e-11	7.658427487535345302e-01	1.351939639362357859e+01	8.364741760496531564e-02	8.044100285982702658e-02	0.000000000000000000e+00
2.552908068239516723e-11	7.858106753381405296e-01	1.347989058019914843e+01	8.607990768323195430e-02	8.137684547558275694e-02	0.000000000000000000e+00
2.673841615839943880e-11	8.060892739595908463e-01	1.344225947384092912e+01	8.854847847376819125e-02	8.220685906297102441e-02	0.000000000000000000e+00
2.800503894183625342e-11	8.266706772278212823e-01	1.340634839290733282e+01	9.105258223549975161e-02	8.293057509594704835e-02	0.000000000000000000e+00
2.933166278390048099e-11	8.475463064543606873e-01	1.337201035221114509e+01	9.359162039569536573e-02	8.354785205392493974e-02	0.000000000000000000e+00
3.072112998861759207e-11	8.687069102395942322e-01	1.333910558374747879e+01	9.616494798857481985e-02	8.405937338253804958e-02	0.000000000000000000e+00
3.217641750250735458e-11	8.901425597682078861e-01	1.330750115173604264e+01	9.877187286999782045e-02	8.446528434218641967e-02	0.000000000000000000e+00
3.370064329271925032e-11	9.118426372037666816e-01	1.327707059491547170e+01	1.014116540638128339e-01	8.476673108196683404e-02	0.000000000000000000e+00
3.529707302730657668e-11	9.337958286485921189e-01	1.324769356941821918e+01	1.040835006933351486e-01	8.496540388302208091e-02	0.000000000000000000e+00
3.696912707195032437e-11	9.559901235436462086e-01	1.321925553877320780e+01	1.067865713571703734e-01	8.506285160931503775e-02	0.000000000000000000e+00
3.872038781812557004e-11	9.784128519344703623e-01	1.319164742498755771e+01	1.095199781363318248e-01	8.506108530644197752e-02	0.000000000000000000e+00
4.055460735840827506e-11	1.001050752376499542e+00	1.316476530206303153e+01	1.122827938653396251e-01	8.496238640770201189e-02	0.000000000000000000e+00
4.247571552536894126e-11	1.023889940095435547e+00	1.313851027057036269e+01	1.150740467929315114e-01	8.476931102697331244e-02	0.000000000000000000e+00
4.448782831127576069e-11	1.046915909566011882e+00	1.311278824943834564e+01	1.178927196749807865e-01	8.448463675014251939e-02	0.000000000000000000e+00
4.659525668664686662e-11	1.070113545588669002e+00	1.308750981983474482e+01	1.207377493287541265e-01	8.411137296170656530e-02	0.000000000000000000e+00
4.880251583654433574e-11	1.093467133895632548e+00	1.306258998066557275e+01	1.236080269014410427e-01	8.365270986932842046e-02	0.000000000000000000e+00
5.111433483440165318e-11	1.116960380115985751e+00	1.303794804794715390e+01	1.265023977553751677e-01	8.311202882616657017e-02	0.000000000000000000e+00
5.353566677410718816e-11	1.140576274205192364e+00	1.301350754991285541e+01	1.294196437413375755e-01	8.249284597480130432e-02	0.000000000000000000e+00
5.607169938205469661e-11	1.164296717946750270e+00	1.298919610364564114e+01	1.323584384216680288e-01	8.179883913110395921e-02	0.000000000000000000e+00
5.872786613189488850e-11	1.188102537503685330e+00	1.296494472401438536e+01	1.353173514999131410e-01	8.103378788952421419e-02	0.000000000000000000e+00
6.150985788580503926e-11	1.211973527685483498e+00	1.294068732383715137e+01	1.382948555941716784e-01	8.020156186933968812e-02	0.000000000000000000e+00
6.442363508721370414e-11	1.235888496840599426e+00	1.291636050570863503e+01	1.412893304371599656e-01	7.930610995114742434e-02	0.000000000000000000e+00
6.747544053110686101e-11	1.259825318535823691e+00	1.289190329297197302e+01	1.442990686531313571e-01	7.835142334723799173e-02	0.000000000000000000e+00
7.067181273927477085e-11	1.283761000596322921e+00	1.286725698328922540e+01	1.473222823478468335e-01	7.734154533533138531e-02	0.000000000000000000e+00
7.401959996915652408e-11	1.307672738992799566e+00	1.284236430646673810e+01	1.503572311478586498e-01	7.628049164560052331e-02	0.000000000000000000e+00
7.752597488629464062e-11	1.331540075552882341e+00	1.281716914860710155e+01	1.534024731225225591e-01	7.517218350305293617e-02	0.000000000000000000e+00
8.119844993184008328e-11	1.355344700288219295e+00	1.279161935749496770e+01	1.564568093651816927e-01	7.402049438991711861e-02	0.000000000000000000e+00
8.504489341802668113e-11	1.379070385414282285e+00	1.276566813711614401e+01	1.595192567025112140e-01	7.282923603923999178e-02	0.000000000000000000e+00
8.907354638610458163e-11	1.402702965926626799e+00	1.273927473590419446e+01	1.625890324318275959e-01	7.160221059483176664e-02	0.000000000000000000e+00
9.329304026284695888e-11	1.426230297365541633e+00	1.271240489111734995e+01	1.656655383826008687e-01	7.034295190703711287e-02	0.000000000000000000e+00
9.771241535346501225e-11	1.449642151767840614e+00	1.268503105819557497e+01	1.687483397989763823e-01	6.905520605677746560e-02	0.000000000000000000e+00
1.023411402105452712e-10	1.472926881993974479e+00	1.265713533610587582e+01	1.718367300193587854e-01	6.774259622040570972e-02	0.000000000000000000e+00
1.071891319205126445e-10	1.496064887271596699e+00	1.262870955995119360e+01	1.749289502261147100e-01	6.640904592443754029e-02	0.000000000000000000e+00
1.122667773510811312e-10	1.519028788701836996e+00	1.259974633615980899e+01	1.780223123980700650e-01	6.505857043765758685e-02	0.000000000000000000e+00
1.175849554052158201e-10	1.541783764122401035e+00	1.257023438100443613e+01	1.811132932262807249e-01	6.369516691879571757e-02	0.000000000000000000e+00
1.231550603292826197e-10	1.564287969285519608e+00	1.254015599915164358e+01	1.841976143563963386e-01	6.232276874170079861e-02	0.000000000000000000e+00
1.289890261253308184e-10	1.586493111221344732e+00	1.250948559943073946e+01	1.872703293156895987e-01	6.094523165669304965e-02	0.000000000000000000e+00
1.350993521198024986e-10	1.608345112122056442e+00	1.247818905195595462e+01	1.903259110804087773e-01	5.956628301797996933e-02	0.000000000000000000e+00
1.414991297434578731e-10	1.629784778560095848e+00	1.244622502620173599e+01	1.933583109457961136e-01	5.818955051363301073e-02	0.000000000000000000e+00
1.482020705798860072e-10	1.650752727807711651e+00	1.241354695116713280e+01	1.963615119555958133e-01	5.681846016213028261e-02	0.000000000000000000e+00
1.552225357427047968e-10	1.671193642337499785e+00	1.238010600285317331e+01	1.993299907260040749e-01	5.545609639529521656e-02	0.000000000000000000e+00
1.625755666443793407e-10	1.691056926639344926e+00	1.234585499025695299e+01	2.022587370504673188e-01	5.410531065914458981e-02	0.000000000000000000e+00
1.702769172225897821e-10	1.710296965508111278e+00	1.231075098517182909e+01	2.051432414444495922e-01	5.276868898058883345e-02	0.000000000000000000e+00
1.783430876931905687e-10	1.728873320123556656e+00	1.227475701692259769e+01	2.079794874121543569e-01	5.144862404462661326e-02	0.000000000000000000e+00
1.867913599020784805e-10	1.746754480132513887e+00	1.223783631765505220e+01	2.107644990939666063e-01	5.014699286935336842e-02	0.000000000000000000e+00
1.956398343517064725e-10	1.763921171249342557e+00	1.219994917072729912e+01	2.134968081718446598e-01	4.886506810240857923e-02	0.000000000000000000e+00
2.049074689815846066e-10	1.780362914200503743e+00	1.216106325411718103e+01	2.161758756261583092e-01	4.760380558484272190e-02	0.000000000000000000e+00
2.146141197858401440e-10	1.796077180630407222e+00	1.212115625615424896e+01	2.188019460428375362e-01	4.636394003908687195e-02	0.000000000000000000e+00
2.247805833548729991e-10	1.811068707458851623e+00	1.208021673225655235e+01	2.213759488452422264e-01	4.514600074542450547e-02	0.000000000000000000e+00
2.354286414322420067e-10	1.825348930869519437e+00	1.203824367118677863e+01	2.238994367244268036e-01	4.395037355553142039e-02	0.000000000000000000e+00
2.465811075822603842e-10	1.838934721309641862e+00	1.199524362608165262e+01	2.263744847890184486e-01	4.277721726629521437e-02	0.000000000000000000e+00
2.582618760682674929e-10	1.851843863953164027e+00	1.195123185093285478e+01	2.288031136395554110e-01	4.162675803945350278e-02	0.000000000000000000e+00
2.704959730463131364e-10	1.864093365854846640e+00	1.190623060053009574e+01	2.311871047329505935e-01	4.049919148220633425e-02	0.000000000000000000e+00
2.833096101839318258e-10	1.875699232101617042e+00	1.186026670461406241e+01	2.335280110270362974e-01	3.939472670533084725e-02	0.000000000000000000e+00
2.967302408188872501e-10	1.886676378213710370e+00	1.181336995848231375e+01	2.358271714694046006e-01	3.831356282748518000e-02	0.000000000000000000e+00
3.107866187782014063e-10	1.897038240853352375e+00	1.176557367115506558e+01	2.380856460705026711e-01	3.725588279096135602e-02	0.000000000000000000e+00
3.255088599835056406e-10	1.906796134278378574e+00	1.171691716989987064e+01	2.403040764082674252e-01	3.622311688748115072e-02	0.000000000000000000e+00
3.409285069746807543e-10	1.915960073697479338e+00	1.166744166762271284e+01	2.424828631732811324e-01	3.521199239372355821e-02	0.000000000000000000e+00
3.570785964900469852e-10	1.924538944577740995e+00	1.161718880148501931e+01	2.446222133231989171e-01	3.422621422190576246e-02	0.000000000000000000e+00
3.739937302478801677e-10	1.932540649480229300e+00	1.156620004125150203e+01	2.467221684760824152e-01	3.326471470925033286e-02	0.000000000000000000e+00
3.917101490809260641e-10	1.939972185822804063e+00	1.151451632365052369e+01	2.487826207801773770e-01	3.232772567273489717e-02	0.000000000000000000e+00
4.102658105827190344e-10	1.946839701985788817e+00	1.146217853326837677e+01	2.508033081273298714e-01	3.141515452291519100e-02	0.000000000000000000e+00
4.297004704320835313e-10	1.953148861584898643e+00	1.140922776001249517e+01	2.527838534154273065e-01	3.052709648558944028e-02	0.000000000000000000e+00
4.500557675700488183e-10	1.958905419919373392e+00	1.135570400615199915e+01	2.547238669136924205e-01	2.966346369411997086e-02	0.000000000000000000e+00
4.713753134116729086e-10	1.964115379093491320e+00	1.130164632159900506e+01	2.566229653388588661e-01	2.882416365238096856e-02	0.000000000000000000e+00
4.937047852839003559e-10	1.968785049842630253e+00	1.124709300701679560e+01	2.584807775042602396e-01	2.800902128309920927e-02	0.000000000000000000e+00
5.170920242896755486e-10	1.972921100330984778e+00	1.119208175038038711e+01	2.602969497451853020e-01	2.721782126261828444e-02	0.000000000000000000e+00
5.415871378079465267e-10	1.976530568467529170e+00	1.113664967798548311e+01	2.620711485430758936e-01	2.645030042262822706e-02	0.000000000000000000e+00
5.672426068491988835e-10	1.979620816438000475e+00	1.108083355887188226e+01	2.638030518281953007e-01	2.570616680868222093e-02	0.000000000000000000e+00
5.941133984965039838e-10	1.982199462925231970e+00	1.102466992359571840e+01	2.654923389038388315e-01	2.498507723416756518e-02	0.000000000000000000e+00
6.222570836730231313e-10	1.984274409001554940e+00	1.096819495075953199e+01	2.671386982260645637e-01	2.428673433616559268e-02	0.000000000000000000e+00
6.517339604882420571e-10	1.985853822494599186e+00	1.091144449745859824e+01	2.687418263699848375e-01	2.361071470801878736e-02	0.000000000000000000e+00
6.826071834272379248e-10	1.986946161340160666e+00	1.085445399106986386e+01	2.703014356973161281e-01	2.295664097292895653e-02	0.000000000000000000e+00
7.149428986597561750e-10	1.987560161747098597e+00	1.079725852552489762e+01	2.718172524022775538e-01	2.232410979108891483e-02	0.000000000000000000e+00
7.488103857590030225e-10	1.987704862471568967e+00	1.073989275023019374e+01	2.732890246542258317e-01	2.171269401788844533e-02	0.000000000000000000e+00
7.842822061337681836e-10	1.987389588182116418e+00	1.068239095255862203e+01	2.747165204603827515e-01	2.112193763060903062e-02	0.000000000000000000e+00
8.214343584919422200e-10	1.986623955861242630e+00	1.062478696704412862e+01	2.760995330928192604e-01	2.055141994251462323e-02	0.000000000000000000e+00
8.603464416684491388e-10	1.985417872150667895e+00	1.056711426365066053e+01	2.774378807905060751e-01	2.000063680130760232e-02	0.000000000000000000e+00
9.011018251665036851e-10	1.984384890097658394e+00	1.052995709052490270e+01	2.782720228582477029e-01	1.965687554247384783e-02	0.000000000000000000e+00
9.437878277775391497e-10	1.983182334685978709e+00	1.049676741126096502e+01	2.789827212509904952e-01	1.935924935970837271e-02	0.000000000000000000e+00
9.884959046625586031e-10	1.981685517985063871e+00	1.046418336849828634e+01	2.796402162149169701e-01	1.907680357021464268e-02	0.000000000000000000e+00
1.035321843295661502e-09	1.979874231655399441e+00	1.043209575246573451e+01	2.802439680637162089e-01	1.880855806585072024e-02	0.000000000000000000e+00
1.084365968689608688e-09	1.977739170219707576e+00	1.040042139276418354e+01	2.807943172090923700e-01	1.855361584713296347e-02	0.000000000000000000e+00
1.135733358343102889e-09	1.975277511754073734e+00	1.036909513839273522e+01	2.812920740099596473e-01	1.831115060521664589e-02	0.000000000000000000e+00
1.189534067370320724e-09	1.972490672694779290e+00	1.033806538694035559e+01	2.817383186962068575e-01	1.808039148816591515e-02	0.000000000000000000e+00
1.245883364295008068e-09	1.969383008152970849e+00	1.030729113242963990e+01	2.821342938683122914e-01	1.786068769183372235e-02	0.000000000000000000e+00
1.304901978014401580e-09	1.965960931576597570e+00	1.027673991566050837e+01	2.824813321279673328e-01	1.765137892007976467e-02	0.000000000000000000e+00
1.366716356462010101e-09	1.962232340485982940e+00	1.024638624430274980e+01	2.827808147356709600e-01	1.745190655294985918e-02	0.000000000000000000e+00
1.431458937523481393e-09	1.958206200171773048e+00	1.021621038832661199e+01	2.830341428633436074e-01	1.726174771569580907e-02	0.000000000000000000e+00
1.499268432786047049e-09	1.953892215879557748e+00	1.018619745480934924e+01	2.832427140796299203e-01	1.708042891166086652e-02	0.000000000000000000e+00
1.570290124729377524e-09	1.949300626292021388e+00	1.015633657090108599e+01	2.834079135622031287e-01	1.690751088340922137e-02	0.000000000000000000e+00
1.644676177994662829e-09	1.944442011418153982e+00	1.012662029423766796e+01	2.835311013035525796e-01	1.674259096863530902e-02	0.000000000000000000e+00
1.722585965398783835e-09	1.939327167895965376e+00	1.009704405409983785e+01	2.836136084020862702e-01	1.658530215984464068e-02	0.000000000000000000e+00
1.804186409392068039e-09	1.933967002855392581e+00	1.006760573585107821e+01	2.836567322234828659e-01	1.643529544545175095e-02	0.000000000000000000e+00
1.889652339691211477e-09	1.928372445951200165e+00	1.003830531849138730e+01	2.836617328393494786e-01	1.629234104088915849e-02	0.000000000000000000e+00
1.979166867853557524e-09	1.922554401856797934e+00	1.000914453234864432e+01	2.836298349494837390e-01	1.615593475195274339e-02	0.000000000000000000e+00
2.072921779595369695e-09	1.916523676050444269e+00	9.980126634025220156e+00	2.835622226659113010e-01	1.602600616295208474e-02	0.000000000000000000e+00
2.171117945694509622e-09	1.910290973198163211e+00	9.951256146638611355e+00	2.834600460518046927e-01	1.590223723706518308e-02	0.000000000000000000e+00
2.273965752357932151e-09	1.903866831772623502e+00	9.922538680527638988e+00	2.833244160478326501e-01	1.578439524598855906e-02	0.000000000000000000e+00
2.381685551976160644e-09	1.897261619797217191e+00	9.893980771603427371e+00	2.831564079722513894e-01	1.567226487118604863e-02	0.000000000000000000e+00
2.494508135230316413e-09	1.890485515409385364e+00	9.865589719892193799e+00	2.829570628350119854e-01	1.556563930417475226e-02	0.000000000000000000e+00
2.612675225563326382e-09	1.883548491305274020e+00	9.837373482626237120e+00	2.827273877061111107e-01	1.546432891086122093e-02	0.000000000000000000e+00
2.736439997074666368e-09	1.876460306447692794e+00	9.809340558109290953e+00	2.824683574617147808e-01	1.536816591776195284e-02	0.000000000000000000e+00
2.866067616948244470e-09	1.869230502954934980e+00	9.781499887846912600e+00	2.821809168177412119e-01	1.527695684643645864e-02	0.000000000000000000e+00
3.001835813575592210e-09	1.861868394639924595e+00	9.753860784361251035e+00	2.818659803890768978e-01	1.519056991345075699e-02	0.000000000000000000e+00
3.144035471591500167e-09	1.854383073235785773e+00	9.726432853656584498e+00	2.815244355853561142e-01	1.510884709921615256e-02	0.000000000000000000e+00
3.292971255097148186e-09	1.846783401827155613e+00	9.699225935175171287e+00	2.811571430906006919e-01	1.503165938745762258e-02	0.000000000000000000e+00
3.448962260405766611e-09	1.839078019020728538e+00	9.672250045440902610e+00	2.807649388721561445e-01	1.495886856337498225e-02	0.000000000000000000e+00
3.612342699709437910e-09	1.831275338984622136e+00	9.645515334849095623e+00	2.803486351949586175e-01	1.489033095725893555e-02	0.000000000000000000e+00
3.783462617131932968e-09	1.823383555070212880e+00	9.619032039865993866e+00	2.799090223227170826e-01	1.482599189275963028e-02	0.000000000000000000e+00
3.962688638701478467e-09	1.815410637154088791e+00	9.592810471202980693e+00	2.794468682154773176e-01	1.476568921043675160e-02	0.000000000000000000e+00
4.150404757850472502e-09	1.807364355249217125e+00	9.566860905851864771e+00	2.789629250716916808e-01	1.470931796446815244e-02	0.000000000000000000e+00
4.347013158125017173e-09	1.799252247738282406e+00	9.541193692028414830e+00	2.784579211528580012e-01	1.465681769295210622e-02	0.000000000000000000e+00
4.552935074866938773e-09	1.791081660391164787e+00	9.515819099039090290e+00	2.779325709357918783e-01	1.460806677834061360e-02	0.000000000000000000e+00
4.768611697714474181e-09	1.782859733838292549e+00	9.490747353747433834e+00	2.773875718981554939e-01	1.456298333099681659e-02	0.000000000000000000e+00
4.994505115855140358e-09	1.774593410843280150e+00	9.465988620754970384e+00	2.768236059896880819e-01	1.452149322446182229e-02	0.000000000000000000e+00
5.231099308056257792e-09	1.766289441439008900e+00	9.441552971832267716e+00	2.762413410912751832e-01	1.448351208481082897e-02	0.000000000000000000e+00
5.478901179593956120e-09	1.757954390229121477e+00	9.417450376924636046e+00	2.756414321841478277e-01	1.444896464598191890e-02	0.000000000000000000e+00
5.738441648302404521e-09	1.749594635601009252e+00	9.393690702047688745e+00	2.750245210505409821e-01	1.441778271208481524e-02	0.000000000000000000e+00
6.010276782070388176e-09	1.741216384394750349e+00	9.370283668590085213e+00	2.743912395250407976e-01	1.438990173110461096e-02	0.000000000000000000e+00
6.294988990221888141e-09	1.732825665642157897e+00	9.347238879108443754e+00	2.737422075144890776e-01	1.436525490958195928e-02	0.000000000000000000e+00
6.593188271333541710e-09	1.724428339936089349e+00	9.324565789400544702e+00	2.730780350373551713e-01	1.434378184369856403e-02	0.000000000000000000e+00
6.905513520162316861e-09	1.716030108991059011e+00	9.302273697989836165e+00	2.723993237920656618e-01	1.432543580282537310e-02	0.000000000000000000e+00
7.232633896483518810e-09	1.707636513826055857e+00	9.280371739377502038e+00	2.717066668122884998e-01	1.431014423599344734e-02	0.000000000000000000e+00
7.575250258771920716e-09	1.699252940715506810e+00	9.258868892881800150e+00	2.710006488865074337e-01	1.429787138638519313e-02	0.000000000000000000e+00
7.934096665797492339e-09	1.690884629812609674e+00	9.237773957050876561e+00	2.702818484121381482e-01	1.428862062941524229e-02	0.000000000000000000e+00
8.309941949353386453e-09	1.682536675679899840e+00	9.217095544530153006e+00	2.695508373585004946e-01	1.428217754082569679e-02	0.000000000000000000e+00
8.703591361485183753e-09	1.674214028440575541e+00	9.196842104048579714e+00	2.688081805234319721e-01	1.427864769610388482e-02	0.000000000000000000e+00
9.115888299750837812e-09	1.665921506340499292e+00	9.177021876910988141e+00	2.680544385302685018e-01	1.427796273958620646e-02	0.000000000000000000e+00
9.547716114208065503e-09	1.657663797739460376e+00	9.157642909875598036e+00	2.672901674824691987e-01	1.428006846161585658e-02	0.000000000000000000e+00
1.000000000000000021e-08	1.649445456551730915e+00	9.138713062763734740e+00	2.665159177049093442e-01	1.428492500255074821e-02	0.000000000000000000e+00
