pc	M	R	C	k2	j3
9.999999999999999799e-13	1.060617473665708133e-01	4.085498803090800379e+01	3.833398117736917885e-03	3.638432626230602134e-04	0.000000000000000000e+00
1.047370897959448749e-12	1.086635027399680958e-01	3.784583921005079077e+01	4.239706524019614363e-03	4.665505479130150181e-04	0.000000000000000000e+00
1.096985797892381920e-12	1.113743454277373313e-01	3.529108460450769513e+01	4.660048040437079001e-03	5.987690653566405362e-04	0.000000000000000000e+00
1.148951000187311009e-12	1.141956768964689090e-01	3.309765611158232446e+01	5.094747429875703774e-03	7.655898444572938099e-04	0.000000000000000000e+00
1.203377840777590522e-12	1.171294760478050340e-01	3.119612496984241190e+01	5.544160370192869648e-03	9.723493295385771552e-04	0.000000000000000000e+00
1.260382929679727463e-12	1.201781991064347771e-01	2.953367832084906652e+01	6.008670464517257802e-03	1.224545296765031446e-03	0.000000000000000000e+00
1.320088400831416649e-12	1.233447086329530207e-01	2.806945249108227358e+01	6.488686874706130030e-03	1.527757448885967706e-03	0.000000000000000000e+00
1.382622173764653478e-12	1.266322215205604451e-01	2.677135101296354591e+01	6.984642343528311807e-03	1.887580175979914699e-03	0.000000000000000000e+00
1.448118227674535917e-12	1.300442701532799061e-01	2.561382495810356019e+01	7.496991515890618143e-03	2.309559088607365893e-03	0.000000000000000000e+00
1.516716888470924089e-12	1.335846786966651545e-01	2.457629130159157782e+01	8.026210381482955236e-03	2.799105394965297096e-03	0.000000000000000000e+00
1.588565129428052692e-12	1.372575832382746941e-01	2.364197937125513960e+01	8.572801121884706874e-03	3.361446629319949156e-03	0.000000000000000000e+00
1.663816886076127415e-12	1.410674402752152001e-01	2.279709004601591715e+01	9.137294156321064398e-03	4.001591693958460663e-03	0.000000000000000000e+00
1.742633386009647278e-12	1.450190207101090534e-01	2.203017119921131695e+01	9.720247674179359476e-03	4.724230403985792137e-03	0.000000000000000000e+00
1.825183494319046040e-12	1.491174069321341833e-01	2.133164337381117548e+01	1.032224739130939602e-02	5.533743149977028881e-03	0.000000000000000000e+00
1.911644075385703708e-12	1.533679915430986307e-01	2.069343550663495890e+01	1.094390633479991153e-02	6.434131620050465884e-03	0.000000000000000000e+00
2.002200371815584363e-12	1.577764774220415944e-01	2.010870210819866344e+01	1.158586463750650719e-02	7.428970376882669188e-03	0.000000000000000000e+00
2.097046401323230665e-12	1.623488784283522168e-01	1.957160145702525611e+01	1.224878930345225589e-02	8.521403589135697135e-03	0.000000000000000000e+00
2.196385372416542332e-12	1.670915207343027231e-01	1.907712003211110385e+01	1.293337393952447359e-02	9.714089391002067933e-03	0.000000000000000000e+00
2.300430119772921506e-12	1.720110440785561912e-01	1.862093232785580810e+01	1.364033841338939054e-02	1.100920431998000416e-02	0.000000000000000000e+00
2.409403560239526876e-12	1.771144030947137682e-01	1.819928802355826392e+01	1.437042844790615941e-02	1.240839535934525409e-02	0.000000000000000000e+00
2.523539170434765862e-12	1.824088055212979842e-01	1.780892484108307627e+01	1.512440622087854805e-02	1.391275560993020764e-02	0.000000000000000000e+00
2.643081486974102692e-12	1.879015984267593808e-01	1.744699865828665963e+01	1.590303379677067419e-02	1.552278772038608728e-02	0.000000000000000000e+00
2.768286630392061017e-12	1.936003996861508925e-01	1.711100953261440694e+01	1.670709150910326679e-02	1.723839727649802145e-02	0.000000000000000000e+00
2.899422853882880921e-12	1.995131241394911825e-01	1.679874990492225351e+01	1.753738110579205686e-02	1.905892675295337360e-02	0.000000000000000000e+00
3.036771118035460378e-12	2.056479801959305576e-01	1.650826344635625986e+01	1.839472470083360761e-02	2.098313603829172341e-02	0.000000000000000000e+00
3.180625692794118977e-12	2.120134653506630107e-01	1.623781052411623804e+01	1.927996362730523619e-02	2.300920001464313094e-02	0.000000000000000000e+00
3.331294787934670055e-12	2.186183596720538413e-01	1.598583910765373872e+01	2.019395707669614445e-02	2.513472891580683516e-02	0.000000000000000000e+00
3.489101213406766494e-12	2.254717173589469159e-01	1.575096011357843118e+01	2.113758057219328537e-02	2.735674472517042252e-02	0.000000000000000000e+00
3.654383070957261569e-12	2.325828558265562729e-01	1.553192643699062891e+01	2.211172420625369395e-02	2.967173251935265044e-02	0.000000000000000000e+00
3.827494478516314936e-12	2.399613422351498659e-01	1.532761502602440373e+01	2.311729066205711614e-02	3.207560860505828670e-02	0.000000000000000000e+00
4.008806328898464320e-12	2.476169778808897937e-01	1.513701147690526660e+01	2.415519309911737592e-02	3.456372172817670507e-02	0.000000000000000000e+00
4.198707084443905621e-12	2.555597768107173984e-01	1.495919680896449577e+01	2.522635245359848219e-02	3.713096505427245647e-02	0.000000000000000000e+00
4.397603609302712498e-12	2.637997602847205747e-01	1.479333948746694816e+01	2.633167024653043989e-02	3.977160950868427469e-02	0.000000000000000000e+00
4.605922041145112927e-12	2.723466059222611202e-01	1.463868959798037928e+01	2.747198244771783746e-02	4.247929420675019413e-02	0.000000000000000000e+00
4.824108704165373984e-12	2.812101170717896115e-01	1.449455895594268640e+01	2.864812290259395253e-02	4.524719602805849644e-02	0.000000000000000000e+00
5.052631065335679604e-12	2.904003115299106930e-01	1.436031315723515789e+01	2.986093500535780959e-02	4.806811960245533505e-02	0.000000000000000000e+00
5.291978735958436557e-12	2.999274035114945502e-01	1.423536650531816861e+01	3.111126927864082264e-02	5.093452672567923972e-02	0.000000000000000000e+00
5.542664520663095602e-12	3.098017822171188485e-01	1.411917739022430851e+01	3.239998075286986551e-02	5.383854166253575907e-02	0.000000000000000000e+00
5.805225516094907684e-12	3.200339876183959098e-01	1.401124408248960762e+01	3.372792621671460989e-02	5.677205512602981341e-02	0.000000000000000000e+00
6.080224261649427052e-12	3.306346821083910315e-01	1.391110092054936054e+01	3.509596117224698247e-02	5.972669296702542291e-02	0.000000000000000000e+00
6.368249944718585906e-12	3.416146187313282012e-01	1.381831484681350197e+01	3.650493659704072413e-02	6.269390820626932759e-02	0.000000000000000000e+00
6.669919663030115058e-12	3.529846056079435357e-01	1.373248225074183182e+01	3.795569551182699508e-02	6.566497907236205911e-02	0.000000000000000000e+00
6.985879746785234820e-12	3.647554656347526403e-01	1.365322611151898258e+01	3.944906921201465910e-02	6.863109216328909523e-02	0.000000000000000000e+00
7.316807143427207274e-12	3.769379921945089640e-01	1.358019338549588007e+01	4.098587332816821388e-02	7.158330399792986465e-02	0.000000000000000000e+00
7.663410868007462274e-12	3.895428999626857625e-01	1.351305263109084187e+01	4.256690359169513355e-02	7.451269543080553392e-02	0.000000000000000000e+00
8.026433522257174683e-12	4.025806387409712195e-01	1.345149242972100723e+01	4.419291491312529740e-02	7.741024648502158045e-02	0.000000000000000000e+00
8.406652885618316356e-12	4.160607005843606210e-01	1.339522174441571423e+01	4.586453806220592427e-02	8.026686590500353713e-02	0.000000000000000000e+00
8.804883581643446547e-12	4.299921566598697842e-01	1.334396477673283066e+01	4.758234942574972315e-02	8.307354099199883157e-02	0.000000000000000000e+00
9.221978823334340144e-12	4.443839356683764175e-01	1.329745863491097069e+01	4.934690712786334033e-02	8.582144780243396165e-02	0.000000000000000000e+00
9.658832241158709141e-12	4.592447794692868235e-01	1.325545265329138012e+01	5.115874715264569911e-02	8.850200380054244753e-02	0.000000000000000000e+00
1.011637979766206976e-11	4.745831948493566266e-01	1.321770767952199144e+01	5.301837930050130876e-02	9.110695624204766252e-02	0.000000000000000000e+00
1.059560179277614774e-11	4.904074024739787929e-01	1.318399533250777367e+01	5.492628315833079922e-02	9.362831686242940876e-02	0.000000000000000000e+00
1.109752496412069864e-11	5.067252821345225033e-01	1.315409727339528523e+01	5.688290388125158414e-02	9.605851579460251977e-02	0.000000000000000000e+00
1.162322468679854125e-11	5.235443151690543084e-01	1.312780449094528201e+01	5.888864791273971944e-02	9.839027581303215475e-02	0.000000000000000000e+00
1.217382727739662020e-11	5.408715235840035884e-01	1.310491660451832097e+01	6.094387860880332020e-02	1.006168999722478752e-01	0.000000000000000000e+00
1.275051240713012859e-11	5.587134072569034382e-01	1.308524119628052418e+01	6.304891189417546893e-02	1.027316959476170244e-01	0.000000000000000000e+00
1.335451562929897339e-11	5.770758747081423667e-01	1.306859318192789843e+01	6.520401140839138243e-02	1.047290478074683479e-01	0.000000000000000000e+00
1.398713102647241439e-11	5.959641774107398149e-01	1.305479420309848138e+01	6.740938435132423634e-02	1.066033777331620858e-01	0.000000000000000000e+00
1.464971398307287854e-11	6.153828350546421966e-01	1.304367205717593414e+01	6.966517654052913067e-02	1.083497379634573432e-01	0.000000000000000000e+00
1.534368408930013065e-11	6.353354742629018226e-01	1.303506020304112134e+01	7.197145767513490888e-02	1.099636703092704837e-01	0.000000000000000000e+00
1.607052818261638620e-11	6.558241940519078383e-01	1.302879743131932955e+01	7.432815238071360797e-02	1.114411971249563982e-01	0.000000000000000000e+00
1.683180353330955093e-11	6.768499367260988331e-01	1.302472721787155052e+01	7.673508724301986161e-02	1.127788804480270579e-01	0.000000000000000000e+00
1.762914118095944293e-11	6.984127561218932412e-01	1.302269744402202711e+01	7.919202479572992615e-02	1.139739011254784218e-01	0.000000000000000000e+00
1.846424942895546448e-11	7.205117602217074868e-01	1.302256027135742933e+01	8.169865986492766408e-02	1.150239949861588118e-01	0.000000000000000000e+00
1.933891750455232057e-11	7.431450503528377327e-01	1.302417194974132997e+01	8.425461594367343598e-02	1.159275567087589554e-01	0.000000000000000000e+00
2.025501939230666486e-11	7.663096640291122696e-01	1.302739267188916195e+01	8.685944173185597417e-02	1.166834800530560379e-01	0.000000000000000000e+00
2.121451784910627571e-11	7.900015167881323519e-01	1.303208636556037447e+01	8.951260799804264257e-02	1.172913033289776780e-01	0.000000000000000000e+00
2.221946860939528424e-11	8.142153486706057430e-01	1.303812057891718368e+01	9.221350438892716994e-02	1.177510926083467496e-01	0.000000000000000000e+00
2.327202478960412005e-11	8.389446697339578707e-01	1.304536626618439676e+01	9.496143681854199436e-02	1.180635326092049631e-01	0.000000000000000000e+00
2.437444150122221807e-11	8.641817110880011255e-01	1.305369766670465026e+01	9.775562486443227506e-02	1.182297739861143115e-01	0.000000000000000000e+00
2.552908068239516723e-11	8.899173780380982279e-01	1.306299219228931641e+01	1.005951992963931563e-01	1.182515330518756486e-01	0.000000000000000000e+00
2.673841615839943880e-11	9.161412073612309470e-01	1.307313013462648144e+01	1.034792014340916444e-01	1.181310249149379876e-01	0.000000000000000000e+00
2.800503894183625342e-11	9.428413299597360187e-01	1.308399491234330547e+01	1.064065788831228959e-01	1.178709388729009960e-01	0.000000000000000000e+00
2.933166278390048099e-11	9.700044274866934657e-01	1.309547260702022342e+01	1.093761859753328292e-01	1.174744255672337673e-01	0.000000000000000000e+00
3.072112998861759207e-11	9.976155443778689236e-01	1.310745201254074033e+01	1.123867638855965551e-01	1.169450504012308489e-01	0.000000000000000000e+00
3.217641750250735458e-11	1.025658115360949196e+00	1.311982459613324359e+01	1.154369455534798167e-01	1.162868510470820571e-01	0.000000000000000000e+00
3.370064329271925032e-11	1.054114129061340055e+00	1.313248457371845745e+01	1.185252746207474811e-01	1.155041605540673977e-01	0.000000000000000000e+00
3.529707302730657668e-11	1.082964135218599688e+00	1.314532889888604217e+01	1.216502070786308620e-01	1.146017126198271563e-01	0.000000000000000000e+00
3.696912707195032437e-11	1.112187245999862739e+00	1.315825733157221933e+01	1.248101111746373199e-01	1.135845443746742039e-01	0.000000000000000000e+00
3.872038781812557004e-11	1.141761153930587636e+00	1.317117236703798078e+01	1.280032701000439199e-01	1.124579795086207701e-01	0.000000000000000000e+00
4.055460735840827506e-11	1.171662149591244484e+00	1.318397929590460294e+01	1.312278830810288954e-01	1.112275843513269025e-01	0.000000000000000000e+00
4.247571552536894126e-11	1.201865156147776448e+00	1.319658626656087108e+01	1.344820678734001129e-01	1.098991409805220310e-01	0.000000000000000000e+00
4.448782831127576069e-11	1.232343763497326439e+00	1.320890421698880957e+01	1.377638640989941043e-01	1.084786060332018631e-01	0.000000000000000000e+00
4.659525668664686662e-11	1.263070275412515819e+00	1.322084701573002086e+01	1.410712355093694248e-01	1.069720828329503298e-01	0.000000000000000000e+00
4.880251583654433574e-11	1.294015765108926352e+00	1.323233147703081158e+01	1.444020739602352721e-01	1.053857899362534295e-01	0.000000000000000000e+00
5.111433483440165318e-11	1.325150137548423146e+00	1.324327731942208075e+01	1.477542043432199248e-01	1.037260015415885778e-01	0.000000000000000000e+00
5.353566677410718816e-11	1.356442204790476502e+00	1.325360737288642099e+01	1.511253877972985327e-01	1.019990560560229687e-01	0.000000000000000000e+00
5.607169938205469661e-11	1.387859778105797748e+00	1.326324759807119946e+01	1.545133282714666323e-01	1.002112893445581410e-01	0.000000000000000000e+00
5.872786613189488850e-11	1.419369928803595249e+00	1.327212701228450342e+01	1.579156985414324199e-01	9.836900743341939202e-02	0.000000000000000000e+00
6.150985788580503926e-11	1.450938903178364381e+00	1.328017776421047458e+01	1.613301256233238001e-01	9.647845314187987464e-02	0.000000000000000000e+00
6.442363508721370414e-11	1.482532083261953293e+00	1.328733502812669975e+01	1.647541831260409539e-01	9.454580011956142949e-02	0.000000000000000000e+00
6.747544053110686101e-11	1.514114106886795819e+00	1.329353695658807410e+01	1.681854004210175946e-01	9.257709528416897815e-02	0.000000000000000000e+00
7.067181273927477085e-11	1.545648955493673427e+00	1.329872493022335611e+01	1.716212641280298601e-01	9.057827925594567897e-02	0.000000000000000000e+00
7.401959996915652408e-11	1.577100135575275619e+00	1.330284313468219182e+01	1.750592381611780768e-01	8.855511096268287030e-02	0.000000000000000000e+00
7.752597488629464062e-11	1.608430716403724148e+00	1.330583945369653698e+01	1.784967505161768331e-01	8.651322723713168739e-02	0.000000000000000000e+00
8.119844993184008328e-11	1.639603577227698672e+00	1.330766461616550167e+01	1.819312255556939650e-01	8.445800512990597753e-02	0.000000000000000000e+00
8.504489341802668113e-11	1.670581431065548905e+00	1.330827293749154805e+01	1.853600703724070375e-01	8.239465521067966536e-02	0.000000000000000000e+00
8.907354638610458163e-11	1.701327036862156028e+00	1.330762207581723189e+01	1.887806946998601132e-01	8.032814972868893011e-02	0.000000000000000000e+00
9.329304026284695888e-11	1.731803348513108132e+00	1.330567299389031000e+01	1.921905210667036734e-01	7.826322008257517726e-02	0.000000000000000000e+00
9.771241535346501225e-11	1.761973577122472712e+00	1.330239041554207269e+01	1.955869779969781896e-01	7.620437675011706991e-02	0.000000000000000000e+00
1.023411402105452712e-10	1.791801458501041777e+00	1.329774245061482318e+01	1.989675276468985399e-01	7.415584623860839442e-02	0.000000000000000000e+00
1.071891319205126445e-10	1.821251722864243972e+00	1.329170067471701699e+01	2.023297095625420372e-01	7.212157354028765621e-02	0.000000000000000000e+00
1.122667773510811312e-10	1.850289848708549512e+00	1.328423992549818955e+01	2.056711092835217802e-01	7.010522473728633686e-02	0.000000000000000000e+00
1.175849554052158201e-10	1.878881882071019138e+00	1.327533819105105195e+01	2.089893330442938457e-01	6.811021996398576583e-02	0.000000000000000000e+00
1.231550603292826197e-10	1.906994534497512106e+00	1.326497661583941401e+01	2.122820117329341505e-01	6.613970457937022596e-02	0.000000000000000000e+00
1.289890261253308184e-10	1.934595354242057086e+00	1.325313946828318379e+01	2.155468136879783170e-01	6.419656730309493409e-02	0.000000000000000000e+00
1.350993521198024986e-10	1.961652845236600662e+00	1.323981417955243245e+01	2.187814506887603705e-01	6.228344393764682907e-02	0.000000000000000000e+00
1.414991297434578731e-10	1.988136601806740567e+00	1.322499133831148832e+01	2.219836865389230307e-01	6.040270605804284876e-02	0.000000000000000000e+00
1.482020705798860072e-10	2.014017428813759114e+00	1.320866469611924821e+01	2.251513440541728639e-01	5.855648301242306203e-02	0.000000000000000000e+00
1.552225357427047968e-10	2.039267452356437360e+00	1.319083120263790931e+01	2.282823107048886080e-01	5.674665794866190494e-02	0.000000000000000000e+00
1.625755666443793407e-10	2.063860268368582052e+00	1.317149091940604499e+01	2.313745508506033222e-01	5.497488567628942141e-02	0.000000000000000000e+00
1.702769172225897821e-10	2.087770965095367970e+00	1.315064718314148351e+01	2.344260998412966146e-01	5.324257716237087296e-02	0.000000000000000000e+00
1.783430876931905687e-10	2.110976322042071196e+00	1.312830641665598463e+01	2.374350843307876102e-01	5.155093915755537548e-02	0.000000000000000000e+00
1.867913599020784805e-10	2.133455308510414650e+00	1.310447750435087322e+01	2.403997851030166832e-01	4.990092456477290134e-02	0.000000000000000000e+00
1.956398343517064725e-10	2.155188679875628122e+00	1.307917184107672881e+01	2.433185874020878936e-01	4.829327815852318961e-02	0.000000000000000000e+00
2.049074689815846066e-10	2.176158668976861055e+00	1.305240334373782751e+01	2.461899424634239053e-01	4.672856925346779988e-02	0.000000000000000000e+00
2.146141197858401440e-10	2.196348995992250419e+00	1.302418843196794285e+01	2.490123655699486016e-01	4.520721063167313508e-02	0.000000000000000000e+00
2.247805833548729991e-10	2.215744967698956458e+00	1.299454592127674069e+01	2.517844462443556419e-01	4.372944234385983675e-02	0.000000000000000000e+00
2.354286414322420067e-10	2.234333494237010331e+00	1.296349703885274707e+01	2.545048472058101252e-01	4.229538133631630809e-02	0.000000000000000000e+00
2.465811075822603842e-10	2.252103192645487084e+00	1.293106527682743234e+01	2.571723167378245356e-01	4.090499142529235854e-02	0.000000000000000000e+00
2.582618760682674929e-10	2.269044362144266636e+00	1.289727648218494060e+01	2.597856822879814342e-01	3.955811088123990793e-02	0.000000000000000000e+00
2.704959730463131364e-10	2.285149064857315171e+00	1.286215871497671337e+01	2.623438610102564739e-01	3.825447712597351141e-02	0.000000000000000000e+00
2.833096101839318258e-10	2.300411126780618432e+00	1.282574222564022293e+01	2.648458593334008238e-01	3.699370694039894741e-02	0.000000000000000000e+00
2.967302408188872501e-10	2.314826174243346912e+00	1.278805939629129362e+01	2.672907777292991560e-01	3.577532944292242251e-02	0.000000000000000000e+00
3.107866187782014063e-10	2.328391909413042526e+00	1.274914365279789230e+01	2.696778654193447422e-01	3.459876643350995318e-02	0.000000000000000000e+00
3.255088599835056406e-10	2.341107870466816454e+00	1.270902934015516728e+01	2.720064971492752171e-01	3.346330771368679485e-02	0.000000000000000000e+00
3.409285069746807543e-10	2.352974993355075206e+00	1.266775237957013367e+01	2.742761099159127247e-01	3.236824260314512258e-02	0.000000000000000000e+00
3.570785964900469852e-10	2.363995574274440514e+00	1.262535019813318726e+01	2.764862007977777481e-01	3.131277613605471660e-02	0.000000000000000000e+00
3.739937302478801677e-10	2.374173267294101830e+00	1.258186164266229490e+01	2.786363295171014332e-01	3.029607961594515259e-02	0.000000000000000000e+00
3.917101490809260641e-10	2.383513085594891834e+00	1.253732693141441068e+01	2.807261209370313648e-01	2.931729058572163718e-02	0.000000000000000000e+00
4.102658105827190344e-10	2.392021355869093480e+00	1.249178748893261393e+01	2.827552649787545835e-01	2.837551743144676314e-02	0.000000000000000000e+00
4.297004704320835313e-10	2.399705740231041773e+00	1.244528600954940423e+01	2.847235196766721432e-01	2.746983805434071585e-02	0.000000000000000000e+00
4.500557675700488183e-10	2.406575175580762505e+00	1.239786635077665977e+01	2.866307085327011728e-01	2.659931234039343909e-02	0.000000000000000000e+00
4.713753134116729086e-10	2.412639870857769875e+00	1.234957347677724826e+01	2.884767238440973935e-01	2.576299131827847547e-02	0.000000000000000000e+00
4.937047852839003559e-10	2.417911322913124827e+00	1.230045257414163018e+01	2.902615520971383312e-01	2.495989984446631352e-02	0.000000000000000000e+00
5.170920242896755486e-10	2.422402245720847169e+00	1.225054802521870734e+01	2.919852938391666597e-01	2.418903324403680333e-02	0.000000000000000000e+00
5.415871378079465267e-10	2.426126264717107350e+00	1.219990474958374449e+01	2.936480995669711325e-01	2.344939211082927577e-02	0.000000000000000000e+00
5.672426068491988835e-10	2.429097808638495337e+00	1.214856830304430169e+01	2.952501571678933234e-01	2.273998754136170170e-02	0.000000000000000000e+00
5.941133984965039838e-10	2.431332094220558293e+00	1.209658486324346605e+01	2.967916931523839064e-01	2.205984549646726120e-02	0.000000000000000000e+00
6.222570836730231313e-10	2.432845075978080640e+00	1.204400106175835639e+01	2.982729735146388284e-01	2.140799956396027132e-02	0.000000000000000000e+00
6.517339604882420571e-10	2.433653423661392257e+00	1.199086399057258490e+01	2.996943038447422158e-01	2.078350584521527350e-02	0.000000000000000000e+00
6.826071834272379248e-10	2.433774471796558370e+00	1.193722112759864018e+01	3.010560280694578039e-01	2.018543223291388924e-02	0.000000000000000000e+00
7.149428986597561750e-10	2.433226199151813596e+00	1.188312026738614513e+01	3.023585308309153508e-01	1.961286778656776836e-02	0.000000000000000000e+00
7.488103857590030225e-10	2.432027160940141819e+00	1.182860939620058716e+01	3.036022355269016315e-01	1.906498341231680285e-02	0.000000000000000000e+00
7.842822061337681836e-10	2.430196408930696883e+00	1.177373530970853110e+01	3.047876334202628268e-01	1.854070802218031958e-02	0.000000000000000000e+00
8.214343584919422200e-10	2.427753334432096732e+00	1.171854359724906125e+01	3.059152689735856745e-01	1.803935819837436047e-02	0.000000000000000000e+00
8.603464416684491388e-10	2.424717624103958080e+00	1.166307988429293729e+01	3.069857058428697716e-01	1.756001548235337772e-02	0.000000000000000000e+00
9.011018251665036851e-10	2.421109220552569941e+00	1.160738979321034492e+01	3.079995257466938696e-01	1.710187658875575445e-02	0.000000000000000000e+00
9.437878277775391497e-10	2.416948289900434421e+00	1.155151887590245074e+01	3.089573289302418591e-01	1.666414454435111853e-02	0.000000000000000000e+00
9.884959046625586031e-10	2.412255186407184837e+00	1.149551255913163139e+01	3.098597339117922789e-01	1.624606084210304668e-02	0.000000000000000000e+00
1.035321843295661502e-09	2.407050428820430632e+00	1.143941606369448394e+01	3.107073794213541795e-01	1.584688402121060130e-02	0.000000000000000000e+00
1.084365968689608688e-09	2.401354643121201615e+00	1.138327440633752374e+01	3.115009197510902328e-01	1.546590502767958807e-02	0.000000000000000000e+00
1.135733358343102889e-09	2.395188569135487278e+00	1.132713230822627004e+01	3.122410308041360105e-01	1.510243840451608137e-02	0.000000000000000000e+00
1.189534067370320724e-09	2.388572892421130245e+00	1.127103326598821198e+01	3.129284166505024167e-01	1.475581950832975490e-02	0.000000000000000000e+00
1.245883364295008068e-09	2.381528118792731075e+00	1.121501914835039315e+01	3.135638074382131602e-01	1.442539875576581351e-02	0.000000000000000000e+00
1.304901978014401580e-09	2.374074686371486997e+00	1.115913139889337025e+01	3.141479434403081084e-01	1.411055900227524418e-02	0.000000000000000000e+00
1.366716356462010101e-09	2.366232908776755295e+00	1.110341100734255093e+01	3.146815705470699664e-01	1.381070204931148827e-02	0.000000000000000000e+00
1.431458937523481393e-09	2.358022979735033609e+00	1.104789852969517128e+01	3.151654423586464637e-01	1.352526295164032701e-02	0.000000000000000000e+00
1.499268432786047049e-09	2.349464942982028237e+00	1.099263398875300624e+01	3.156003210193720210e-01	1.325369246132702961e-02	0.000000000000000000e+00
1.570290124729377524e-09	2.340578657855076461e+00	1.093765686190205066e+01	3.159869749083206170e-01	1.299547298786514135e-02	0.000000000000000000e+00
1.644676177994662829e-09	2.331383828947152903e+00	1.088300604388664361e+01	3.163261855864456518e-01	1.275010506486290614e-02	0.000000000000000000e+00
1.722585965398783835e-09	2.321899898892012093e+00	1.082871977751140768e+01	3.166187371379926563e-01	1.251710514411148896e-02	0.000000000000000000e+00
1.804186409392068039e-09	2.312145991938511891e+00	1.077483491321494391e+01	3.168654317975081458e-01	1.229602256318279400e-02	0.000000000000000000e+00
1.889652339691211477e-09	2.302140838380029919e+00	1.072138704843470158e+01	3.170670773732926495e-01	1.208641124611191213e-02	0.000000000000000000e+00
1.979166867853557524e-09	2.291902876834282843e+00	1.066841112862861607e+01	3.172244850179439801e-01	1.188785394803566764e-02	0.000000000000000000e+00
2.072921779595369695e-09	2.281450255047650533e+00	1.061594142842947797e+01	3.173384711721960461e-01	1.169994830886762760e-02	0.000000000000000000e+00
2.171117945694509622e-09	2.270800811047218648e+00	1.056401151572299391e+01	3.174098572364952298e-01	1.152231685513767194e-02	0.000000000000000000e+00
2.273965752357932151e-09	2.259972065115243289e+00	1.051265421148884549e+01	3.174394707833703144e-01	1.135458870889918120e-02	0.000000000000000000e+00
2.381685551976160644e-09	2.248981198948918347e+00	1.046190161396491725e+01	3.174281429451593084e-01	1.119642746257335300e-02	0.000000000000000000e+00
2.494508135230316413e-09	2.237845084039573607e+00	1.041178496827026656e+01	3.173767173164165900e-01	1.104749458196515287e-02	0.000000000000000000e+00
2.612675225563326382e-09	2.226580200990323277e+00	1.036233465807553067e+01	3.172860397292283641e-01	1.090748143907183630e-02	0.000000000000000000e+00
2.736439997074666368e-09	2.215202583960473426e+00	1.031357985828325852e+01	3.171569616477327158e-01	1.077608657321529710e-02	0.000000000000000000e+00
2.866067616948244470e-09	2.203727915246874502e+00	1.026554884442854387e+01	3.169903448403203483e-01	1.065302548971668040e-02	0.000000000000000000e+00
3.001835813575592210e-09	2.192171500598961931e+00	1.021826911473701394e+01	3.167870546698530188e-01	1.053802255890470135e-02	0.000000000000000000e+00
3.144035471591500167e-09	2.180548290574742865e+00	1.017176735073089766e+01	3.165479648169861604e-01	1.043082575953332286e-02	0.000000000000000000e+00
3.292971255097148186e-09	2.168872847374891499e+00	1.012606940667162725e+01	3.162739531810599414e-01	1.033118559432657027e-02	0.000000000000000000e+00
3.448962260405766611e-09	2.157159401246680819e+00	1.008120024773696066e+01	3.159659122970541190e-01	1.023887218054785574e-02	0.000000000000000000e+00
3.612342699709437910e-09	2.145421781684506257e+00	1.003718400123301180e+01	3.156247379473751669e-01	1.015365882484554026e-02	0.000000000000000000e+00
3.783462617131932968e-09	2.133673465744766240e+00	9.994043875655634679e+00	3.152513388546783202e-01	1.007533856025362960e-02	0.000000000000000000e+00
3.962688638701478467e-09	2.121927545626729028e+00	9.951802167744682848e+00	3.148466317500526190e-01	1.000371158592187198e-02	0.000000000000000000e+00
4.150404757850472502e-09	2.110196754954880571e+00	9.910480239116704837e+00	3.144115459271487611e-01	9.938588164819949292e-03	0.000000000000000000e+00
4.347013158125017173e-09	2.098493454963466398e+00	9.870098620481661200e+00	3.139470177493998704e-01	9.879778303644072210e-03	0.000000000000000000e+00
4.552935074866938773e-09	2.086829660242123907e+00	9.830676895510217506e+00	3.134539979239283070e-01	9.827117497715859643e-03	0.000000000000000000e+00
4.768611697714474181e-09	2.075217024082526951e+00	9.792233743083391673e+00	3.129334476700245116e-01	9.780438006504323795e-03	0.000000000000000000e+00
4.994505115855140358e-09	2.063666846294344825e+00	9.754786901064264271e+00	3.123863406278679644e-01	9.739586731927447200e-03	0.000000000000000000e+00
5.231099308056257792e-09	2.052190070479435580e+00	9.718353166493267636e+00	3.118136619364240691e-01	9.704409504924380730e-03	0.000000000000000000e+00
5.478901179593956120e-09	2.040797290600699476e+00	9.682948350555950157e+00	3.112164100694267965e-01	9.674765047102601434e-03	0.000000000000000000e+00
5.738441648302404521e-09	2.029498788554255029e+00	9.648587383435762277e+00	3.105955985240251849e-01	9.650516769772502293e-03	0.000000000000000000e+00
6.010276782070388176e-09	2.018304539962713307e+00	9.615284349547101428e+00	3.099522548593273141e-01	9.631533312387672435e-03	0.000000000000000000e+00
6.294988990221888141e-09	2.007224190304084832e+00	9.583052303003231742e+00	3.092874221642101795e-01	9.617692866144486596e-03	0.000000000000000000e+00
6.593188271333541710e-09	1.996267055623751174e+00	9.551903364277947617e+00	3.086021551070546876e-01	9.608865860435715153e-03	0.000000000000000000e+00
6.905513520162316861e-09	1.985442124201957759e+00	9.521848412837433884e+00	3.078975290777029583e-01	9.604945112924130265e-03	0.000000000000000000e+00
7.232633896483518810e-09	1.974758054828691600e+00	9.492897555632973550e+00	3.071746236469639624e-01	9.605811174736087268e-03	0.000000000000000000e+00
7.575250258771920716e-09	1.964223175105552777e+00	9.465059673701512466e+00	3.064345357073063880e-01	9.611362389024599023e-03	0.000000000000000000e+00
7.934096665797492339e-09	1.953845501883450630e+00	9.438342578570773966e+00	3.056783762802061655e-01	9.621487107856216761e-03	0.000000000000000000e+00
8.309941949353386453e-09	1.943632764927050394e+00	9.412753106913795520e+00	3.049072697710968338e-01	9.636084040565009307e-03	0.000000000000000000e+00
8.703591361485183753e-09	1.933592438666778213e+00	9.388297054943167907e+00	3.041223596535613805e-01	9.655052003868000443e-03	0.000000000000000000e+00
9.115888299750837812e-09	1.923731714795893000e+00	9.364979222031172057e+00	3.033248012770766722e-01	9.678292287104778985e-03	0.000000000000000000e+00
9.547716114208065503e-09	1.914057465993958873e+00	9.342803166964795736e+00	3.025157624265303324e-01	9.705706060366931648e-03	0.000000000000000000e+00
1.000000000000000021e-08	1.904576231452587365e+00	9.321771149187329186e+00	3.016964211746061553e-01	9.737195679745756782e-03	0.000000000000000000e+00
