pc	M	R	C	k2	j3
9.999999999999999799e-13	8.540023405330025852e-02	1.780820977694787643e+01	7.081235420764385967e-03	1.960126135997489194e-02	0.000000000000000000e+00
1.047370897959448749e-12	8.612176865067870668e-02	1.747257095826879336e+01	7.278239832352959710e-03	1.989881772434185653e-02	0.000000000000000000e+00
1.096985797892381920e-12	8.696101096885934523e-02	1.713407552427492675e+01	7.494352874759859298e-03	2.025732975499985530e-02	0.000000000000000000e+00
1.148951000187311009e-12	8.792610782650756018e-02	1.679483728872657622e+01	7.730583639267448945e-03	2.068259388618917671e-02	0.000000000000000000e+00
1.203377840777590522e-12	8.902477736255265395e-02	1.645692995221622112e+01	7.987894323012027439e-03	2.118051159806530123e-02	0.000000000000000000e+00
1.260382929679727463e-12	9.026431025077079340e-02	1.612233857673890469e+01	8.267196600063765263e-03	2.175708468850131444e-02	0.000000000000000000e+00
1.320088400831416649e-12	9.165157586903328879e-02	1.579291734726877650e+01	8.569348580099354906e-03	2.241840771609061173e-02	0.000000000000000000e+00
1.382622173764653478e-12	9.319303503885519036e-02	1.547035531932754893e+01	8.895152583522997203e-03	2.317063289640768423e-02	0.000000000000000000e+00
1.448118227674535917e-12	9.489475853565898511e-02	1.515615121827163136e+01	9.245353693803816039e-03	2.401990964242339474e-02	0.000000000000000000e+00
1.516716888470924089e-12	9.676244993308995290e-02	1.485159742946278172e+01	9.620639076215631302e-03	2.497234749375824500e-02	0.000000000000000000e+00
1.588565129428052692e-12	9.880147024493698971e-02	1.455777285803465126e+01	1.002163782125363792e-02	2.603390325518280604e-02	0.000000000000000000e+00
1.663816886076127415e-12	1.010168619114251432e-01	1.427554366981613576e+01	1.044892113203730113e-02	2.721030754631350093e-02	0.000000000000000000e+00
1.742633386009647278e-12	1.034133695289700394e-01	1.400557062189432145e+01	1.090300261612070498e-02	2.850693537223935453e-02	0.000000000000000000e+00
1.825183494319046040e-12	1.059954549885473302e-01	1.374832152208622205e+01	1.138433844303396794e-02	2.992869120330150096e-02	0.000000000000000000e+00
1.911644075385703708e-12	1.087673048180925472e-01	1.350408731732296808e+01	1.189332713731837410e-02	3.147986256437294850e-02	0.000000000000000000e+00
2.002200371815584363e-12	1.117328278582556955e-01	1.327300043859168888e+01	1.243030877309438814e-02	3.316397927792025940e-02	0.000000000000000000e+00
2.097046401323230665e-12	1.148956294271888529e-01	1.305505495985448761e+01	1.299556121209462928e-02	3.498366331897224263e-02	0.000000000000000000e+00
2.196385372416542332e-12	1.182588790784686039e-01	1.285013251591975525e+01	1.358927811557979898e-02	3.694040688936118394e-02	0.000000000000000000e+00
2.300430119772921506e-12	1.218255761124563546e-01	1.265800509508656013e+01	1.421161529454120429e-02	3.903463836359189615e-02	0.000000000000000000e+00
2.409403560239526876e-12	1.255988081907113141e-01	1.247834729267086651e+01	1.486273330170020425e-02	4.126578188813197906e-02	0.000000000000000000e+00
2.523539170434765862e-12	1.295818055358617937e-01	1.231076047877476931e+01	1.554280435284374588e-02	4.363224920764827847e-02	0.000000000000000000e+00
2.643081486974102692e-12	1.337779823420578440e-01	1.215479360799834119e+01	1.625201774388353865e-02	4.613141997199805139e-02	0.000000000000000000e+00
2.768286630392061017e-12	1.381909704817463613e-01	1.200996068801828720e+01	1.699058436359022692e-02	4.875967274611759522e-02	0.000000000000000000e+00
2.899422853882880921e-12	1.428246468624433663e-01	1.187575516667575215e+01	1.775874039026583209e-02	5.151239164079181310e-02	0.000000000000000000e+00
3.036771118035460378e-12	1.476831554020633930e-01	1.175166156233695069e+01	1.855675023121054062e-02	5.438401713602909054e-02	0.000000000000000000e+00
3.180625692794118977e-12	1.527709246449058533e-01	1.163716466769703928e+01	1.938490881810920122e-02	5.736809656884905156e-02	0.000000000000000000e+00
3.331294787934670055e-12	1.580926816649264044e-01	1.153175668076294969e+01	2.024354330685139425e-02	6.045734469461940680e-02	0.000000000000000000e+00
3.489101213406766494e-12	1.636534631593009881e-01	1.143494257214653942e+01	2.113301431660128543e-02	6.364372567452304674e-02	0.000000000000000000e+00
3.654383070957261569e-12	1.694586241813256233e-01	1.134624399852886967e+01	2.205371675152951322e-02	6.691851142207334846e-02	0.000000000000000000e+00
3.827494478516314936e-12	1.755138448544181218e-01	1.126520202957841477e+01	2.300608025093894143e-02	7.027239012515272554e-02	0.000000000000000000e+00
4.008806328898464320e-12	1.818251356048415091e-01	1.119137891460648149e+01	2.399056935486207007e-02	7.369553440764532726e-02	0.000000000000000000e+00
4.198707084443905621e-12	1.883988411058566126e-01	1.112435908998107514e+01	2.500768341495290467e-02	7.717769027583594454e-02	0.000000000000000000e+00
4.397603609302712498e-12	1.952416428501848877e-01	1.106374959755868836e+01	2.605795623990030466e-02	8.070825547286067381e-02	0.000000000000000000e+00
4.605922041145112927e-12	2.023604943665783806e-01	1.100918050730548003e+01	2.714194550826367833e-02	8.427635613764301870e-02	0.000000000000000000e+00
4.824108704165373984e-12	2.097624924678379854e-01	1.096030486639545387e+01	2.826021329665611564e-02	8.787083336286639901e-02	0.000000000000000000e+00
5.052631065335679604e-12	2.174549571982214990e-01	1.091679666157052608e+01	2.941333886486210275e-02	9.148039576141617224e-02	0.000000000000000000e+00
5.291978735958436557e-12	2.254454404215052721e-01	1.087834964911962032e+01	3.060192014813062703e-02	9.509367934471213424e-02	0.000000000000000000e+00
5.542664520663095602e-12	2.337417147318108235e-01	1.084467631579473057e+01	3.182657221091939048e-02	9.869933539126865552e-02	0.000000000000000000e+00
5.805225516094907684e-12	2.423517608950562230e-01	1.081550680575870338e+01	3.308792553508854012e-02	1.022860909470095642e-01	0.000000000000000000e+00
6.080224261649427052e-12	2.512837538731267917e-01	1.079058783603620775e+01	3.438662417016181277e-02	1.058427983990694182e-01	0.000000000000000000e+00
6.368249944718585906e-12	2.605460472375542569e-01	1.076968161884460962e+01	3.572332373574536868e-02	1.093585114915412576e-01	0.000000000000000000e+00
6.669919663030115058e-12	2.701471562290861383e-01	1.075256479988808600e+01	3.709868934332929274e-02	1.128225055386039982e-01	0.000000000000000000e+00
6.985879746785234820e-12	2.800957385332630278e-01	1.073902743345782085e+01	3.851339329130364086e-02	1.162243633543488808e-01	0.000000000000000000e+00
7.316807143427207274e-12	2.904005739120673613e-01	1.072887198801143604e+01	3.996811274885302134e-02	1.195539754591061765e-01	0.000000000000000000e+00
7.663410868007462274e-12	3.010705413515705198e-01	1.072191239999783186e+01	4.146352721651445222e-02	1.228016005452284148e-01	0.000000000000000000e+00
8.026433522257174683e-12	3.121145943470084450e-01	1.071797317086093493e+01	4.300031588956833989e-02	1.259578965235813863e-01	0.000000000000000000e+00
8.406652885618316356e-12	3.235417341414049130e-01	1.071688851232150519e+01	4.457915490062591690e-02	1.290139237913609793e-01	0.000000000000000000e+00
8.804883581643446547e-12	3.353609801053226702e-01	1.071850154198472183e+01	4.620071433502354052e-02	1.319612092530856873e-01	0.000000000000000000e+00
9.221978823334340144e-12	3.475813384879850032e-01	1.072266352202394479e+01	4.786565522957431096e-02	1.347917369509558372e-01	0.000000000000000000e+00
9.658832241158709141e-12	3.602116566586517910e-01	1.072923308027468714e+01	4.957461131216609612e-02	1.374979452893859977e-01	0.000000000000000000e+00
1.011637979766206976e-11	3.732596581977379313e-01	1.073807464986701632e+01	5.132806240203768855e-02	1.400725801660186176e-01	0.000000000000000000e+00
1.059560179277614774e-11	3.867321055039464328e-01	1.074905703379436872e+01	5.312636422353535920e-02	1.425088010254836612e-01	0.000000000000000000e+00
1.109752496412069864e-11	4.006351419848742657e-01	1.076205266228094004e+01	5.496980080832392784e-02	1.448002972465095295e-01	0.000000000000000000e+00
1.162322468679854125e-11	4.149742240082125999e-01	1.077693694372786481e+01	5.685858070869556635e-02	1.469413096587341705e-01	0.000000000000000000e+00
1.217382727739662020e-11	4.297540473764449587e-01	1.079358771956969854e+01	5.879283265985615903e-02	1.489266430722461509e-01	0.000000000000000000e+00
1.275051240713012859e-11	4.449784723824322663e-01	1.081188480377680783e+01	6.077260126522340822e-02	1.507516855945369438e-01	0.000000000000000000e+00
1.335451562929897339e-11	4.606504479974940502e-01	1.083170959306122860e+01	6.279784277969553685e-02	1.524124217837577733e-01	0.000000000000000000e+00
1.398713102647241439e-11	4.767719357976138439e-01	1.085294473796833969e+01	6.486842105721030149e-02	1.539054442941664713e-01	0.000000000000000000e+00
1.464971398307287854e-11	4.933438344384427077e-01	1.087547387116094377e+01	6.698410372287583181e-02	1.552279581189357771e-01	0.000000000000000000e+00
1.534368408930013065e-11	5.103659046109370045e-01	1.089918138141868909e+01	6.914455855554077490e-02	1.563777945061598229e-01	0.000000000000000000e+00
1.607052818261638620e-11	5.278366963198470874e-01	1.092395223824866690e+01	7.134935022746656530e-02	1.573534060296564174e-01	0.000000000000000000e+00
1.683180353330955093e-11	5.457534780650975526e-01	1.094967185569900003e+01	7.359793733364174140e-02	1.581538738375806719e-01	0.000000000000000000e+00
1.762914118095944293e-11	5.641121693263118075e-01	1.097622599560952139e+01	7.588966981945954871e-02	1.587789039439891636e-01	0.000000000000000000e+00
1.846424942895546448e-11	5.829072769730752057e-01	1.100350070783778200e+01	7.822378682090538882e-02	1.592288183346756425e-01	0.000000000000000000e+00
1.933891750455232057e-11	6.021318363016910924e-01	1.103138230402449693e+01	8.059941494623995561e-02	1.595045460013645167e-01	0.000000000000000000e+00
2.025501939230666486e-11	6.217773695096320274e-01	1.105975738076766390e+01	8.301556849960968487e-02	1.596076172649127101e-01	0.000000000000000000e+00
2.121451784910627571e-11	6.418346871656529506e-01	1.108851417151695351e+01	8.547125157508458915e-02	1.595401511924806059e-01	0.000000000000000000e+00
2.221946860939528424e-11	6.622950219963050777e-01	1.111754498171242211e+01	8.796559214574486973e-02	1.593048232804900044e-01	0.000000000000000000e+00
2.327202478960412005e-11	6.831494177859424033e-01	1.114674621514977382e+01	9.049775885412168763e-02	1.589048607319281103e-01	0.000000000000000000e+00
2.437444150122221807e-11	7.043886429049831532e-01	1.117601870838769962e+01	9.306694541426374645e-02	1.583440191948875808e-01	0.000000000000000000e+00
2.552908068239516723e-11	7.260031867512455328e-01	1.120526796527718005e+01	9.567236620655064638e-02	1.576265273439324266e-01	0.000000000000000000e+00
2.673841615839943880e-11	7.479832570059460339e-01	1.123440427642475825e+01	9.831325236566511305e-02	1.567570834199266128e-01	0.000000000000000000e+00
2.800503894183625342e-11	7.703187779850048100e-01	1.126334275713814748e+01	1.009888482815094191e-01	1.557407495886502513e-01	0.000000000000000000e+00
2.933166278390048099e-11	7.929993890823009428e-01	1.129200333910497278e+01	1.036984081949726827e-01	1.545829791937310960e-01	0.000000000000000000e+00
3.072112998861759207e-11	8.160144440341352556e-01	1.132031071899912256e+01	1.064411930413444035e-01	1.532895103841588891e-01	0.000000000000000000e+00
3.217641750250735458e-11	8.393530105196759239e-01	1.134819428477452519e+01	1.092164673600685976e-01	1.518663941601408884e-01	0.000000000000000000e+00
3.370064329271925032e-11	8.630038703607583184e-01	1.137558801952091869e+01	1.120234963570325426e-01	1.503198636256968812e-01	0.000000000000000000e+00
3.529707302730657668e-11	8.869555196592803226e-01	1.140243039567452854e+01	1.148615429546413214e-01	1.486563718087640096e-01	0.000000000000000000e+00
3.696912707195032437e-11	9.111961696271412281e-01	1.142866425920206375e+01	1.177298649616031062e-01	1.468825154478651251e-01	0.000000000000000000e+00
3.872038781812557004e-11	9.357137476280438237e-01	1.145423670852600040e+01	1.206277122787206696e-01	1.450050111417355847e-01	0.000000000000000000e+00
4.055460735840827506e-11	9.604959081670918497e-01	1.147909898090175140e+01	1.235543252772554335e-01	1.430306420372288723e-01	0.000000000000000000e+00
4.247571552536894126e-11	9.855303063812180797e-01	1.150320650871725014e+01	1.265089649632473168e-01	1.409662176898948405e-01	0.000000000000000000e+00
4.448782831127576069e-11	1.010804300278166590e+00	1.152651801101925599e+01	1.294908801200360948e-01	1.388185269393223675e-01	0.000000000000000000e+00
4.659525668664686662e-11	1.036304315807652587e+00	1.154899430666065996e+01	1.324992361526099172e-01	1.365943456938593092e-01	0.000000000000000000e+00
4.880251583654433574e-11	1.062015820198309424e+00	1.157059800622504220e+01	1.355331137482555792e-01	1.343003988421713202e-01	0.000000000000000000e+00
5.111433483440165318e-11	1.087923339146792179e+00	1.159129334709992420e+01	1.385915116946901671e-01	1.319433446838593205e-01	0.000000000000000000e+00
5.353566677410718816e-11	1.114010479599359504e+00	1.161104608634535396e+01	1.416733497232714190e-01	1.295297464902523676e-01	0.000000000000000000e+00
5.607169938205469661e-11	1.140259957168146432e+00	1.162982343185664291e+01	1.447774713981084815e-01	1.270660612739600293e-01	0.000000000000000000e+00
5.872786613189488850e-11	1.166653628173880630e+00	1.164759400060394334e+01	1.479026471261694620e-01	1.245586145129190941e-01	0.000000000000000000e+00
6.150985788580503926e-11	1.193172526217766372e+00	1.166432779840685185e+01	1.510475773008789213e-01	1.220135944150210067e-01	0.000000000000000000e+00
6.442363508721370414e-11	1.219796903112492226e+00	1.167999621539081900e+01	1.542108955982582630e-01	1.194370292169950887e-01	0.000000000000000000e+00
6.747544053110686101e-11	1.246506273989040903e+00	1.169457203335042905e+01	1.573911724277968494e-01	1.168347816713900117e-01	0.000000000000000000e+00
7.067181273927477085e-11	1.273279466664386295e+00	1.170802944267302337e+01	1.605869185634133667e-01	1.142125416761448631e-01	0.000000000000000000e+00
7.401959996915652408e-11	1.300094674773325298e+00	1.172034406661665784e+01	1.637965889104823214e-01	1.115757996755257914e-01	0.000000000000000000e+00
7.752597488629464062e-11	1.326929514965704993e+00	1.173149299034811577e+01	1.670185864772642248e-01	1.089298485733296573e-01	0.000000000000000000e+00
8.119844993184008328e-11	1.353761115531956438e+00	1.174145480505650418e+01	1.702512698416831227e-01	1.062797883884445821e-01	0.000000000000000000e+00
8.504489341802668113e-11	1.380566394524830098e+00	1.175020972098011640e+01	1.734929831463790650e-01	1.036304616074285867e-01	0.000000000000000000e+00
8.907354638610458163e-11	1.407322052383926936e+00	1.175773958926932750e+01	1.767420511604198274e-01	1.009864954531827230e-01	0.000000000000000000e+00
9.329304026284695888e-11	1.434004540214711465e+00	1.176402792128904551e+01	1.799967712093861194e-01	9.835228801710800550e-02	0.000000000000000000e+00
9.771241535346501225e-11	1.460590124672932921e+00	1.176905993260951711e+01	1.832554167352248298e-01	9.573199668192808320e-02	0.000000000000000000e+00
1.023411402105452712e-10	1.487054954960870701e+00	1.177282257770949414e+01	1.865162410872245047e-01	9.312957047883024808e-02	0.000000000000000000e+00
1.071891319205126445e-10	1.513375130339204899e+00	1.177530457983418266e+01	1.897774813054445842e-01	9.054871504659435522e-02	0.000000000000000000e+00
1.122667773510811312e-10	1.539526769076485557e+00	1.177649645411472257e+01	1.930373620693760506e-01	8.799290493157993498e-02	0.000000000000000000e+00
1.175849554052158201e-10	1.565486077102124618e+00	1.177639052936832975e+01	1.962940995345066608e-01	8.546538574159749657e-02	0.000000000000000000e+00
1.231550603292826197e-10	1.591229418577332133e+00	1.177498096178803699e+01	1.995459054703084822e-01	8.296916953103122827e-02	0.000000000000000000e+00
1.289890261253308184e-10	1.616733384592875522e+00	1.177226374841111500e+01	2.027909911228087392e-01	8.050703985089648074e-02	0.000000000000000000e+00
1.350993521198024986e-10	1.641974862361697873e+00	1.176823673236120626e+01	2.060275712581845498e-01	7.808155589772759753e-02	0.000000000000000000e+00
1.414991297434578731e-10	1.666931103881672538e+00	1.176289960774661125e+01	2.092538681538679834e-01	7.569505233285012125e-02	0.000000000000000000e+00
1.482020705798860072e-10	1.691579792607682542e+00	1.175625391624485161e+01	2.124681155175348890e-01	7.334964275327171546e-02	0.000000000000000000e+00
1.552225357427047968e-10	1.715899109507973641e+00	1.174830304307425166e+01	2.156685624001724311e-01	7.104722964001604357e-02	0.000000000000000000e+00
1.625755666443793407e-10	1.739867806523953675e+00	1.173905218688621588e+01	2.188534786065950977e-01	6.878950213437366734e-02	0.000000000000000000e+00
1.702769172225897821e-10	1.763465175386205841e+00	1.172850823371455142e+01	2.220211488963509949e-01	6.657795042758439530e-02	0.000000000000000000e+00
1.783430876931905687e-10	1.786670937013387750e+00	1.171667959437152007e+01	2.251698581349497741e-01	6.441387177682376952e-02	0.000000000000000000e+00
1.867913599020784805e-10	1.809465288180805098e+00	1.170357611015412935e+01	2.282978952007153339e-01	6.229838859062893086e-02	0.000000000000000000e+00
1.956398343517064725e-10	1.831828971133201867e+00	1.168920899929498880e+01	2.314035592267639496e-01	6.023244041076600969e-02	0.000000000000000000e+00
2.049074689815846066e-10	1.853743344140510008e+00	1.167359082061057229e+01	2.344851658272163464e-01	5.821679243302044920e-02	0.000000000000000000e+00
2.146141197858401440e-10	1.875190450263492403e+00	1.165673544942015916e+01	2.375410530487313820e-01	5.625204858448568102e-02	0.000000000000000000e+00
2.247805833548729991e-10	1.896153083049980648e+00	1.163865805631291472e+01	2.405695870730215069e-01	5.433864638020303311e-02	0.000000000000000000e+00
2.354286414322420067e-10	1.916614848580210140e+00	1.161937508980150291e+01	2.435691675843957571e-01	5.247687508650451110e-02	0.000000000000000000e+00
2.465811075822603842e-10	1.936560223162650418e+00	1.159890425782534784e+01	2.465382328259242695e-01	5.066687783234026521e-02	0.000000000000000000e+00
2.582618760682674929e-10	1.955974606348499734e+00	1.157726450873340163e+01	2.494752643015558935e-01	4.890866288668067885e-02	0.000000000000000000e+00
2.704959730463131364e-10	1.974844368991988564e+00	1.155447601111968048e+01	2.523787911127297612e-01	4.720210931091331497e-02	0.000000000000000000e+00
2.833096101839318258e-10	1.993156895688402042e+00	1.153056012878496794e+01	2.552473939351566634e-01	4.554697833018662989e-02	0.000000000000000000e+00
2.967302408188872501e-10	2.010900622550400474e+00	1.150553940003224085e+01	2.580797085657550172e-01	4.394291736274705262e-02	0.000000000000000000e+00
3.107866187782014063e-10	2.028065071083123616e+00	1.147943749670120006e+01	2.608744296905937121e-01	4.238947399652761433e-02	0.000000000000000000e+00
3.255088599835056406e-10	2.044640954519899800e+00	1.145227902692407440e+01	2.636303278954700291e-01	4.088609065063306125e-02	0.000000000000000000e+00
3.409285069746807543e-10	2.060620107604561380e+00	1.142408938950986652e+01	2.663462433791220496e-01	3.943211838631591887e-02	0.000000000000000000e+00
3.570785964900469852e-10	2.075995304922023887e+00	1.139489485252904899e+01	2.690210602448762645e-01	3.802684363479286178e-02	0.000000000000000000e+00
3.739937302478801677e-10	2.090760266293060443e+00	1.136472247613360942e+01	2.716537084896516463e-01	3.666948462649365081e-02	0.000000000000000000e+00
3.917101490809260641e-10	2.104909675869402363e+00	1.133360005018477956e+01	2.742431677153829295e-01	3.535920236630908653e-02	0.000000000000000000e+00
4.102658105827190344e-10	2.118439199356757285e+00	1.130155604681475801e+01	2.767884705322349315e-01	3.409510551984420296e-02	0.000000000000000000e+00
4.297004704320835313e-10	2.131345496873540135e+00	1.126861957838300121e+01	2.792887055334442037e-01	3.287626434575199180e-02	0.000000000000000000e+00
4.500557675700488183e-10	2.143626233103063772e+00	1.123482036411792429e+01	2.817430199590865714e-01	3.170169602291972311e-02	0.000000000000000000e+00
4.713753134116729086e-10	2.155280081343125431e+00	1.120018869675789652e+01	2.841506217996805916e-01	3.057039283692974604e-02	0.000000000000000000e+00
4.937047852839003559e-10	2.166306723256270494e+00	1.116475540910835562e+01	2.865107815653492596e-01	2.948131503794829480e-02	0.000000000000000000e+00
5.170920242896755486e-10	2.176706844633781390e+00	1.112855184582327084e+01	2.888228336127681151e-01	2.843339981333693062e-02	0.000000000000000000e+00
5.415871378079465267e-10	2.186482125923185471e+00	1.109160983051942040e+01	2.910861771000734510e-01	2.742556619572730434e-02	0.000000000000000000e+00
5.672426068491988835e-10	2.195635228854195375e+00	1.105396163487872840e+01	2.933002765632094500e-01	2.645671886620850483e-02	0.000000000000000000e+00
5.941133984965039838e-10	2.204169778103626687e+00	1.101563994403761271e+01	2.954646621052837707e-01	2.552575286625487216e-02	0.000000000000000000e+00
6.222570836730231313e-10	2.212090350045414322e+00	1.097667777896079322e+01	2.975789318721979160e-01	2.463155941546747024e-02	0.000000000000000000e+00
6.517339604882420571e-10	2.219402544912372655e+00	1.093710775609461194e+01	2.996427842028585031e-01	2.377301128008620090e-02	0.000000000000000000e+00
6.826071834272379248e-10	2.226112801092287263e+00	1.089696219194578930e+01	3.016559930836665293e-01	2.294898011759247819e-02	0.000000000000000000e+00
7.149428986597561750e-10	2.232228200653072037e+00	1.085627356635971097e+01	3.036183717838819573e-01	2.215835086648565086e-02	0.000000000000000000e+00
7.488103857590030225e-10	2.237756437760424877e+00	1.081507445181748217e+01	3.055297725445932921e-01	2.140002260920095128e-02	0.000000000000000000e+00
7.842822061337681836e-10	2.242705801564091495e+00	1.077339746313902324e+01	3.073900877859411240e-01	2.067291321090916623e-02	0.000000000000000000e+00
8.214343584919422200e-10	2.247085151816676785e+00	1.073127520341908969e+01	3.091992505443897921e-01	1.997595796334366430e-02	0.000000000000000000e+00
8.603464416684491388e-10	2.250903903067984047e+00	1.068874023898027659e+01	3.109572353496372066e-01	1.930811040520110863e-02	0.000000000000000000e+00
9.011018251665036851e-10	2.254172000259254460e+00	1.064582505903841536e+01	3.126640584304430925e-01	1.866834662065185169e-02	0.000000000000000000e+00
9.437878277775391497e-10	2.256899904799730461e+00	1.060256208308707748e+01	3.143197780303607636e-01	1.805566065672884607e-02	0.000000000000000000e+00
9.884959046625586031e-10	2.259098558135308021e+00	1.055898359055140645e+01	3.159244939172693445e-01	1.746907193372938469e-02	0.000000000000000000e+00
1.035321843295661502e-09	2.260779370321696735e+00	1.051512174888704720e+01	3.174783474929311899e-01	1.690762137512893948e-02	0.000000000000000000e+00
1.084365968689608688e-09	2.261954187634600100e+00	1.047100857163703402e+01	3.189815210597484740e-01	1.637037446718413863e-02	0.000000000000000000e+00
1.135733358343102889e-09	2.262635264870394902e+00	1.042667589779891557e+01	3.204342371120286193e-01	1.585641946475982444e-02	0.000000000000000000e+00
1.189534067370320724e-09	2.262835243477936409e+00	1.038215539770867757e+01	3.218367576242063266e-01	1.536487265621019720e-02	0.000000000000000000e+00
1.245883364295008068e-09	2.262567117194741684e+00	1.033747838276007336e+01	3.231893876490796180e-01	1.489487108833714019e-02	0.000000000000000000e+00
1.304901978014401580e-09	2.261844143953521957e+00	1.029267467610637432e+01	3.244925010314780867e-01	1.444556746510647013e-02	0.000000000000000000e+00
1.366716356462010101e-09	2.260679746121585065e+00	1.024777338681995786e+01	3.257465054044213493e-01	1.401613823971404292e-02	0.000000000000000000e+00
1.431458937523481393e-09	2.259087442260047762e+00	1.020280336923144660e+01	3.269518202424198661e-01	1.360579250575327456e-02	0.000000000000000000e+00
1.499268432786047049e-09	2.257080830284585282e+00	1.015779319243175394e+01	3.281088772409189724e-01	1.321376862298734300e-02	0.000000000000000000e+00
1.570290124729377524e-09	2.254673566870357693e+00	1.011277109207937386e+01	3.292181207122343856e-01	1.283933335500292948e-02	0.000000000000000000e+00
1.644676177994662829e-09	2.251879350231308585e+00	1.006776492903908249e+01	3.302800082489152911e-01	1.248178162488202195e-02	0.000000000000000000e+00
1.722585965398783835e-09	2.248711913398237172e+00	1.002280219023593766e+01	3.312950115325855038e-01	1.214043677892343021e-02	0.000000000000000000e+00
1.804186409392068039e-09	2.245185002012704434e+00	9.977909943540579363e+00	3.322636163506405005e-01	1.181464808058734807e-02	0.000000000000000000e+00
1.889652339691211477e-09	2.241312373218787179e+00	9.933114852273147832e+00	3.331863237213864015e-01	1.150378803769855005e-02	0.000000000000000000e+00
1.979166867853557524e-09	2.237107777203867887e+00	9.888443152744519793e+00	3.340636496419192580e-01	1.120725577285078614e-02	0.000000000000000000e+00
2.072921779595369695e-09	2.232584947377001861e+00	9.843920638876603846e+00	3.348961258375080519e-01	1.092447144080881637e-02	0.000000000000000000e+00
2.171117945694509622e-09	2.227757592769322947e+00	9.799572701220913729e+00	3.356842989498750041e-01	1.065488502128571387e-02	0.000000000000000000e+00
2.273965752357932151e-09	2.222639374594127304e+00	9.755424230627241400e+00	3.364287318932334125e-01	1.039796087804374485e-02	0.000000000000000000e+00
2.381685551976160644e-09	2.217243909349627007e+00	9.711499709693285354e+00	3.371300027455677584e-01	1.015318965265228635e-02	0.000000000000000000e+00
2.494508135230316413e-09	2.211584707925579707e+00	9.667822868750301168e+00	3.377887089448016744e-01	9.920078339460439501e-03	0.000000000000000000e+00
2.612675225563326382e-09	2.205675026410524708e+00	9.624415844934594233e+00	3.384054755932334180e-01	9.698152006691647051e-03	0.000000000000000000e+00
2.736439997074666368e-09	2.199527938287156648e+00	9.581300156455903050e+00	3.389809341006905230e-01	9.486954755682164980e-03	0.000000000000000000e+00
2.866067616948244470e-09	2.193156340732492993e+00	9.538496935927192055e+00	3.395157159516681844e-01	9.286052279772189291e-03	0.000000000000000000e+00
3.001835813575592210e-09	2.186572955561499221e+00	9.496026928944873546e+00	3.400104537330433940e-01	9.095030654900798997e-03	0.000000000000000000e+00
3.144035471591500167e-09	2.179790325588653044e+00	9.453910511735466926e+00	3.404657807344463882e-01	8.913495734309995200e-03	0.000000000000000000e+00
3.292971255097148186e-09	2.172820796219137485e+00	9.412167572462351472e+00	3.408823331009831481e-01	8.741071416712001274e-03	0.000000000000000000e+00
3.448962260405766611e-09	2.165676521972096591e+00	9.370817554449502040e+00	3.412607500528290760e-01	8.577398700606057511e-03	0.000000000000000000e+00
3.612342699709437910e-09	2.158369466451389496e+00	9.329879458839718254e+00	3.416016744903431213e-01	8.422136149967828292e-03	0.000000000000000000e+00
3.783462617131932968e-09	2.150911394267147614e+00	9.289371797836212252e+00	3.419057540979787979e-01	8.274955992004350697e-03	0.000000000000000000e+00
3.962688638701478467e-09	2.143313872222250893e+00	9.249312599418608727e+00	3.421736420043317572e-01	8.135548605531530558e-03	0.000000000000000000e+00
4.150404757850472502e-09	2.135588266044018635e+00	9.209719398906218046e+00	3.424059971747689946e-01	8.003615543657168277e-03	0.000000000000000000e+00
4.347013158125017173e-09	2.127745740333021995e+00	9.170609226086392951e+00	3.426034854407971619e-01	7.878873661376333687e-03	0.000000000000000000e+00
4.552935074866938773e-09	2.119797258752514679e+00	9.131998631171283520e+00	3.427667790801411929e-01	7.761052457403221257e-03	0.000000000000000000e+00
4.768611697714474181e-09	2.111753573906582915e+00	9.093903606682204099e+00	3.428965585746907574e-01	7.649892924111136722e-03	0.000000000000000000e+00
4.994505115855140358e-09	2.103625174814252485e+00	9.056339376630463178e+00	3.429935124723860751e-01	7.545149058127862893e-03	0.000000000000000000e+00
5.231099308056257792e-09	2.095422197175531576e+00	9.019320061036218306e+00	3.430583358428352936e-01	7.446579852541205212e-03	0.000000000000000000e+00
5.478901179593956120e-09	2.087154538827008743e+00	8.982859281561337284e+00	3.430917264152826274e-01	7.353961555818720915e-03	0.000000000000000000e+00
5.738441648302404521e-09	2.078831881703616880e+00	8.946970273960276998e+00	3.430943840178645732e-01	7.267079193394757747e-03	0.000000000000000000e+00
6.010276782070388176e-09	2.070463678121308160e+00	8.911665809035145713e+00	3.430670114157908790e-01	7.185726544728423745e-03	0.000000000000000000e+00
6.294988990221888141e-09	2.062059160547341286e+00	8.876958243328601839e+00	3.430103140173714760e-01	7.109709921378751588e-03	0.000000000000000000e+00
6.593188271333541710e-09	2.053627333892304563e+00	8.842859442317667629e+00	3.429250015554023423e-01	7.038842335624542063e-03	0.000000000000000000e+00
6.905513520162316861e-09	2.045176982420152889e+00	8.809380803716694075e+00	3.428117883126822196e-01	6.972947734889773340e-03	0.000000000000000000e+00
7.232633896483518810e-09	2.036716664415106237e+00	8.776533223166168796e+00	3.426713934970866959e-01	6.911856997592847815e-03	0.000000000000000000e+00
7.575250258771920716e-09	2.028254715837410682e+00	8.744327122140338915e+00	3.425045406563667627e-01	6.855408902710781460e-03	0.000000000000000000e+00
7.934096665797492339e-09	2.019799242351742130e+00	8.712772317538362898e+00	3.423119612868930628e-01	6.803450254294751004e-03	0.000000000000000000e+00
8.309941949353386453e-09	2.011358139522422483e+00	8.681878176867146024e+00	3.420943919937345923e-01	6.755833528456074190e-03	0.000000000000000000e+00
8.703591361485183753e-09	2.002939073935216641e+00	8.651653498482318128e+00	3.418525757600190951e-01	6.712417702568929286e-03	0.000000000000000000e+00
9.115888299750837812e-09	1.994549496855616777e+00	8.622106541216814080e+00	3.415872628330326455e-01	6.673068733315266898e-03	0.000000000000000000e+00
9.547716114208065503e-09	1.986196630738030100e+00	8.593244960956452516e+00	3.412992106184315477e-01	6.637656994605718556e-03	0.000000000000000000e+00
1.000000000000000021e-08	1.977887460034508882e+00	8.565075809839040488e+00	3.409891817618165843e-01	6.606058931996297567e-03	0.000000000000000000e+00
