pc	M	R	C	k2	j3
9.999999999999999799e-13	8.593509542365884712e-02	2.640562046929131412e+01	4.805564622287411720e-03	9.425766989538536533e-04	0.000000000000000000e+00
1.047370897959448749e-12	8.935123159699610851e-02	2.469660175633793031e+01	5.342365283500427088e-03	1.327721715213519942e-03	0.000000000000000000e+00
1.096985797892381920e-12	9.290042396322545359e-02	2.326979451509184571e+01	5.895157095188225185e-03	1.819168846615109962e-03	0.000000000000000000e+00
1.148951000187311009e-12	9.658587427134890380e-02	2.206309226894439846e+01	6.464239952778658149e-03	2.429848982902440072e-03	0.000000000000000000e+00
1.203377840777590522e-12	1.004110484706174644e-01	2.103133349243707073e+01	7.049931982056624122e-03	3.171616385038183560e-03	0.000000000000000000e+00
1.260382929679727463e-12	1.043796343788507691e-01	2.014089846033616027e+01	7.652567452618639493e-03	4.054966052310385316e-03	0.000000000000000000e+00
1.320088400831416649e-12	1.084955137349200571e-01	1.936624788053766011e+01	8.272495303127739424e-03	5.088898795966996860e-03	0.000000000000000000e+00
1.382622173764653478e-12	1.127627437266384980e-01	1.868763543973236452e+01	8.910078212756968388e-03	6.280748492565001867e-03	0.000000000000000000e+00
1.448118227674535917e-12	1.171855434651887518e-01	1.808955545020166156e+01	9.565691693827253761e-03	7.636120337568772128e-03	0.000000000000000000e+00
1.516716888470924089e-12	1.217682678628545512e-01	1.755966535092224845e+01	1.023972111180819489e-02	9.158864121156221408e-03	0.000000000000000000e+00
1.588565129428052692e-12	1.265153588385534988e-01	1.708802217584364058e+01	1.093255542339481752e-02	1.085104709909536294e-02	0.000000000000000000e+00
1.663816886076127415e-12	1.314313177005868305e-01	1.666652698229657403e+01	1.164458424819232209e-02	1.271300157967969989e-02	0.000000000000000000e+00
1.742633386009647278e-12	1.365206932370990611e-01	1.628851555129599049e+01	1.237619698365927806e-02	1.474337748751276128e-02	0.000000000000000000e+00
1.825183494319046040e-12	1.417880691493274004e-01	1.594845328916859906e+01	1.312778189319866590e-02	1.693918163550372710e-02	0.000000000000000000e+00
1.911644075385703708e-12	1.472380521539007892e-01	1.564170477348320709e+01	1.389972518669645683e-02	1.929596382667166793e-02	0.000000000000000000e+00
2.002200371815584363e-12	1.528752569663791583e-01	1.536435750013643364e+01	1.469240973488326191e-02	2.180786108214724517e-02	0.000000000000000000e+00
2.097046401323230665e-12	1.587043052540036414e-01	1.511308489839316493e+01	1.550621571085009261e-02	2.446770506292858180e-02	0.000000000000000000e+00
2.196385372416542332e-12	1.647298623142825769e-01	1.488503832699185025e+01	1.634152614937638137e-02	2.726726600661580346e-02	0.000000000000000000e+00
2.300430119772921506e-12	1.709566774991283511e-01	1.467776267885118813e+01	1.719873252709134062e-02	3.019734544257023437e-02	0.000000000000000000e+00
2.409403560239526876e-12	1.773895883161714093e-01	1.448913063679886193e+01	1.807823521686343152e-02	3.324793048546337282e-02	0.000000000000000000e+00
2.523539170434765862e-12	1.840335187778029957e-01	1.431728980930755490e+01	1.898044319736585592e-02	3.640837486369612880e-02	0.000000000000000000e+00
2.643081486974102692e-12	1.908934806014594143e-01	1.416061964482232227e+01	1.990577422351309106e-02	3.966738481685529866e-02	0.000000000000000000e+00
2.768286630392061017e-12	1.979745732655990020e-01	1.401769628882520813e+01	2.085465474365576222e-02	4.301342561674188769e-02	0.000000000000000000e+00
2.899422853882880921e-12	2.052819874037703218e-01	1.388726351012869564e+01	2.182752037752264812e-02	4.643453442387560776e-02	0.000000000000000000e+00
3.036771118035460378e-12	2.128210701064702504e-01	1.376820795403764919e+01	2.282482417198029162e-02	4.991878094783783193e-02	0.000000000000000000e+00
3.180625692794118977e-12	2.205974126210817066e-01	1.365953896527438083e+01	2.384704701860107176e-02	5.345398190478630601e-02	0.000000000000000000e+00
3.331294787934670055e-12	2.286168864040930560e-01	1.356037273439982904e+01	2.489470094492389485e-02	5.702828500298117581e-02	0.000000000000000000e+00
3.489101213406766494e-12	2.368856592313048348e-01	1.346991905947380452e+01	2.596832984399319658e-02	6.062991971248540835e-02	0.000000000000000000e+00
3.654383070957261569e-12	2.454102111117673068e-01	1.338746999952211603e+01	2.706851018640392750e-02	6.424740308810024392e-02	0.000000000000000000e+00
3.827494478516314936e-12	2.541973560034825330e-01	1.331239009824122377e+01	2.819585240873704116e-02	6.786954641879899830e-02	0.000000000000000000e+00
4.008806328898464320e-12	2.632542201978121943e-01	1.324410821731762766e+01	2.935099688753206593e-02	7.148553954065725580e-02	0.000000000000000000e+00
4.198707084443905621e-12	2.725876515195844174e-01	1.318211286564218554e+01	3.053454038558231151e-02	7.508471489378325259e-02	0.000000000000000000e+00
4.397603609302712498e-12	2.822029408506410153e-01	1.312594675204271688e+01	3.174688597584784250e-02	7.865606115079751270e-02	0.000000000000000000e+00
4.605922041145112927e-12	2.921032827951001720e-01	1.307519477372069971e+01	3.298819140810973355e-02	8.218819757378194313e-02	0.000000000000000000e+00
4.824108704165373984e-12	3.022894819431029556e-01	1.302947310144235615e+01	3.425834808214933691e-02	8.566933952158013732e-02	0.000000000000000000e+00
5.052631065335679604e-12	3.127595425497108339e-01	1.298842056713680648e+01	3.555694676925319486e-02	8.908736274379151776e-02	0.000000000000000000e+00
5.291978735958436557e-12	3.235081260596940345e-01	1.295169156923486042e+01	3.688322903260887048e-02	9.242977560458910669e-02	0.000000000000000000e+00
5.542664520663095602e-12	3.345258392410305759e-01	1.291894959770156603e+01	3.823602175819399568e-02	9.568371629715341498e-02	0.000000000000000000e+00
5.805225516094907684e-12	3.458005706377046962e-01	1.288985908975839756e+01	3.961391550489279378e-02	9.883654011711572041e-02	0.000000000000000000e+00
6.080224261649427052e-12	3.573215424353835545e-01	1.286408383904591979e+01	4.101574205683850699e-02	1.018775290403333283e-01	0.000000000000000000e+00
6.368249944718585906e-12	3.690816954429964047e-01	1.284129729124396668e+01	4.244082734292430048e-02	1.047978213756474014e-01	0.000000000000000000e+00
6.669919663030115058e-12	3.810786123647010859e-01	1.282119341522725087e+01	4.388906797979628960e-02	1.075913969126918585e-01	0.000000000000000000e+00
6.985879746785234820e-12	3.933152811263861404e-01	1.280349518541349241e+01	4.536098875612459835e-02	1.102541961497402884e-01	0.000000000000000000e+00
7.316807143427207274e-12	4.058004993376934655e-01	1.278796076472152166e+01	4.685775928446929417e-02	1.127845981698253480e-01	0.000000000000000000e+00
7.663410868007462274e-12	4.185477959801095493e-01	1.277438750490372854e+01	4.838104094639859853e-02	1.151822764360832807e-01	0.000000000000000000e+00
8.026433522257174683e-12	4.315710907207057079e-01	1.276260898935481158e+01	4.993247766718186126e-02	1.174474789931972546e-01	0.000000000000000000e+00
8.406652885618316356e-12	4.448823047823257659e-01	1.275248488940866132e+01	5.151343964050802277e-02	1.195801168284497257e-01	0.000000000000000000e+00
8.804883581643446547e-12	4.584913105247631071e-01	1.274389240190459383e+01	5.312503732815139490e-02	1.215799424164449305e-01	0.000000000000000000e+00
9.221978823334340144e-12	4.724059704517542535e-01	1.273672053547537786e+01	5.476814013335098291e-02	1.234464332462523184e-01	0.000000000000000000e+00
9.658832241158709141e-12	4.866321125583955021e-01	1.273086593637023789e+01	5.644338544443828348e-02	1.251790156952169442e-01	0.000000000000000000e+00
1.011637979766206976e-11	5.011734983235934804e-01	1.272622975360382647e+01	5.815118554864157768e-02	1.267770025870897654e-01	0.000000000000000000e+00
1.059560179277614774e-11	5.160321824500041510e-01	1.272271561290243191e+01	5.989177753248395991e-02	1.282398704937761924e-01	0.000000000000000000e+00
1.109752496412069864e-11	5.312091548112410910e-01	1.272022911386837229e+01	6.166530050835825755e-02	1.295672309544169121e-01	0.000000000000000000e+00
1.162322468679854125e-11	5.467044297911617390e-01	1.271867784329226758e+01	6.347180675201392897e-02	1.307588260750899567e-01	0.000000000000000000e+00
1.217382727739662020e-11	5.625169860857314186e-01	1.271797090398141883e+01	6.531125801364823236e-02	1.318148132979754250e-01	0.000000000000000000e+00
1.275051240713012859e-11	5.786447057184141984e-01	1.271801863949979783e+01	6.718352113899196676e-02	1.327354219718606676e-01	0.000000000000000000e+00
1.335451562929897339e-11	5.950842897471803061e-01	1.271873227429482789e+01	6.908836171233830037e-02	1.335212596003821917e-01	0.000000000000000000e+00
1.398713102647241439e-11	6.118313654115346001e-01	1.272002373260986197e+01	7.102545926891373762e-02	1.341732498260630180e-01	0.000000000000000000e+00
1.464971398307287854e-11	6.288811604638235853e-01	1.272180639105947364e+01	7.299448314499816515e-02	1.346923166799390004e-01	0.000000000000000000e+00
1.534368408930013065e-11	6.462290886093919884e-01	1.272399644774339045e+01	7.499515357209557420e-02	1.350803885190016151e-01	0.000000000000000000e+00
1.607052818261638620e-11	6.638708220944875560e-01	1.272651373642691652e+01	7.702724514681211221e-02	1.353390497934464365e-01	0.000000000000000000e+00
1.683180353330955093e-11	6.818023440250254863e-01	1.272928222329599102e+01	7.909058896261200733e-02	1.354705385900217829e-01	0.000000000000000000e+00
1.762914118095944293e-11	7.000199823010933020e-01	1.273223031506659808e+01	8.118507313888680132e-02	1.354774319959561046e-01	0.000000000000000000e+00
1.846424942895546448e-11	7.185204337685093812e-01	1.273529107025010276e+01	8.331064235448874811e-02	1.353623931452306028e-01	0.000000000000000000e+00
1.933891750455232057e-11	7.373003224070225903e-01	1.273840182168368074e+01	8.546724691905172033e-02	1.351285401755160931e-01	0.000000000000000000e+00
2.025501939230666486e-11	7.563555175630424232e-01	1.274150302844661553e+01	8.765476961954891955e-02	1.347789524761461022e-01	0.000000000000000000e+00
2.121451784910627571e-11	7.756809122133901946e-01	1.274453735595483295e+01	8.987300540119905201e-02	1.343177349382029540e-01	0.000000000000000000e+00
2.221946860939528424e-11	7.952704063595817940e-01	1.274744916825629559e+01	9.212166270474729524e-02	1.337459864005079990e-01	0.000000000000000000e+00
2.327202478960412005e-11	8.151168637962532548e-01	1.275018419643075340e+01	9.440036085063349680e-02	1.330696471798657188e-01	0.000000000000000000e+00
2.437444150122221807e-11	8.352120958865250078e-01	1.275268925694974875e+01	9.670863043277286297e-02	1.322915581729099121e-01	0.000000000000000000e+00
2.552908068239516723e-11	8.555469285494334830e-01	1.275491213550657577e+01	9.904592226763246632e-02	1.314155378823113340e-01	0.000000000000000000e+00
2.673841615839943880e-11	8.761115742081193591e-01	1.275680189153730382e+01	1.014116483160724114e-01	1.304454348719134849e-01	0.000000000000000000e+00
2.800503894183625342e-11	8.968958410279701532e-01	1.275830925702666008e+01	1.038052025272939022e-01	1.293851822028847798e-01	0.000000000000000000e+00
2.933166278390048099e-11	9.178891597805411973e-01	1.275938681809845043e+01	1.062259618151146917e-01	1.282388098292091272e-01	0.000000000000000000e+00
3.072112998861759207e-11	9.390805990041311002e-01	1.275998911251776846e+01	1.086732860773402393e-01	1.270104190150987689e-01	0.000000000000000000e+00
3.217641750250735458e-11	9.604588810704344226e-01	1.276007268572367792e+01	1.111465184539297130e-01	1.257041294125568198e-01	0.000000000000000000e+00
3.370064329271925032e-11	9.820123816458148358e-01	1.275959611550849182e+01	1.136449837613131841e-01	1.243241009545495018e-01	0.000000000000000000e+00
3.529707302730657668e-11	1.003729017833355330e+00	1.275851993154873476e+01	1.161679748547364138e-01	1.228745543032766091e-01	0.000000000000000000e+00
3.696912707195032437e-11	1.025596123995336617e+00	1.275680641889367983e+01	1.187147386142056865e-01	1.213596992246787909e-01	0.000000000000000000e+00
3.872038781812557004e-11	1.047600441069818089e+00	1.275441949845206935e+01	1.212844744372723466e-01	1.197837820101580741e-01	0.000000000000000000e+00
4.055460735840827506e-11	1.069728127686650598e+00	1.275132466064359349e+01	1.238763347550006638e-01	1.181510330431281702e-01	0.000000000000000000e+00
4.247571552536894126e-11	1.091964774713118258e+00	1.274748892292318381e+01	1.264894256635071268e-01	1.164656242562131794e-01	0.000000000000000000e+00
4.448782831127576069e-11	1.114295422499157695e+00	1.274288079836964904e+01	1.291228076842133032e-01	1.147317569958431205e-01	0.000000000000000000e+00
4.659525668664686662e-11	1.136704608186967169e+00	1.273747029122948504e+01	1.317754996467993545e-01	1.129535850953753279e-01	0.000000000000000000e+00
4.880251583654433574e-11	1.159176434566092651e+00	1.273122892735807632e+01	1.344464845959828792e-01	1.111351237283096510e-01	0.000000000000000000e+00
5.111433483440165318e-11	1.181694612056070071e+00	1.272412978544487494e+01	1.371347124331324108e-01	1.092804847866209461e-01	0.000000000000000000e+00
5.353566677410718816e-11	1.204242487351796287e+00	1.271614751415022582e+01	1.398391010212156615e-01	1.073936045588623073e-01	0.000000000000000000e+00
5.607169938205469661e-11	1.226803072340277190e+00	1.270725834156319500e+01	1.425585372810660445e-01	1.054788358351778227e-01	0.000000000000000000e+00
5.872786613189488850e-11	1.249359080185550974e+00	1.269744007701648947e+01	1.452918790957527795e-01	1.035385915399500006e-01	0.000000000000000000e+00
6.150985788580503926e-11	1.271892947205895519e+00	1.268667212311357240e+01	1.480379553473570031e-01	1.015780120657900631e-01	0.000000000000000000e+00
6.442363508721370414e-11	1.294386861268285172e+00	1.267493546420078232e+01	1.507955668807952898e-01	9.960025298940060334e-02	0.000000000000000000e+00
6.747544053110686101e-11	1.316822787210899071e+00	1.266221265883762648e+01	1.535634869998174223e-01	9.760884610734944788e-02	0.000000000000000000e+00
7.067181273927477085e-11	1.339182504718372746e+00	1.264848783537649446e+01	1.563404633027374036e-01	9.560720971819043623e-02	0.000000000000000000e+00
7.401959996915652408e-11	1.361447647010336270e+00	1.263374668680654800e+01	1.591252195570189987e-01	9.359866559216112325e-02	0.000000000000000000e+00
7.752597488629464062e-11	1.383599740838924896e+00	1.261797646766479630e+01	1.619164576436908365e-01	9.158641431995261095e-02	0.000000000000000000e+00
8.119844993184008328e-11	1.405620247051809990e+00	1.260116598985378822e+01	1.647128595310710930e-01	8.957349683511950378e-02	0.000000000000000000e+00
8.504489341802668113e-11	1.427490596774305232e+00	1.258330561683433402e+01	1.675130887146575320e-01	8.756300865479016426e-02	0.000000000000000000e+00
8.907354638610458163e-11	1.449192232867314356e+00	1.256438725378157351e+01	1.703157922962600102e-01	8.555761578797463351e-02	0.000000000000000000e+00
9.329304026284695888e-11	1.470706650467178633e+00	1.254440433777899244e+01	1.731196029383427482e-01	8.356009001124367619e-02	0.000000000000000000e+00
9.771241535346501225e-11	1.492015441863490777e+00	1.252335182884989351e+01	1.759231413097409324e-01	8.157301526505748857e-02	0.000000000000000000e+00
1.023411402105452712e-10	1.513100339706274555e+00	1.250122620001263130e+01	1.787250183528329706e-01	7.959880991057599608e-02	0.000000000000000000e+00
1.071891319205126445e-10	1.533943261136438085e+00	1.247802542141558568e+01	1.815238377603720921e-01	7.763982570931930727e-02	0.000000000000000000e+00
1.122667773510811312e-10	1.554526345827410783e+00	1.245374895154072092e+01	1.843181976603569527e-01	7.569819815962124110e-02	0.000000000000000000e+00
1.175849554052158201e-10	1.574831995752569380e+00	1.242839771628949208e+01	1.871066927140793978e-01	7.377597434031153700e-02	0.000000000000000000e+00
1.231550603292826197e-10	1.594842916614972239e+00	1.240197409147531893e+01	1.898879164161524635e-01	7.187506584486806627e-02	0.000000000000000000e+00
1.289890261253308184e-10	1.614542158903559343e+00	1.237448187880550776e+01	1.926604635152203426e-01	6.999725948838661505e-02	0.000000000000000000e+00
1.350993521198024986e-10	1.633913160480778837e+00	1.234592628666629111e+01	1.954229326260037425e-01	6.814419267200386154e-02	0.000000000000000000e+00
1.414991297434578731e-10	1.652939785798758665e+00	1.231631390458958286e+01	1.981739286292260316e-01	6.631738529057497333e-02	0.000000000000000000e+00
1.482020705798860072e-10	1.671606363632191394e+00	1.228565268072520311e+01	2.009120649499823996e-01	6.451821879769109591e-02	0.000000000000000000e+00
1.552225357427047968e-10	1.689897721737690484e+00	1.225395189648621042e+01	2.036359656221621295e-01	6.274795222290639740e-02	0.000000000000000000e+00
1.625755666443793407e-10	1.707799222005718764e+00	1.222122212353312420e+01	2.063442678294081234e-01	6.100775040525124177e-02	0.000000000000000000e+00
1.702769172225897821e-10	1.725296794652572352e+00	1.218747521900070652e+01	2.090356238323484162e-01	5.929860978593133602e-02	0.000000000000000000e+00
1.783430876931905687e-10	1.742376970090663280e+00	1.215272426834738795e+01	2.117087036320988713e-01	5.762145542402779402e-02	0.000000000000000000e+00
1.867913599020784805e-10	1.759026908421315927e+00	1.211698355789330961e+01	2.143621970146216138e-01	5.597697955857958152e-02	0.000000000000000000e+00
1.956398343517064725e-10	1.775234426914755304e+00	1.208026854555958707e+01	2.169948155344770535e-01	5.436613252255577400e-02	0.000000000000000000e+00
2.049074689815846066e-10	1.790988022047652617e+00	1.204259581908023158e+01	2.196052942207847580e-01	5.278922974200501300e-02	0.000000000000000000e+00
2.146141197858401440e-10	1.806276892339851337e+00	1.200398305762031193e+01	2.221923934965867320e-01	5.124683122786475448e-02	0.000000000000000000e+00
2.247805833548729991e-10	1.821090958568716500e+00	1.196444898977138571e+01	2.247549010254391300e-01	4.973932524518106385e-02	0.000000000000000000e+00
2.354286414322420067e-10	1.835420881615383415e+00	1.192401335270823814e+01	2.272916334333969501e-01	4.826699689447508379e-02	0.000000000000000000e+00
2.465811075822603842e-10	1.849258078974790775e+00	1.188269684521879910e+01	2.298014381741903256e-01	4.683005597005666237e-02	0.000000000000000000e+00
2.582618760682674929e-10	1.862594736631364212e+00	1.184052109054919377e+01	2.322831948287756021e-01	4.542859749904143429e-02	0.000000000000000000e+00
2.704959730463131364e-10	1.875423819605913645e+00	1.179750857956918075e+01	2.347358168131506440e-01	4.406260892717506206e-02	0.000000000000000000e+00
2.833096101839318258e-10	1.887739079064758796e+00	1.175368264342816360e+01	2.371582522775124435e-01	4.273226581267387109e-02	0.000000000000000000e+00
2.967302408188872501e-10	1.899535056759212859e+00	1.170906738942781899e+01	2.395494855858389949e-01	4.143724002203852397e-02	0.000000000000000000e+00
3.107866187782014063e-10	1.910807088476561777e+00	1.166368765931259865e+01	2.419085384287828766e-01	4.017741726718877804e-02	0.000000000000000000e+00
3.255088599835056406e-10	1.921551302971781672e+00	1.161756898639405122e+01	2.442344705734851018e-01	3.895262112844419256e-02	0.000000000000000000e+00
3.409285069746807543e-10	1.931764616397044776e+00	1.157073755404030457e+01	2.465263801883202932e-01	3.776252644338248116e-02	0.000000000000000000e+00
3.570785964900469852e-10	1.941444714700784058e+00	1.152322015741851224e+01	2.487834027203909837e-01	3.660679439301391808e-02	0.000000000000000000e+00
3.739937302478801677e-10	1.950590042172726246e+00	1.147504415911818931e+01	2.510047108193383947e-01	3.548503646493588598e-02	0.000000000000000000e+00
3.917101490809260641e-10	1.959199789609584297e+00	1.142623742644796891e+01	2.531895147688669745e-01	3.439683377906090772e-02	0.000000000000000000e+00
4.102658105827190344e-10	1.967273885507591302e+00	1.137682828556178372e+01	2.553370631139807445e-01	3.334173276810917241e-02	0.000000000000000000e+00
4.297004704320835313e-10	1.974812982308374432e+00	1.132684546379369017e+01	2.574466430733071132e-01	3.231918071976605522e-02	0.000000000000000000e+00
4.500557675700488183e-10	1.981818442493466614e+00	1.127631804594371090e+01	2.595175807756203157e-01	3.132875470014768321e-02	0.000000000000000000e+00
4.713753134116729086e-10	1.988292329816867543e+00	1.122527541287631792e+01	2.615492427240078688e-01	3.036979074889067931e-02	0.000000000000000000e+00
4.937047852839003559e-10	1.994237390640293039e+00	1.117374719687282258e+01	2.635410357443750407e-01	2.944173870698127415e-02	0.000000000000000000e+00
5.170920242896755486e-10	1.999657036433718060e+00	1.112176324608216404e+01	2.654924069933186082e-01	2.854399464671644737e-02	0.000000000000000000e+00
5.415871378079465267e-10	2.004555322757232361e+00	1.106935357823618737e+01	2.674028438639019511e-01	2.767593031951976618e-02	0.000000000000000000e+00
5.672426068491988835e-10	2.008936927231874670e+00	1.101654833969622160e+01	2.692718737358741343e-01	2.683690924706170697e-02	0.000000000000000000e+00
5.941133984965039838e-10	2.012807125169523204e+00	1.096337776762517890e+01	2.710990634269619393e-01	2.602627579735447907e-02	0.000000000000000000e+00
6.222570836730231313e-10	2.016171763327275546e+00	1.090987217290163613e+01	2.728840179466234805e-01	2.524337910273717622e-02	0.000000000000000000e+00
6.517339604882420571e-10	2.019037230601228305e+00	1.085606188151795237e+01	2.746263799113443094e-01	2.448752453224149403e-02	0.000000000000000000e+00
6.826071834272379248e-10	2.021410433449963406e+00	1.080197721400278610e+01	2.763258287147393744e-01	2.375806802449893090e-02	0.000000000000000000e+00
7.149428986597561750e-10	2.023298768301642792e+00	1.074764843852784324e+01	2.779820799937328113e-01	2.305432157141816540e-02	0.000000000000000000e+00
7.488103857590030225e-10	2.024710094735288290e+00	1.069310573659234898e+01	2.795948849298361405e-01	2.237560668229472693e-02	0.000000000000000000e+00
7.842822061337681836e-10	2.025652707330346303e+00	1.063837917837634883e+01	2.811640291432702665e-01	2.172125811100433443e-02	0.000000000000000000e+00
8.214343584919422200e-10	2.026135307435960708e+00	1.058349869513513752e+01	2.826893316604270345e-01	2.109058775831675406e-02	0.000000000000000000e+00
8.603464416684491388e-10	2.026166969907755355e+00	1.052849406798988952e+01	2.841706427372595600e-01	2.048294430746700270e-02	0.000000000000000000e+00
9.011018251665036851e-10	2.025757118722724126e+00	1.047339487448910411e+01	2.856078440345031222e-01	1.989766696867171711e-02	0.000000000000000000e+00
9.437878277775391497e-10	2.024915497358147576e+00	1.041823047915147171e+01	2.870008468913455846e-01	1.933412740264065302e-02	0.000000000000000000e+00
9.884959046625586031e-10	2.023652145220678378e+00	1.036302998825106236e+01	2.883495924054968462e-01	1.879157160342485172e-02	0.000000000000000000e+00
1.035321843295661502e-09	2.021977366624684969e+00	1.030782223841977441e+01	2.896540495258584369e-01	1.826949073587658470e-02	0.000000000000000000e+00
1.084365968689608688e-09	2.019901710179862864e+00	1.025263577736198428e+01	2.909142148023454721e-01	1.776720498758712144e-02	0.000000000000000000e+00
1.135733358343102889e-09	2.017435938626700676e+00	1.019749883397389389e+01	2.921301110454458949e-01	1.728411900777461832e-02	0.000000000000000000e+00
1.189534067370320724e-09	2.014591006929543848e+00	1.014243930756202161e+01	2.933017865923671641e-01	1.681961539850891640e-02	0.000000000000000000e+00
1.245883364295008068e-09	2.011378037055653767e+00	1.008748474727159383e+01	2.944293143321570771e-01	1.637311178714302359e-02	0.000000000000000000e+00
1.304901978014401580e-09	2.007808295202402782e+00	1.003266232999842344e+01	2.955127910890706366e-01	1.594403349793489452e-02	0.000000000000000000e+00
1.366716356462010101e-09	2.003893169006008890e+00	9.977998849836307471e+00	2.965523366221272661e-01	1.553181578965620244e-02	0.000000000000000000e+00
1.431458937523481393e-09	1.999644146913537979e+00	9.923520710458143768e+00	2.975480927965263311e-01	1.513590501076796796e-02	0.000000000000000000e+00
1.499268432786047049e-09	1.995072795338110883e+00	9.869253906298606438e+00	2.985002227010035702e-01	1.475577427200669076e-02	0.000000000000000000e+00
1.570290124729377524e-09	1.990190739681195753e+00	9.815224012752771898e+00	2.994089100126922087e-01	1.439090290882231830e-02	0.000000000000000000e+00
1.644676177994662829e-09	1.985009644851767563e+00	9.761456180790052173e+00	3.002743580907854537e-01	1.404077094834085132e-02	0.000000000000000000e+00
1.722585965398783835e-09	1.979541197514772755e+00	9.707975124453314564e+00	3.010967894808949663e-01	1.370490503103170485e-02	0.000000000000000000e+00
1.804186409392068039e-09	1.973797086341971152e+00	9.654805111437257281e+00	3.018764449597633459e-01	1.338281487352657728e-02	0.000000000000000000e+00
1.889652339691211477e-09	1.967788989145202727e+00	9.601969962141440718e+00	3.026135832943075976e-01	1.307404327926852891e-02	0.000000000000000000e+00
1.979166867853557524e-09	1.961528553506621364e+00	9.549493033738523096e+00	3.033084804120499411e-01	1.277813951444711250e-02	0.000000000000000000e+00
2.072921779595369695e-09	1.955027384148748881e+00	9.497397228977257910e+00	3.039614287542327098e-01	1.249466753384102270e-02	0.000000000000000000e+00
2.171117945694509622e-09	1.948297027793792546e+00	9.445704970899416963e+00	3.045727372561126134e-01	1.222320920315653724e-02	0.000000000000000000e+00
2.273965752357932151e-09	1.942499591961756922e+00	9.402818270731488681e+00	3.050514746400490029e-01	1.200527551126955375e-02	0.000000000000000000e+00
2.381685551976160644e-09	1.937836054582019241e+00	9.369662630557650473e+00	3.053959780533755941e-01	1.184211951835499252e-02	0.000000000000000000e+00
2.494508135230316413e-09	1.933073205801419503e+00	9.337234325895341414e+00	3.057034065536847200e-01	1.168784537027095852e-02	0.000000000000000000e+00
2.612675225563326382e-09	1.928190417533380829e+00	9.305467896417528806e+00	3.059721795167572034e-01	1.154214753960814549e-02	0.000000000000000000e+00
2.736439997074666368e-09	1.923176047294672841e+00	9.274310866009827237e+00	3.062017210719447102e-01	1.140468251097709676e-02	0.000000000000000000e+00
2.866067616948244470e-09	1.918023705788714173e+00	9.243720263408080839e+00	3.063919927939949273e-01	1.127508453865187603e-02	0.000000000000000000e+00
3.001835813575592210e-09	1.912730508448643674e+00	9.213660612405048411e+00	3.065432864637797072e-01	1.115300750229584852e-02	0.000000000000000000e+00
3.144035471591500167e-09	1.907296063331969993e+00	9.184102581138393617e+00	3.066561094840603574e-01	1.103809781588867625e-02	0.000000000000000000e+00
3.292971255097148186e-09	1.901721810979331462e+00	9.155021961326387014e+00	3.067311141113933659e-01	1.093005170524064679e-02	0.000000000000000000e+00
3.448962260405766611e-09	1.896010568075748637e+00	9.126398864351946472e+00	3.067690513116226314e-01	1.082856154750645727e-02	0.000000000000000000e+00
3.612342699709437910e-09	1.890166195080718481e+00	9.098217086836649869e+00	3.067707384026029938e-01	1.073334254888797488e-02	0.000000000000000000e+00
3.783462617131932968e-09	1.884193348772057242e+00	9.070463576341742495e+00	3.067370367470120263e-01	1.064412947860026055e-02	0.000000000000000000e+00
3.962688638701478467e-09	1.878097294364680758e+00	9.043128013164649204e+00	3.066688350068654256e-01	1.056067544225702468e-02	0.000000000000000000e+00
4.150404757850472502e-09	1.871883755717698605e+00	9.016202403663005072e+00	3.065670380920082483e-01	1.048274356209534866e-02	0.000000000000000000e+00
4.347013158125017173e-09	1.865558796432658983e+00	8.989680790470458760e+00	3.064325571222196176e-01	1.041012206886555297e-02	0.000000000000000000e+00
4.552935074866938773e-09	1.859128735085589623e+00	8.963558972109437306e+00	3.062663046170440717e-01	1.034260402348385205e-02	0.000000000000000000e+00
4.768611697714474181e-09	1.852600060945065907e+00	8.937834255954067331e+00	3.060691886212712487e-01	1.028000228578539177e-02	0.000000000000000000e+00
4.994505115855140358e-09	1.845979382142145742e+00	8.912505279766227417e+00	3.058421098157105833e-01	1.022213559390897954e-02	0.000000000000000000e+00
5.231099308056257792e-09	1.839273370612841463e+00	8.887571814196745024e+00	3.055859587522879450e-01	1.016884362639051617e-02	0.000000000000000000e+00
5.478901179593956120e-09	1.832488727827227715e+00	8.863034618037723078e+00	3.053016147250809387e-01	1.011996696178738865e-02	0.000000000000000000e+00
5.738441648302404521e-09	1.825632147021774676e+00	8.838895287556447045e+00	3.049899442743131961e-01	1.007536425897294016e-02	0.000000000000000000e+00
6.010276782070388176e-09	1.818710292883779722e+00	8.815156161444983596e+00	3.046518006853508043e-01	1.003489398961218693e-02	0.000000000000000000e+00
6.294988990221888141e-09	1.811729776113355506e+00	8.791820197208803478e+00	3.042880236280700035e-01	9.998431892434739288e-03	0.000000000000000000e+00
6.593188271333541710e-09	1.804697136350617237e+00	8.768890875387301165e+00	3.038994392392669330e-01	9.965860011642485583e-03	0.000000000000000000e+00
6.905513520162316861e-09	1.797618831814584039e+00	8.746372130865486483e+00	3.034868604027371464e-01	9.937061134220321126e-03	0.000000000000000000e+00
7.232633896483518810e-09	1.790501225716875533e+00	8.724268278071217964e+00	3.030510867042938705e-01	9.911935507848967930e-03	0.000000000000000000e+00
7.575250258771920716e-09	1.783350573164885322e+00	8.702583937854074136e+00	3.025929044075336694e-01	9.890377251807032366e-03	0.000000000000000000e+00
7.934096665797492339e-09	1.776173023576277599e+00	8.681323959580183214e+00	3.021130892263620971e-01	9.872293520966074834e-03	0.000000000000000000e+00
8.309941949353386453e-09	1.768974608765881529e+00	8.660493421443122841e+00	3.016124039566467907e-01	9.857604930273678248e-03	0.000000000000000000e+00
8.703591361485183753e-09	1.761761238851718536e+00	8.640097527645369979e+00	3.010916010121368891e-01	9.846221372677254127e-03	0.000000000000000000e+00
9.115888299750837812e-09	1.754538703423214052e+00	8.620141604776335953e+00	3.005514224086066610e-01	9.838066443275044620e-03	0.000000000000000000e+00
9.547716114208065503e-09	1.747312664489883094e+00	8.600631044458147301e+00	2.999926002125170021e-01	9.833067400977901079e-03	0.000000000000000000e+00
1.000000000000000021e-08	1.740088661465363451e+00	8.581571277145657817e+00	2.994158579593435010e-01	9.831150218708353816e-03	0.000000000000000000e+00
