pc	M	R	C	k2	j3
9.999999999999999799e-13	9.105459175022896645e-02	1.088837901954420460e+02	1.234834789393522312e-03	1.772426554716182616e-04	0.000000000000000000e+00
1.047370897959448749e-12	9.156143000896098394e-02	9.602208874186655407e+01	1.408029173086819061e-03	1.698600861272417080e-04	0.000000000000000000e+00
1.096985797892381920e-12	9.216106653459134324e-02	8.546866559218881321e+01	1.592248335549025732e-03	1.661149992184965212e-04	0.000000000000000000e+00
1.148951000187311009e-12	9.284962561617124410e-02	7.668829814975914871e+01	1.787809710669765019e-03	1.656911513523268674e-04	0.000000000000000000e+00
1.203377840777590522e-12	9.362469182712997162e-02	6.929606118783958379e+01	1.995042199346356519e-03	1.685864760100396278e-04	0.000000000000000000e+00
1.260382929679727463e-12	9.448489420313718745e-02	6.300842749215090066e+01	2.214287330403530603e-03	1.750662457915888582e-04	0.000000000000000000e+00
1.320088400831416649e-12	9.542963561444436915e-02	5.761225948513978778e+01	2.445899411137464861e-03	1.856287497595048800e-04	0.000000000000000000e+00
1.382622173764653478e-12	9.645891535950430751e-02	5.294446928120402163e+01	2.690246096513800294e-03	2.010029337649958377e-04	0.000000000000000000e+00
1.448118227674535917e-12	9.757321006906814753e-02	4.887831299639012883e+01	2.947709085629190116e-03	2.221514348433326416e-04	0.000000000000000000e+00
1.516716888470924089e-12	9.877338902528258469e-02	4.531393476646481844e+01	3.218684547838966334e-03	2.503025414286562931e-04	0.000000000000000000e+00
1.588565129428052692e-12	1.000606076827522534e-01	4.217181276105229415e+01	3.503572440694005096e-03	2.868751995945245767e-04	0.000000000000000000e+00
1.663816886076127415e-12	1.014359048018838583e-01	3.938851317963598575e+01	3.802702541058498170e-03	3.335681453388289865e-04	0.000000000000000000e+00
1.742633386009647278e-12	1.029001578128463518e-01	3.691260983510254334e+01	4.116342695022563204e-03	3.922983009484382793e-04	0.000000000000000000e+00
1.825183494319046040e-12	1.044540779751716164e-01	3.470180961539816877e+01	4.444710838238632306e-03	4.652016544277150288e-04	0.000000000000000000e+00
1.911644075385703708e-12	1.060981319692905489e-01	3.272101590335592647e+01	4.787967497610738817e-03	5.546114884829067863e-04	0.000000000000000000e+00
2.002200371815584363e-12	1.078324682725009809e-01	3.094086306730411096e+01	5.146208259864492977e-03	6.630260903845465719e-04	0.000000000000000000e+00
2.097046401323230665e-12	1.096568470610970042e-01	2.933659407525914631e+01	5.519456284176787846e-03	7.930579375222788921e-04	0.000000000000000000e+00
2.196385372416542332e-12	1.115705739585712425e-01	2.788719069803883954e+01	5.907655145561618686e-03	9.474058910641209403e-04	0.000000000000000000e+00
2.300430119772921506e-12	1.135728148032070089e-01	2.657446585450618315e+01	6.310736989065279280e-03	1.128795612436855065e-03	0.000000000000000000e+00
2.409403560239526876e-12	1.156635290648721920e-01	2.538218540651632793e+01	6.728800651808660924e-03	1.340037951846915392e-03	0.000000000000000000e+00
2.523539170434765862e-12	1.178433926382621844e-01	2.429609633941239366e+01	7.162076757504929302e-03	1.584054834728765813e-03	0.000000000000000000e+00
2.643081486974102692e-12	1.201138643356680080e-01	2.330374585085017713e+01	7.610928450532122337e-03	1.863826432512477073e-03	0.000000000000000000e+00
2.768286630392061017e-12	1.224773169134639739e-01	2.239425976975887522e+01	8.075867542281695705e-03	2.182447588612246303e-03	0.000000000000000000e+00
2.899422853882880921e-12	1.249371705425325330e-01	2.155814355886826306e+01	8.557571602597454502e-03	2.543167398466035598e-03	0.000000000000000000e+00
3.036771118035460378e-12	1.274979997000505461e-01	2.078711621519724773e+01	9.056895612024202721e-03	2.949406576894595365e-03	0.000000000000000000e+00
3.180625692794118977e-12	1.301651074729803792e-01	2.007408918760575744e+01	9.574783593853145383e-03	3.404722942755636361e-03	0.000000000000000000e+00
3.331294787934670055e-12	1.329441247146413985e-01	1.941305322751944828e+01	1.011219739725756350e-02	3.912762417272035685e-03	0.000000000000000000e+00
3.489101213406766494e-12	1.358410553231017281e-01	1.879885874505196597e+01	1.067013212759756677e-02	4.477234024571712795e-03	0.000000000000000000e+00
3.654383070957261569e-12	1.388622574818546285e-01	1.822706698983962070e+01	1.124961517918555975e-02	5.101884690610552359e-03	0.000000000000000000e+00
3.827494478516314936e-12	1.420144293095181309e-01	1.769383146330073231e+01	1.185170469349515129e-02	5.790502797487151292e-03	0.000000000000000000e+00
4.008806328898464320e-12	1.453045979323144554e-01	1.719580192761516813e+01	1.247748792102645714e-02	6.546865979757543128e-03	0.000000000000000000e+00
4.198707084443905621e-12	1.487401104469986135e-01	1.673004612354611709e+01	1.312807945060105903e-02	7.374721208166535105e-03	0.000000000000000000e+00
4.397603609302712498e-12	1.523286248532875753e-01	1.629398554747485051e+01	1.380461915670044837e-02	8.277742700022424835e-03	0.000000000000000000e+00
4.605922041145112927e-12	1.560781010116686351e-01	1.588534239919610158e+01	1.450826993203114396e-02	9.259497771715929221e-03	0.000000000000000000e+00
4.824108704165373984e-12	1.599967900886006544e-01	1.550209555607704459e+01	1.524021504928159930e-02	1.032340830061073168e-02	0.000000000000000000e+00
5.052631065335679604e-12	1.640932225404017064e-01	1.514244381636385661e+01	1.600165519834775146e-02	1.147270218736465633e-02	0.000000000000000000e+00
5.291978735958436557e-12	1.683761931429691161e-01	1.480477509560932958e+01	1.679380503473868608e-02	1.271034353753493218e-02	0.000000000000000000e+00
5.542664520663095602e-12	1.728546358349228040e-01	1.448764764122108417e+01	1.761786962071009571e-02	1.403900254990272933e-02	0.000000000000000000e+00
5.805225516094907684e-12	1.775373746551986431e-01	1.418977802978142222e+01	1.847499912977082492e-02	1.546085017905480044e-02	0.000000000000000000e+00
6.080224261649427052e-12	1.824333049497343096e-01	1.391000162104755944e+01	1.936632341696069293e-02	1.697761956604611905e-02	0.000000000000000000e+00
6.368249944718585906e-12	1.875514043753344906e-01	1.364725366407883733e+01	2.029295496508598529e-02	1.859050190213615630e-02	0.000000000000000000e+00
6.669919663030115058e-12	1.929006879974923538e-01	1.340055664098690436e+01	2.125598196332228323e-02	2.030017489705132280e-02	0.000000000000000000e+00
6.985879746785234820e-12	1.984901576264234691e-01	1.316900933707293930e+01	2.225646088413223839e-02	2.210664432863249443e-02	0.000000000000000000e+00
7.316807143427207274e-12	2.043287429578880821e-01	1.295177742128925225e+01	2.329540825191949924e-02	2.400922374749653310e-02	0.000000000000000000e+00
7.663410868007462274e-12	2.104252349376934117e-01	1.274808524396002873e+01	2.437379179027504214e-02	2.600651946948642768e-02	0.000000000000000000e+00
8.026433522257174683e-12	2.167882103124575688e-01	1.255720869255513072e+01	2.549252084615151806e-02	2.809634083458359410e-02	0.000000000000000000e+00
8.406652885618316356e-12	2.234259465758003382e-01	1.237846893772804080e+01	2.665243607602705081e-02	3.027563355686517174e-02	0.000000000000000000e+00
8.804883581643446547e-12	2.303463262815692303e-01	1.221122693881812893e+01	2.785429833496958982e-02	3.254051539474459714e-02	0.000000000000000000e+00
9.221978823334340144e-12	2.375567305865589895e-01	1.205487859063072875e+01	2.909877683563729181e-02	3.488617530979774145e-02	0.000000000000000000e+00
9.658832241158709141e-12	2.450639163295051937e-01	1.190885050531808176e+01	3.038643573000785608e-02	3.730688327014897859e-02	0.000000000000000000e+00
1.011637979766206976e-11	2.528733397196021859e-01	1.177260544329963921e+01	3.171762721425237797e-02	3.979580920379829911e-02	0.000000000000000000e+00
1.059560179277614774e-11	2.609889289395567191e-01	1.164563802282457772e+01	3.309245852103467889e-02	4.234500095569825734e-02	0.000000000000000000e+00
1.109752496412069864e-11	2.694144957005761287e-01	1.152745026775727943e+01	3.451103123557994201e-02	4.494596136734892861e-02	0.000000000000000000e+00
1.162322468679854125e-11	2.781539137171036291e-01	1.141755447458160511e+01	3.597346882266684587e-02	4.758976247626671430e-02	0.000000000000000000e+00
1.217382727739662020e-11	2.872111308015311559e-01	1.131547746964741208e+01	3.747991675945819973e-02	5.026713280140145124e-02	0.000000000000000000e+00
1.275051240713012859e-11	2.965901769998308124e-01	1.122076355037694384e+01	3.903054247227932122e-02	5.296857180397456649e-02	0.000000000000000000e+00
1.335451562929897339e-11	3.062951701355970391e-01	1.113297643429135242e+01	4.062553505604476339e-02	5.568438958161007341e-02	0.000000000000000000e+00
1.398713102647241439e-11	3.163303183616133496e-01	1.105170044035398114e+01	4.226510465930694016e-02	5.840480307289618034e-02	0.000000000000000000e+00
1.464971398307287854e-11	3.266999186015744350e-01	1.097654109930616251e+01	4.394948126203778588e-02	6.112006979987969629e-02	0.000000000000000000e+00
1.534368408930013065e-11	3.374083549397277615e-01	1.090712528733387465e+01	4.567891352727854876e-02	6.382048612740701121e-02	0.000000000000000000e+00
1.607052818261638620e-11	3.484600925768330804e-01	1.084310103566397565e+01	4.745366698197771294e-02	6.649645947859243733e-02	0.000000000000000000e+00
1.683180353330955093e-11	3.598602890853479508e-01	1.078413405583165385e+01	4.927412054752761811e-02	6.913878423117786332e-02	0.000000000000000000e+00
1.762914118095944293e-11	3.716177613241676836e-01	1.072989580437356061e+01	5.114123283570826128e-02	7.173921506098121514e-02	0.000000000000000000e+00
1.846424942895546448e-11	3.837430544840794711e-01	1.068007848442206331e+01	5.305622165770298299e-02	7.429000714353373169e-02	0.000000000000000000e+00
1.933891750455232057e-11	3.962473254936685896e-01	1.063439971026977382e+01	5.502038171214023582e-02	7.678361270339800759e-02	0.000000000000000000e+00
2.025501939230666486e-11	4.091423572289575872e-01	1.059260041198151292e+01	5.703508438618017096e-02	7.921268205707199250e-02	0.000000000000000000e+00
2.121451784910627571e-11	4.224405751270155496e-01	1.055444290287160491e+01	5.910177788891423506e-02	8.157011655865889499e-02	0.000000000000000000e+00
2.221946860939528424e-11	4.361550652286711460e-01	1.051970910904013046e+01	6.122198753782846087e-02	8.384904436106273284e-02	0.000000000000000000e+00
2.327202478960412005e-11	4.502995933500791303e-01	1.048819895348796116e+01	6.339731612927897164e-02	8.604284749310757430e-02	0.000000000000000000e+00
2.437444150122221807e-11	4.648886256530559979e-01	1.045972888491297681e+01	6.562944441049708977e-02	8.814516785397712162e-02	0.000000000000000000e+00
2.552908068239516723e-11	4.799373502596829821e-01	1.043413053991294426e+01	6.792013158994865407e-02	9.014991526646878861e-02	0.000000000000000000e+00
2.673841615839943880e-11	4.954609036778469533e-01	1.041125061089189785e+01	7.027109563105879420e-02	9.205116492951086193e-02	0.000000000000000000e+00
2.800503894183625342e-11	5.114681266892293632e-01	1.039095594966034852e+01	7.268307724889269683e-02	9.384254888411650009e-02	0.000000000000000000e+00
2.933166278390048099e-11	5.279637078643923953e-01	1.037312322738297432e+01	7.515619215692770361e-02	9.551777529040397785e-02	0.000000000000000000e+00
3.072112998861759207e-11	5.449510428874159151e-01	1.035763213050237219e+01	7.769037913563442421e-02	9.707108706279958532e-02	0.000000000000000000e+00
3.217641750250735458e-11	5.624321285507534185e-01	1.034436440079413622e+01	8.028539446014162917e-02	9.849729764424720868e-02	0.000000000000000000e+00
3.370064329271925032e-11	5.804074349095982299e-01	1.033320311861050378e+01	8.294080299936526512e-02	9.979181074131257545e-02	0.000000000000000000e+00
3.529707302730657668e-11	5.988757804122302186e-01	1.032403213194704605e+01	8.565596994690782839e-02	1.009506708114349116e-01	0.000000000000000000e+00
3.696912707195032437e-11	6.178342107831982233e-01	1.031673560472723139e+01	8.843005330267490749e-02	1.019705703686004106e-01	0.000000000000000000e+00
3.872038781812557004e-11	6.372778835322014945e-01	1.031119766732028786e+01	9.126199732209361315e-02	1.028488973081690128e-01	0.000000000000000000e+00
4.055460735840827506e-11	6.571999597148252548e-01	1.030730215635175639e+01	9.415052708734415743e-02	1.035837187679050780e-01	0.000000000000000000e+00
4.247571552536894126e-11	6.775915036408655112e-01	1.030493243751537946e+01	9.709414416230795208e-02	1.041738275465741437e-01	0.000000000000000000e+00
4.448782831127576069e-11	6.984413950104368940e-01	1.030397129669031386e+01	1.000911239073526554e-01	1.046187297223860474e-01	0.000000000000000000e+00
4.659525668664686662e-11	7.197362508474443032e-01	1.030430090604968640e+01	1.031395138100827391e-01	1.049186227147925199e-01	0.000000000000000000e+00
4.880251583654433574e-11	7.414603630142750923e-01	1.030580284492732623e+01	1.062371336362187418e-01	1.050744995060498566e-01	0.000000000000000000e+00
5.111433483440165318e-11	7.635956507085787104e-01	1.030835818115125235e+01	1.093815770466323167e-01	1.050879458341666545e-01	0.000000000000000000e+00
5.353566677410718816e-11	7.861216301055480304e-01	1.031184760203521300e+01	1.125702148756565768e-01	1.049612836973268931e-01	0.000000000000000000e+00
5.607169938205469661e-11	8.090154026383787889e-01	1.031615159364768353e+01	1.158002000798246250e-01	1.046975019134070845e-01	0.000000000000000000e+00
5.872786613189488850e-11	8.322516631257038666e-01	1.032115066192432984e+01	1.190684743805480866e-01	1.043001981581498927e-01	0.000000000000000000e+00
6.150985788580503926e-11	8.558032949557394797e-01	1.032672574319229675e+01	1.223718557450207550e-01	1.037735637178442555e-01	0.000000000000000000e+00
6.442363508721370414e-11	8.796473530147262965e-01	1.033276063479778806e+01	1.257078696167074350e-01	1.031221663108040920e-01	0.000000000000000000e+00
6.747544053110686101e-11	9.037646246198560718e-01	1.033914435510033059e+01	1.290746553573673128e-01	1.023508471614903714e-01	0.000000000000000000e+00
7.067181273927477085e-11	9.281367794054371512e-01	1.034577203612827390e+01	1.324705419852220956e-01	1.014647707399501386e-01	0.000000000000000000e+00
7.401959996915652408e-11	9.527463379303787727e-01	1.035254560921743128e+01	1.358940276966185412e-01	1.004693549709450157e-01	0.000000000000000000e+00
7.752597488629464062e-11	9.775766735367951155e-01	1.035937415205491696e+01	1.393437667566706228e-01	9.937024725212739718e-02	0.000000000000000000e+00
8.119844993184008328e-11	1.002612009929434000e+00	1.036617402765518214e+01	1.428185574328017515e-01	9.817325978112481644e-02	0.000000000000000000e+00
8.504489341802668113e-11	1.027837415784596198e+00	1.037286888746623248e+01	1.463173306886036973e-01	9.688433443385391364e-02	0.000000000000000000e+00
8.907354638610458163e-11	1.053238796587114168e+00	1.037938958234189890e+01	1.498391394162601753e-01	9.550950524750036197e-02	0.000000000000000000e+00
9.329304026284695888e-11	1.078802885309315007e+00	1.038567400974756083e+01	1.533831482933383505e-01	9.405483031839864672e-02	0.000000000000000000e+00
9.771241535346501225e-11	1.104517230268878603e+00	1.039166692064871000e+01	1.569486238754909946e-01	9.252639346242109986e-02	0.000000000000000000e+00
1.023411402105452712e-10	1.130370182282276703e+00	1.039731969934895872e+01	1.605349251622094908e-01	9.093025223435227677e-02	0.000000000000000000e+00
1.071891319205126445e-10	1.156350879708677226e+00	1.040259012817027440e+01	1.641414943506459001e-01	8.927237981903803077e-02	0.000000000000000000e+00
1.122667773510811312e-10	1.182449232425805352e+00	1.040744214497433262e+01	1.677678478646917604e-01	8.755871370184591107e-02	0.000000000000000000e+00
1.175849554052158201e-10	1.208655857295251712e+00	1.041184559104838137e+01	1.714135610145927635e-01	8.579505923222711938e-02	0.000000000000000000e+00
1.231550603292826197e-10	1.234959791074753843e+00	1.041577541004919638e+01	1.750779472038767881e-01	8.398726000447823137e-02	0.000000000000000000e+00
1.289890261253308184e-10	1.261346129238576363e+00	1.041920973234789649e+01	1.787597479448876092e-01	8.214128111761465068e-02	0.000000000000000000e+00
1.350993521198024986e-10	1.287797667791018119e+00	1.042212841115127553e+01	1.824573863668810525e-01	8.026302312661157123e-02	0.000000000000000000e+00
1.414991297434578731e-10	1.314295102842915508e+00	1.042451208218874115e+01	1.861690093155682901e-01	7.835828660292849801e-02	0.000000000000000000e+00
1.482020705798860072e-10	1.340817107980106782e+00	1.042634157661649752e+01	1.898925073435040189e-01	7.643272055076263949e-02	0.000000000000000000e+00
1.552225357427047968e-10	1.367340438156178895e+00	1.042759754284899643e+01	1.936255355230932229e-01	7.449181364190662902e-02	0.000000000000000000e+00
1.625755666443793407e-10	1.393840053077155305e+00	1.042826020902678330e+01	1.973655348743348636e-01	7.254084699307056239e-02	0.000000000000000000e+00
1.702769172225897821e-10	1.420289257091055024e+00	1.042830924723735819e+01	2.011097543947536204e-01	7.058495352234997466e-02	0.000000000000000000e+00
1.783430876931905687e-10	1.446659853123002826e+00	1.042772371748961824e+01	2.048552735307471451e-01	6.862896837267602745e-02	0.000000000000000000e+00
1.867913599020784805e-10	1.472922308667385050e+00	1.042648207065021104e+01	2.085990250347806996e-01	6.667755181375414897e-02	0.000000000000000000e+00
1.956398343517064725e-10	1.499045932082975430e+00	1.042456220033860248e+01	2.123378180273619298e-01	6.473509742690877755e-02	0.000000000000000000e+00
2.049074689815846066e-10	1.524999057385503898e+00	1.042194153187945460e+01	2.160683611461224063e-01	6.280574641844163808e-02	0.000000000000000000e+00
2.146141197858401440e-10	1.550749234845232083e+00	1.041859713940262822e+01	2.197872855133593262e-01	6.089343292349576331e-02	0.000000000000000000e+00
2.247805833548729991e-10	1.576263264565745503e+00	1.041450592422984833e+01	2.234911436762574144e-01	5.900175009737450293e-02	0.000000000000000000e+00
2.354286414322420067e-10	1.601507244200211844e+00	1.040964493461478568e+01	2.271764068477941934e-01	5.713411528643556198e-02	0.000000000000000000e+00
2.465811075822603842e-10	1.626447221838768664e+00	1.040399164351888039e+01	2.308395480416587930e-01	5.529365396582572312e-02	0.000000000000000000e+00
2.582618760682674929e-10	1.651049464321402871e+00	1.039752418680657264e+01	2.344770709674579290e-01	5.348322033697428673e-02	0.000000000000000000e+00
2.704959730463131364e-10	1.675280646149706953e+00	1.039022157246455436e+01	2.380855277953478066e-01	5.170538447120990450e-02	0.000000000000000000e+00
2.833096101839318258e-10	1.699108031470267122e+00	1.038206387345640458e+01	2.416615358837737593e-01	4.996245931119604883e-02	0.000000000000000000e+00
2.967302408188872501e-10	1.722499648285022555e+00	1.037303240471963939e+01	2.452017934274546840e-01	4.825648389572203406e-02	0.000000000000000000e+00
3.107866187782014063e-10	1.745424454498328171e+00	1.036310988722068238e+01	2.487030939890955139e-01	4.658924161058176222e-02	0.000000000000000000e+00
3.255088599835056406e-10	1.767852494121639806e+00	1.035228059830007297e+01	2.521623397761635910e-01	4.496226114638472715e-02	0.000000000000000000e+00
3.409285069746807543e-10	1.789755043361677789e+00	1.034053051124217681e+01	2.555765536332958443e-01	4.337683056965724315e-02	0.000000000000000000e+00
3.570785964900469852e-10	1.811104745270534222e+00	1.032784741884579738e+01	2.589428897657191642e-01	4.183401048796851762e-02	0.000000000000000000e+00
3.739937302478801677e-10	1.831875847333011009e+00	1.031422097798712478e+01	2.622586612529311245e-01	4.033461324257595765e-02	0.000000000000000000e+00
3.917101490809260641e-10	1.852045052811662318e+00	1.029964245252132926e+01	2.655214637244743270e-01	3.887920588282404999e-02	0.000000000000000000e+00
4.102658105827190344e-10	1.871591431448282883e+00	1.028410530694007363e+01	2.687291436545030665e-01	3.746810788225744121e-02	0.000000000000000000e+00
4.297004704320835313e-10	1.890496234834598388e+00	1.026760570118401361e+01	2.718797546467905391e-01	3.610146089270938746e-02	0.000000000000000000e+00
4.500557675700488183e-10	1.908742913554161147e+00	1.025014266175116262e+01	2.749715506350896566e-01	3.477925594946772170e-02	0.000000000000000000e+00
4.713753134116729086e-10	1.926317111102403334e+00	1.023171816368828679e+01	2.780029782838602248e-01	3.350129313069848819e-02	0.000000000000000000e+00
4.937047852839003559e-10	1.943206642924763194e+00	1.021233715739467129e+01	2.809726690577387109e-01	3.226725851610363904e-02	0.000000000000000000e+00
5.170920242896755486e-10	1.959401464205662968e+00	1.019200755718238582e+01	2.838794311293573736e-01	3.107671255588407080e-02	0.000000000000000000e+00
5.415871378079465267e-10	1.974893628950178393e+00	1.017074020094130304e+01	2.867222413021930927e-01	2.992910508338004691e-02	0.000000000000000000e+00
5.672426068491988835e-10	1.989677240979938144e+00	1.014854878517668624e+01	2.895002369628243977e-01	2.882378843392121442e-02	0.000000000000000000e+00
5.941133984965039838e-10	2.003748399631823496e+00	1.012544978539341400e+01	2.922127082111492524e-01	2.776003241544922756e-02	0.000000000000000000e+00
6.222570836730231313e-10	2.017105139082978837e+00	1.010146235915383706e+01	2.948590900958953931e-01	2.673702908244885920e-02	0.000000000000000000e+00
6.517339604882420571e-10	2.029747363457364173e+00	1.007660823914264014e+01	2.974389550601569954e-01	2.575391672725839756e-02	0.000000000000000000e+00
6.826071834272379248e-10	2.041676777796421760e+00	1.005091161647131415e+01	2.999520055913619254e-01	2.480976652062576518e-02	0.000000000000000000e+00
7.149428986597561750e-10	2.052896815517737394e+00	1.002439901658756760e+01	3.023980670816514560e-01	2.390361569716447851e-02	0.000000000000000000e+00
7.488103857590030225e-10	2.063412562510188675e+00	9.997099168655003254e+00	3.047770808729165504e-01	2.303447283161982537e-02	0.000000000000000000e+00
7.842822061337681836e-10	2.073230679790595943e+00	9.969042870220585328e+00	3.070890976902833081e-01	2.220130017002841516e-02	0.000000000000000000e+00
8.214343584919422200e-10	2.082359516729003435e+00	9.940262174563292419e+00	3.093343208919547282e-01	2.140303599645217852e-02	0.000000000000000000e+00
8.603464416684491388e-10	2.090809526632045667e+00	9.910787430231428274e+00	3.115132644486934832e-01	2.063852205244734103e-02	0.000000000000000000e+00
9.011018251665036851e-10	2.098591968112872408e+00	9.880648909187195628e+00	3.136265160577283440e-01	1.990659586020438604e-02	0.000000000000000000e+00
9.437878277775391497e-10	2.105718438054523300e+00	9.849877387530089123e+00	3.156746521362385205e-01	1.920612506736584998e-02	0.000000000000000000e+00
9.884959046625586031e-10	2.112200837169142087e+00	9.818503903714377756e+00	3.176582421792319422e-01	1.853598779383179573e-02	0.000000000000000000e+00
1.035321843295661502e-09	2.118051353690085126e+00	9.786559601596426461e+00	3.195778534563505358e-01	1.789509459024693494e-02	0.000000000000000000e+00
1.084365968689608688e-09	2.123282456583445832e+00	9.754075625975998420e+00	3.214340556764164192e-01	1.728237790027228882e-02	0.000000000000000000e+00
1.135733358343102889e-09	2.127906891594455452e+00	9.721083051387125806e+00	3.232274251597595516e-01	1.669679167822904833e-02	0.000000000000000000e+00
1.189534067370320724e-09	2.131937677546269061e+00	9.687612835115295695e+00	3.249585483646321715e-01	1.613731498491088531e-02	0.000000000000000000e+00
1.245883364295008068e-09	2.135388102107894870e+00	9.653695786093875242e+00	3.266280248793377305e-01	1.560295521288995041e-02	0.000000000000000000e+00
1.304901978014401580e-09	2.138271716560465219e+00	9.619362545444115398e+00	3.282364699167440447e-01	1.509273820689252706e-02	0.000000000000000000e+00
1.366716356462010101e-09	2.140602326240935493e+00	9.584643574087632345e+00	3.297845159285791583e-01	1.460572002859281820e-02	0.000000000000000000e+00
1.431458937523481393e-09	2.142393982449260381e+00	9.549569147056073959e+00	3.312728142151138977e-01	1.414098759290178739e-02	0.000000000000000000e+00
1.499268432786047049e-09	2.143660969574715747e+00	9.514169348737747001e+00	3.327020357535436235e-01	1.369764621594242622e-02	0.000000000000000000e+00
1.570290124729377524e-09	2.144417791902010428e+00	9.478474072160798514e+00	3.340728718080108739e-01	1.327483366971542005e-02	0.000000000000000000e+00
1.644676177994662829e-09	2.144679155861286102e+00	9.442513016355540856e+00	3.353860338589444434e-01	1.287171568027530716e-02	0.000000000000000000e+00
1.722585965398783835e-09	2.144459957113102444e+00	9.406315685492154799e+00	3.366422541756599607e-01	1.248748130550086759e-02	0.000000000000000000e+00
1.804186409392068039e-09	2.143775258550601581e+00	9.369911386106542395e+00	3.378422849856240751e-01	1.212134963027923160e-02	0.000000000000000000e+00
1.889652339691211477e-09	2.142640269359934013e+00	9.333329223520937745e+00	3.389868977661687488e-01	1.177257258022603587e-02	0.000000000000000000e+00
1.979166867853557524e-09	2.141070331210479072e+00	9.296598095192104338e+00	3.400768837076436069e-01	1.144041835826952423e-02	0.000000000000000000e+00
2.072921779595369695e-09	2.139080889933381080e+00	9.259746684313929777e+00	3.411130518071422424e-01	1.112419020967342180e-02	0.000000000000000000e+00
2.171117945694509622e-09	2.136687478423835440e+00	9.222803450177877949e+00	3.420962287740491603e-01	1.082321100399988474e-02	0.000000000000000000e+00
2.273965752357932151e-09	2.133905689397549210e+00	9.185796617047289558e+00	3.430272572975001100e-01	1.053684205448095212e-02	0.000000000000000000e+00
2.381685551976160644e-09	2.130751162091310213e+00	9.148754159521804041e+00	3.439069965921527916e-01	1.026445551727649293e-02	0.000000000000000000e+00
2.494508135230316413e-09	2.127239551627920999e+00	9.111703788649995417e+00	3.447363200565997654e-01	1.000545732601573236e-02	0.000000000000000000e+00
2.612675225563326382e-09	2.123386511011137845e+00	9.074672934355589859e+00	3.455161150036841766e-01	9.759276297589812924e-03	0.000000000000000000e+00
2.736439997074666368e-09	2.119207668882320483e+00	9.037688726427900221e+00	3.462472816796591246e-01	9.525363436608738979e-03	0.000000000000000000e+00
2.866067616948244470e-09	2.114718607479655788e+00	9.000777972413871453e+00	3.469307323426571998e-01	9.303194797356065596e-03	0.000000000000000000e+00
3.001835813575592210e-09	2.110188393871954116e+00	8.965862772181518281e+00	3.475356634215357454e-01	9.102880196176424757e-03	0.000000000000000000e+00
3.144035471591500167e-09	2.107115986189615153e+00	8.943471736976210451e+00	3.478984855098262163e-01	8.979813124630744645e-03	0.000000000000000000e+00
3.292971255097148186e-09	2.103917126851545749e+00	8.921438410304682876e+00	3.482282355992140643e-01	8.863799367636971543e-03	0.000000000000000000e+00
3.448962260405766611e-09	2.100570816394856433e+00	8.899701754557842293e+00	3.485235344156734638e-01	8.754637180513296160e-03	0.000000000000000000e+00
3.612342699709437910e-09	2.097066763377954501e+00	8.878219359695517454e+00	3.487840537371922345e-01	8.652058197964856978e-03	0.000000000000000000e+00
3.783462617131932968e-09	2.093400237295293120e+00	8.856959929898385653e+00	3.490099626064509519e-01	8.555778185667498731e-03	0.000000000000000000e+00
3.962688638701478467e-09	2.089570016297215727e+00	8.835900020012481093e+00	3.492017164788869810e-01	8.465514443640872674e-03	0.000000000000000000e+00
4.150404757850472502e-09	2.085577274605649567e+00	8.815022124576923801e+00	3.493599480133481872e-01	8.380993369568259452e-03	0.000000000000000000e+00
4.347013158125017173e-09	2.081424892644855973e+00	8.794313398637882528e+00	3.494854027361495863e-01	8.301952270502791636e-03	0.000000000000000000e+00
4.552935074866938773e-09	2.077116992118491101e+00	8.773764740402533846e+00	3.495788976319064156e-01	8.228142285319340124e-03	0.000000000000000000e+00
4.768611697714474181e-09	2.072658609634882243e+00	8.753370090099814149e+00	3.496412941781700257e-01	8.159330805626490227e-03	0.000000000000000000e+00
4.994505115855140358e-09	2.068055453178644143e+00	8.733125893160950781e+00	3.496734786486439539e-01	8.095295099873578773e-03	0.000000000000000000e+00
5.231099308056257792e-09	2.063313723881626593e+00	8.713030659210980744e+00	3.496763495263155441e-01	8.035827507221291605e-03	0.000000000000000000e+00
5.478901179593956120e-09	2.058439976642141733e+00	8.693084614709650992e+00	3.496508076964701672e-01	7.980733464751125009e-03	0.000000000000000000e+00
5.738441648302404521e-09	2.053441012611914473e+00	8.673289407919160254e+00	3.495977499113973042e-01	7.929831149932486598e-03	0.000000000000000000e+00
6.010276782070388176e-09	2.048323794933591735e+00	8.653647868209553451e+00	3.495180640041704034e-01	7.882945922497120936e-03	0.000000000000000000e+00
6.294988990221888141e-09	2.043095381756578899e+00	8.634163801063992949e+00	3.494126255943965087e-01	7.839919115136146158e-03	0.000000000000000000e+00
6.593188271333541710e-09	2.037762873357957361e+00	8.614841816357925453e+00	3.492822958497944219e-01	7.800596544739041120e-03	0.000000000000000000e+00
6.905513520162316861e-09	2.032333369299232029e+00	8.595687180868640809e+00	3.491279199777637676e-01	7.764836442316832253e-03	0.000000000000000000e+00
7.232633896483518810e-09	2.026813934987981014e+00	8.576705693462331581e+00	3.489503264043149477e-01	7.732506880576205804e-03	0.000000000000000000e+00
7.575250258771920716e-09	2.021211574054896154e+00	8.557903576245150745e+00	3.487503262989676833e-01	7.703477081121445739e-03	0.000000000000000000e+00
7.934096665797492339e-09	2.015533206856642057e+00	8.539287382612716470e+00	3.485287134612387594e-01	7.677634972913463356e-03	0.000000000000000000e+00
8.309941949353386453e-09	2.009785653268384653e+00	8.520863915988574178e+00	3.482862645064676577e-01	7.654862028404739623e-03	0.000000000000000000e+00
8.703591361485183753e-09	2.003975618712115381e+00	8.502640161045809108e+00	3.480237390959082244e-01	7.635055472438329743e-03	0.000000000000000000e+00
9.115888299750837812e-09	1.998109684029847344e+00	8.484623222461484815e+00	3.477418805189839146e-01	7.618112274720625389e-03	0.000000000000000000e+00
9.547716114208065503e-09	1.992194295344147159e+00	8.466820273360649907e+00	3.474414158699171695e-01	7.603941489671495538e-03	0.000000000000000000e+00
1.000000000000000021e-08	1.986235761086651230e+00	8.449238507053072667e+00	3.471230573300070343e-01	7.592452748789802267e-03	0.000000000000000000e+00
