pc	M	R	C	k2	j3
9.999999999999999799e-13	9.895494772644342074e-02	5.959249067932368860e+01	2.451975980482910041e-03	2.057144572615291671e-04	0.000000000000000000e+00
1.047370897959448749e-12	9.995355150108997666e-02	5.538798608727230288e+01	2.664728031280155437e-03	2.215229555496412415e-04	0.000000000000000000e+00
1.096985797892381920e-12	1.009889192014725851e-01	5.172432523660821602e+01	2.883029760850723631e-03	2.418564993501571268e-04	0.000000000000000000e+00
1.148951000187311009e-12	1.020591461225469204e-01	4.850593768737666522e+01	3.106899899171135324e-03	2.672634018558010826e-04	0.000000000000000000e+00
1.203377840777590522e-12	1.031628324376113182e-01	4.565797179425869246e+01	3.336390509620066475e-03	2.983877663711058999e-04	0.000000000000000000e+00
1.260382929679727463e-12	1.042990263215273217e-01	4.312103290032192149e+01	3.571587825887182193e-03	3.359041837842774436e-04	0.000000000000000000e+00
1.320088400831416649e-12	1.054671846757372217e-01	4.084743867823333829e+01	3.812613301772916838e-03	3.805582990920222241e-04	0.000000000000000000e+00
1.382622173764653478e-12	1.066671462058073755e-01	3.879850697795171754e+01	4.059624804777070030e-03	4.331375124683568096e-04	0.000000000000000000e+00
1.448118227674535917e-12	1.078991141929474262e-01	3.694255937522861899e+01	4.312818029264716899e-03	4.944856481665016110e-04	0.000000000000000000e+00
1.516716888470924089e-12	1.091636466556264728e-01	3.525343057207458486e+01	4.572428096507204914e-03	5.654911580669345385e-04	0.000000000000000000e+00
1.588565129428052692e-12	1.104616525882937822e-01	3.370934056623619313e+01	4.838731395992432183e-03	6.470865601503915160e-04	0.000000000000000000e+00
1.663816886076127415e-12	1.117943931059223739e-01	3.229203106427686265e+01	5.112047683099950508e-03	7.402705851026601279e-04	0.000000000000000000e+00
1.742633386009647278e-12	1.131634671863852026e-01	3.098610982869249852e+01	5.392739282429313136e-03	8.460895786800975028e-04	0.000000000000000000e+00
1.825183494319046040e-12	1.145706457004573159e-01	2.977863266055453906e+01	5.681183843162316248e-03	9.656448400860590800e-04	0.000000000000000000e+00
1.911644075385703708e-12	1.160177353777788051e-01	2.865870588988213541e+01	5.977754064838046444e-03	1.100083858577068346e-03	0.000000000000000000e+00
2.002200371815584363e-12	1.175065389886987693e-01	2.761709822733379482e+01	6.282814324710696979e-03	1.250577550386913024e-03	0.000000000000000000e+00
2.097046401323230665e-12	1.190388263143739161e-01	2.664593313826011212e+01	6.596718279819166648e-03	1.418331696919755301e-03	0.000000000000000000e+00
2.196385372416542332e-12	1.206163094144169362e-01	2.573844543726344369e+01	6.919806626611946926e-03	1.604570135319323496e-03	0.000000000000000000e+00
2.300430119772921506e-12	1.222406196853220023e-01	2.488878752261537741e+01	7.252404818232512616e-03	1.810522184614656851e-03	0.000000000000000000e+00
2.409403560239526876e-12	1.239132860165860911e-01	2.409187388202211366e+01	7.594820746161723944e-03	2.037411362850460872e-03	0.000000000000000000e+00
2.523539170434765862e-12	1.256357138781213911e-01	2.334325553157039934e+01	7.947342369148005167e-03	2.286447208932392266e-03	0.000000000000000000e+00
2.643081486974102692e-12	1.274091641522219764e-01	2.263901801813894465e+01	8.310235218199435100e-03	2.558800472989221971e-03	0.000000000000000000e+00
2.768286630392061017e-12	1.292347318178909410e-01	2.197569807825868438e+01	8.683739789590690789e-03	2.855599951194779523e-03	0.000000000000000000e+00
2.899422853882880921e-12	1.311133298447214879e-01	2.135021352610862522e+01	9.068069904601894909e-03	3.177902164370078556e-03	0.000000000000000000e+00
3.036771118035460378e-12	1.330458077345382517e-01	2.075977242674753143e+01	9.463435820833960774e-03	3.526708561531448002e-03	0.000000000000000000e+00
3.180625692794118977e-12	1.350332063586296982e-01	2.020178583944012018e+01	9.870088625615502931e-03	3.902984132464177181e-03	0.000000000000000000e+00
3.331294787934670055e-12	1.370768523174983322e-01	1.967384977229317045e+01	1.028833287908597835e-02	4.307704414573993064e-03	0.000000000000000000e+00
3.489101213406766494e-12	1.391784036501906852e-01	1.917373805010355525e+01	1.071853168636847584e-02	4.741835780357696664e-03	0.000000000000000000e+00
3.654383070957261569e-12	1.413398907973338892e-01	1.869939414769773478e+01	1.116111159960952309e-02	5.206374179262712037e-03	0.000000000000000000e+00
3.827494478516314936e-12	1.435637561344981772e-01	1.824892240939868060e+01	1.161656756830776321e-02	5.702324883372332683e-03	0.000000000000000000e+00
4.008806328898464320e-12	1.458528937247991208e-01	1.782057894091597561e+01	1.208546809093494559e-02	6.230773200104968400e-03	0.000000000000000000e+00
4.198707084443905621e-12	1.482106903598143788e-01	1.741276251500416095e+01	1.256846060840760906e-02	6.792862843523502989e-03	0.000000000000000000e+00
4.397603609302712498e-12	1.506410692194335987e-01	1.702400558365122762e+01	1.306627732193801732e-02	7.389816153936031896e-03	0.000000000000000000e+00
4.605922041145112927e-12	1.531485366098997436e-01	1.665296563210447189e+01	1.357974142693569274e-02	8.022972522338684201e-03	0.000000000000000000e+00
4.824108704165373984e-12	1.557382327166074443e-01	1.629841695410622293e+01	1.410977385691891683e-02	8.693792609270271921e-03	0.000000000000000000e+00
5.052631065335679604e-12	1.584165647928836296e-01	1.595917255607024643e+01	1.465751867103101680e-02	9.404058752226839707e-03	0.000000000000000000e+00
5.291978735958436557e-12	1.611926943964079040e-01	1.563394300200330456e+01	1.522464116893461339e-02	1.015628076722787689e-02	0.000000000000000000e+00
5.542664520663095602e-12	1.640773277210044734e-01	1.532154501066029439e+01	1.581307198148535278e-02	1.095342566927484315e-02	0.000000000000000000e+00
5.805225516094907684e-12	1.670825086933153958e-01	1.502093726051352007e+01	1.642495507304150837e-02	1.179887686005851553e-02	0.000000000000000000e+00
6.080224261649427052e-12	1.702218027503134001e-01	1.473120714078099347e+01	1.706267365169001488e-02	1.269648507248867346e-02	0.000000000000000000e+00
6.368249944718585906e-12	1.735105134107505220e-01	1.445155979632455434e+01	1.772888021296242789e-02	1.365062364203363868e-02	0.000000000000000000e+00
6.669919663030115058e-12	1.769659386509535859e-01	1.418130916568101618e+01	1.842653149819028016e-02	1.466625920735394918e-02	0.000000000000000000e+00
6.985879746785234820e-12	1.806076730776278727e-01	1.391987088476738954e+01	1.915892888347431322e-02	1.574902626191016647e-02	0.000000000000000000e+00
7.316807143427207274e-12	1.844579653610290970e-01	1.366675685729495093e+01	1.992976514266584301e-02	1.690535236833618990e-02	0.000000000000000000e+00
7.663410868007462274e-12	1.885421415620627539e-01	1.342157138386508031e+01	2.074317852946298835e-02	1.814252096969370259e-02	0.000000000000000000e+00
8.026433522257174683e-12	1.928891066799097720e-01	1.318400876938988198e+01	2.160381519593684504e-02	1.946881707430133529e-02	0.000000000000000000e+00
8.406652885618316356e-12	1.975318761382788280e-01	1.295385534351482093e+01	2.251688867886637510e-02	2.089364715595833782e-02	0.000000000000000000e+00
8.804883581643446547e-12	2.025051890315195946e-01	1.273111623684784632e+01	2.348766845148721541e-02	2.242672309535958045e-02	0.000000000000000000e+00
9.221978823334340144e-12	2.078420732816179395e-01	1.251608959658747366e+01	2.452082272610262362e-02	2.407690413705364935e-02	0.000000000000000000e+00
9.658832241158709141e-12	2.135748631574868606e-01	1.230920629623706120e+01	2.562066049058115205e-02	2.585231480732768511e-02	0.000000000000000000e+00
1.011637979766206976e-11	2.197345667287921300e-01	1.211097317745816859e+01	2.679104010341182285e-02	2.775999762992092598e-02	0.000000000000000000e+00
1.059560179277614774e-11	2.263499657628992856e-01	1.192192845129862455e+01	2.803523217396713951e-02	2.980541858915811138e-02	0.000000000000000000e+00
1.109752496412069864e-11	2.334466077776496951e-01	1.174259993888023956e+01	2.935577413337735891e-02	3.199195468026307110e-02	0.000000000000000000e+00
1.162322468679854125e-11	2.410456866917380370e-01	1.157346702687838125e+01	3.075431943478019320e-02	3.432035602607715757e-02	0.000000000000000000e+00
1.217382727739662020e-11	2.491628144675180345e-01	1.141492737591384277e+01	3.223148462505216749e-02	3.678820188873503649e-02	0.000000000000000000e+00
1.275051240713012859e-11	2.578066926943964887e-01	1.126726926186794309e+01	3.378669796405319586e-02	3.938937875841422298e-02	0.000000000000000000e+00
1.335451562929897339e-11	2.669776992467936538e-01	1.113065016104047444e+01	3.541805337875403303e-02	4.211363338395967409e-02	0.000000000000000000e+00
1.398713102647241439e-11	2.766664132900489292e-01	1.100508182264688095e+01	3.712217374634336348e-02	4.494620637878780217e-02	0.000000000000000000e+00
1.464971398307287854e-11	2.868513818498173995e-01	1.089042954991186463e+01	3.889396073834600065e-02	4.786736228813076588e-02	0.000000000000000000e+00
1.534368408930013065e-11	2.974936483590142067e-01	1.078644753070646267e+01	4.072578812672825177e-02	5.085136468115214470e-02	0.000000000000000000e+00
1.607052818261638620e-11	3.085447416929680275e-01	1.069270131235652599e+01	4.260896146252227124e-02	5.386950963916116442e-02	0.000000000000000000e+00
1.683180353330955093e-11	3.199522545608336488e-01	1.060857673372352572e+01	4.453467504604842475e-02	5.689242268506113087e-02	0.000000000000000000e+00
1.762914118095944293e-11	3.316606545398128603e-01	1.053333992457559987e+01	4.649412606847865698e-02	5.989087799650603255e-02	0.000000000000000000e+00
1.846424942895546448e-11	3.436120571150251823e-01	1.046618599341096711e+01	4.847861248178458871e-02	6.283665099416418931e-02	0.000000000000000000e+00
1.933891750455232057e-11	3.557469884098952151e-01	1.040627757023744593e+01	5.047961819773892633e-02	6.570309594072186454e-02	0.000000000000000000e+00
2.025501939230666486e-11	3.680051298996689368e-01	1.035277458720470989e+01	5.248888527013185340e-02	6.846580417704148380e-02	0.000000000000000000e+00
2.121451784910627571e-11	3.803260411982352096e-01	1.030485666472193707e+01	5.449847408947781913e-02	7.110301436049308588e-02	0.000000000000000000e+00
2.221946860939528424e-11	3.926498557065774553e-01	1.026173941543738799e+01	5.650081275899743877e-02	7.359597375309956391e-02	0.000000000000000000e+00
2.327202478960412005e-11	4.049179432567939219e-01	1.022268586264767265e+01	5.848873680155800003e-02	7.592910771446971518e-02	0.000000000000000000e+00
2.437444150122221807e-11	4.170735352526357964e-01	1.018701399858052881e+01	6.045552059597566336e-02	7.809011381615207914e-02	0.000000000000000000e+00
2.552908068239516723e-11	4.290662858623921494e-01	1.015409116025915282e+01	6.239554291061236158e-02	8.007061723375359652e-02	0.000000000000000000e+00
2.673841615839943880e-11	4.408640251399306709e-01	1.012331593694694476e+01	6.430609024237181337e-02	8.186757290216252481e-02	0.000000000000000000e+00
2.800503894183625342e-11	4.524456632011451540e-01	1.009415199418863907e+01	6.618610514199604888e-02	8.348137401488535392e-02	0.000000000000000000e+00
2.933166278390048099e-11	4.637983540652551584e-01	1.006613606502788372e+01	6.803566618082323991e-02	8.491499760143214615e-02	0.000000000000000000e+00
3.072112998861759207e-11	4.749169055767981096e-01	1.003887472742247944e+01	6.985585774308197826e-02	8.617347964970491214e-02	0.000000000000000000e+00
3.217641750250735458e-11	4.858032296267158490e-01	1.001203929440457685e+01	7.164866244372722348e-02	8.726349700903954232e-02	0.000000000000000000e+00
3.370064329271925032e-11	4.964658426868651664e-01	9.985359983675150986e+00	7.341687296615470593e-02	8.819295380793117090e-02	0.000000000000000000e+00
3.529707302730657668e-11	5.069194237438712225e-01	9.958620022842605835e+00	7.516402106878876388e-02	8.897071198045826412e-02	0.000000000000000000e+00
3.696912707195032437e-11	5.171844363165687408e-01	9.931650076874328548e+00	7.689432210380782451e-02	8.960622550229588312e-02	0.000000000000000000e+00
3.872038781812557004e-11	5.272868179339257333e-01	9.904323222426375750e+00	7.861263333435532241e-02	9.010936184600391863e-02	0.000000000000000000e+00
4.055460735840827506e-11	5.372577444398185520e-01	9.876550578605831632e+00	8.032442537094325319e-02	9.049016885162315671e-02	0.000000000000000000e+00
4.247571552536894126e-11	5.471334962373380906e-01	9.848277581843023043e+00	8.203576978450743962e-02	9.075876964217630127e-02	0.000000000000000000e+00
4.448782831127576069e-11	5.569554883522933597e-01	9.819478465726014349e+00	8.375337193909264399e-02	9.092510407027160069e-02	0.000000000000000000e+00
4.659525668664686662e-11	5.667654222328185609e-01	9.790154298308099357e+00	8.548384437119625756e-02	9.099843699205302505e-02	0.000000000000000000e+00
4.880251583654433574e-11	5.766012372783929640e-01	9.760329216431994581e+00	8.723310643751544524e-02	9.098702898615419754e-02	0.000000000000000000e+00
5.111433483440165318e-11	5.864970786612311304e-01	9.730042719272780971e+00	8.900642163434561993e-02	9.089810558956253062e-02	0.000000000000000000e+00
5.353566677410718816e-11	5.964834821687687860e-01	9.699344258100783378e+00	9.080845416417689109e-02	9.073797035003962341e-02	0.000000000000000000e+00
5.607169938205469661e-11	6.065875284787574095e-01	9.668289277624216638e+00	9.264331266547912169e-02	9.051205809561090054e-02	0.000000000000000000e+00
5.872786613189488850e-11	6.168329535754328852e-01	9.636936147910613926e+00	9.451458264016954214e-02	9.022502210493965613e-02	0.000000000000000000e+00
6.150985788580503926e-11	6.272402147897786495e-01	9.605343677473294761e+00	9.642534944913713768e-02	8.988079761786926802e-02	0.000000000000000000e+00
6.442363508721370414e-11	6.378265153709925528e-01	9.573569021244118460e+00	9.837821353094619581e-02	8.948268334707880356e-02	0.000000000000000000e+00
6.747544053110686101e-11	6.486057915076235414e-01	9.541665866086665559e+00	1.003752992563297503e-01	8.903339248320722710e-02	0.000000000000000000e+00
7.067181273927477085e-11	6.595886658017532378e-01	9.509682819159083422e+00	1.024182585962893216e-01	8.853512521529004198e-02	0.000000000000000000e+00
7.401959996915652408e-11	6.707820035098409628e-01	9.477663033860244113e+00	1.045082013976630642e-01	8.798962211537812717e-02	0.000000000000000000e+00
7.752597488629464062e-11	6.821864088305279461e-01	9.445651183492659086e+00	1.066452199282167668e-01	8.739843885946850521e-02	0.000000000000000000e+00
8.119844993184008328e-11	6.937995920209896195e-01	9.413687502736786783e+00	1.088289647253186387e-01	8.676298415432594224e-02	0.000000000000000000e+00
8.504489341802668113e-11	7.056188400624041623e-01	9.381804173266178992e+00	1.110590717726190058e-01	8.608454629075175391e-02	0.000000000000000000e+00
8.907354638610458163e-11	7.176411549830521430e-01	9.350026912163029280e+00	1.133351726683111266e-01	8.536432812582839258e-02	0.000000000000000000e+00
9.329304026284695888e-11	7.298633138621307692e-01	9.318376169235831341e+00	1.156568956946337906e-01	8.460351207765685888e-02	0.000000000000000000e+00
9.771241535346501225e-11	7.422819199167007831e-01	9.286868022232324549e+00	1.180238679986206907e-01	8.380326830999446086e-02	0.000000000000000000e+00
1.023411402105452712e-10	7.548934287049121616e-01	9.255514927550260396e+00	1.204357147323399518e-01	8.296475315000470530e-02	0.000000000000000000e+00
1.071891319205126445e-10	7.676941687392474511e-01	9.224326335180249359e+00	1.228920582233966885e-01	8.208914607831555021e-02	0.000000000000000000e+00
1.122667773510811312e-10	7.806803555187208365e-01	9.193309210528200381e+00	1.253925166125248181e-01	8.117766003531175223e-02	0.000000000000000000e+00
1.175849554052158201e-10	7.938481006000561724e-01	9.162468480947250526e+00	1.279367020723801707e-01	8.023152987214421383e-02	0.000000000000000000e+00
1.231550603292826197e-10	8.071934171607868524e-01	9.131807421045268214e+00	1.305242187251516583e-01	7.925202235016053087e-02	0.000000000000000000e+00
1.289890261253308184e-10	8.207118630950958060e-01	9.101328723891157324e+00	1.331545911595416465e-01	7.824048071720390851e-02	0.000000000000000000e+00
1.350993521198024986e-10	8.343972468346928517e-01	9.071036603445458368e+00	1.358270217292654736e-01	7.719836486295045264e-02	0.000000000000000000e+00
1.414991297434578731e-10	8.482417967783174584e-01	9.040934651922825083e+00	1.385404433807498059e-01	7.612722604897813328e-02	0.000000000000000000e+00
1.482020705798860072e-10	8.622362574142037328e-01	9.011024604333444543e+00	1.412935512280452388e-01	7.502866223182788619e-02	0.000000000000000000e+00
1.552225357427047968e-10	8.763698641704057435e-01	8.981305831480121071e+00	1.440848055700322261e-01	7.390431984901077445e-02	0.000000000000000000e+00
1.625755666443793407e-10	8.906303425370099003e-01	8.951775007825254704e+00	1.469124372638866693e-01	7.275586213441560812e-02	0.000000000000000000e+00
1.702769172225897821e-10	9.050039247328359737e-01	8.922425900669303189e+00	1.497744549304498296e-01	7.158501745714571096e-02	0.000000000000000000e+00
1.783430876931905687e-10	9.194753818748286900e-01	8.893249253051513037e+00	1.526686538955502603e-01	7.039351969035408108e-02	0.000000000000000000e+00
1.867913599020784805e-10	9.340280691654315737e-01	8.864232742929543107e+00	1.555926265682929521e-01	6.918315958984538883e-02	0.000000000000000000e+00
1.956398343517064725e-10	9.486439836580496943e-01	8.835361005484232422e+00	1.585437742442813713e-01	6.795574621590073916e-02	0.000000000000000000e+00
2.049074689815846066e-10	9.633038330101008073e-01	8.806615709126059954e+00	1.615193200829507514e-01	6.671311583628151964e-02	0.000000000000000000e+00
2.146141197858401440e-10	9.779871055170681338e-01	8.777975694078929081e+00	1.645163213098446986e-01	6.545714044807882104e-02	0.000000000000000000e+00
2.247805833548729991e-10	9.926719310801589424e-01	8.749417750310092501e+00	1.675316338774613112e-01	6.418973850681555793e-02	0.000000000000000000e+00
2.354286414322420067e-10	1.007335672167978036e+00	8.720916968402752545e+00	1.705620067430322073e-01	6.291285732700858946e-02	0.000000000000000000e+00
2.465811075822603842e-10	1.021955801845212841e+00	8.692446715341006325e+00	1.736042334305324397e-01	6.162844809179886946e-02	0.000000000000000000e+00
2.582618760682674929e-10	1.036510065969999728e+00	8.663979434637806065e+00	1.766551676808627569e-01	6.033844459299132074e-02	0.000000000000000000e+00
2.704959730463131364e-10	1.050976577209791873e+00	8.635487301807557969e+00	1.797117288948381353e-01	5.904478072924623788e-02	0.000000000000000000e+00
2.833096101839318258e-10	1.065333894747281018e+00	8.606942745295448560e+00	1.827709064995829691e-01	5.774937614591708901e-02	0.000000000000000000e+00
2.967302408188872501e-10	1.079561093390756676e+00	8.578318870100689608e+00	1.858297633787405756e-01	5.645413866813037140e-02	0.000000000000000000e+00
3.107866187782014063e-10	1.093637825692596932e+00	8.549589803078198713e+00	1.888854388003914642e-01	5.516093820457947106e-02	0.000000000000000000e+00
3.255088599835056406e-10	1.107544377244221945e+00	8.520730975699406073e+00	1.919351507189655248e-01	5.387161793954053229e-02	0.000000000000000000e+00
3.409285069746807543e-10	1.121261717689834292e+00	8.491719352828274836e+00	1.949761978630379367e-01	5.258797819064466028e-02	0.000000000000000000e+00
3.570785964900469852e-10	1.134771546062466552e+00	8.462533616788391555e+00	1.980059613069704294e-01	5.131176570774729356e-02	0.000000000000000000e+00
3.739937302478801677e-10	1.148056441044245979e+00	8.433154075234396529e+00	2.010219305409576551e-01	5.004465613361595150e-02	0.000000000000000000e+00
3.917101490809260641e-10	1.161100863886942669e+00	8.403560711521004478e+00	2.040219251446009907e-01	4.878816703787910991e-02	0.000000000000000000e+00
4.102658105827190344e-10	1.173890920980909192e+00	8.373734173729401320e+00	2.070040339606092905e-01	4.754367592764190825e-02	0.000000000000000000e+00
4.297004704320835313e-10	1.186413892317634167e+00	8.343657201426632142e+00	2.099664984193395367e-01	4.631247729348533793e-02	0.000000000000000000e+00
4.500557675700488183e-10	1.198658222087196856e+00	8.313314827241722327e+00	2.129077037949678453e-01	4.509578092317000075e-02	0.000000000000000000e+00
4.713753134116729086e-10	1.210613501720363416e+00	8.282694481288782384e+00	2.158261711033166719e-01	4.389471255370987895e-02	0.000000000000000000e+00
4.937047852839003559e-10	1.222270445560289298e+00	8.251786039630692571e+00	2.187205488679060672e-01	4.271031771282306905e-02	0.000000000000000000e+00
5.170920242896755486e-10	1.233620862052219325e+00	8.220581831594111932e+00	2.215896050297787856e-01	4.154355521311245414e-02	0.000000000000000000e+00
5.415871378079465267e-10	1.244657621583859175e+00	8.189076616174082446e+00	2.244322190451907562e-01	4.039530493178872944e-02	0.000000000000000000e+00
5.672426068491988835e-10	1.255374621925608780e+00	8.157267535105090062e+00	2.272473742229491889e-01	3.926635912171814319e-02	0.000000000000000000e+00
5.941133984965039838e-10	1.265766752674766904e+00	8.125154048810610874e+00	2.300341504498541190e-01	3.815744191322478079e-02	0.000000000000000000e+00
6.222570836730231313e-10	1.275829857939078327e+00	8.092737857096313547e+00	2.327917171651882611e-01	3.706918011200109608e-02	0.000000000000000000e+00
6.517339604882420571e-10	1.285560713993784354e+00	8.060022704789487236e+00	2.355193326083883099e-01	3.600213332667535210e-02	0.000000000000000000e+00
6.826071834272379248e-10	1.294956799685408111e+00	8.027014173633405747e+00	2.382163059002420091e-01	3.495678346575489120e-02	0.000000000000000000e+00
7.149428986597561750e-10	1.304015841671070763e+00	7.993719780076664172e+00	2.408819079547110942e-01	3.393356409655581829e-02	0.000000000000000000e+00
7.488103857590030225e-10	1.312735716664996444e+00	7.960148562355612079e+00	2.435153619362726007e-01	3.293285417775503043e-02	0.000000000000000000e+00
7.842822061337681836e-10	1.321114444683867406e+00	7.926310713976776334e+00	2.461158499078239248e-01	3.195497424252239510e-02	0.000000000000000000e+00
8.214343584919422200e-10	1.329150198823177531e+00	7.892217312593473366e+00	2.486825205410271578e-01	3.100019021375179443e-02	0.000000000000000000e+00
8.603464416684491388e-10	1.336841323593792152e+00	7.857880110418840935e+00	2.512144972691289224e-01	3.006870815443725767e-02	0.000000000000000000e+00
9.011018251665036851e-10	1.344186358796804370e+00	7.823311371395757163e+00	2.537108866527837958e-01	2.916067674194296189e-02	0.000000000000000000e+00
9.437878277775391497e-10	1.351184060808840126e+00	7.788523745769180273e+00	2.561707856183463861e-01	2.827618750064381584e-02	0.000000000000000000e+00
9.884959046625586031e-10	1.357833429113437518e+00	7.753530165210061220e+00	2.585932894977774343e-01	2.741527877857801582e-02	0.000000000000000000e+00
1.035321843295661502e-09	1.364133730279068368e+00	7.718343765968064041e+00	2.609774991001375666e-01	2.657792963839863271e-02	0.000000000000000000e+00
1.084365968689608688e-09	1.370084515403116487e+00	7.682977837740716076e+00	2.633225260326413353e-01	2.576408002376139386e-02	0.000000000000000000e+00
1.135733358343102889e-09	1.375685566978454011e+00	7.647446237727477225e+00	2.656274685255837764e-01	2.497362279522265596e-02	0.000000000000000000e+00
1.189534067370320724e-09	1.380936862749314153e+00	7.611763607168750667e+00	2.678913961322581527e-01	2.420643102648041209e-02	0.000000000000000000e+00
1.245883364295008068e-09	1.385838660853835558e+00	7.575944794207232214e+00	2.701133856261646038e-01	2.346233634481694266e-02	0.000000000000000000e+00
1.304901978014401580e-09	1.390391524799546641e+00	7.540004736114043205e+00	2.722925306465724948e-01	2.274112753627284544e-02	0.000000000000000000e+00
1.366716356462010101e-09	1.394596337666648589e+00	7.503958410388801958e+00	2.744279472405839471e-01	2.204256599088482912e-02	0.000000000000000000e+00
1.431458937523481393e-09	1.398454322567848962e+00	7.467820799551108557e+00	2.765187804262087545e-01	2.136637611701011977e-02	0.000000000000000000e+00
1.499268432786047049e-09	1.401967058338108307e+00	7.431606870430520040e+00	2.785642095578015343e-01	2.071225322261813218e-02	0.000000000000000000e+00
1.570290124729377524e-09	1.405136493696530708e+00	7.395331562368399503e+00	2.805634532797157132e-01	2.007986610529026439e-02	0.000000000000000000e+00
1.644676177994662829e-09	1.407964959736446309e+00	7.359009780960180436e+00	2.825157741338344408e-01	1.946885740139614809e-02	0.000000000000000000e+00
1.722585965398783835e-09	1.410455177931418058e+00	7.322656400916160990e+00	2.844204820891105823e-01	1.887884614382865853e-02	0.000000000000000000e+00
1.804186409392068039e-09	1.412610268930104773e+00	7.286286264837098514e+00	2.862769385230006791e-01	1.830943836584520562e-02	0.000000000000000000e+00
1.889652339691211477e-09	1.414433760291518460e+00	7.249914083029217693e+00	2.880845640684616127e-01	1.776021001307180949e-02	0.000000000000000000e+00
1.979166867853557524e-09	1.415929630574815912e+00	7.213553487134152675e+00	2.898428883103555398e-01	1.723071512145830930e-02	0.000000000000000000e+00
2.072921779595369695e-09	1.417102292974714128e+00	7.177217468873805295e+00	2.915515336487081166e-01	1.672048536842229288e-02	0.000000000000000000e+00
2.171117945694509622e-09	1.417956576497609866e+00	7.140919002691418882e+00	2.932101899000336132e-01	1.622904325205053178e-02	0.000000000000000000e+00
2.273965752357932151e-09	1.418497718820745712e+00	7.104671117591716545e+00	2.948186124998345981e-01	1.575590526097557509e-02	0.000000000000000000e+00
2.381685551976160644e-09	1.418731361096231103e+00	7.068486938792981178e+00	2.963766222298709341e-01	1.530058323295517553e-02	0.000000000000000000e+00
2.494508135230316413e-09	1.418663530512546345e+00	7.032379717778254324e+00	2.978841028108545341e-01	1.486258753654696313e-02	0.000000000000000000e+00
2.612675225563326382e-09	1.418300625784420399e+00	6.996362855846079754e+00	2.993409992863936830e-01	1.444143154317450994e-02	0.000000000000000000e+00
2.736439997074666368e-09	1.417649395308446358e+00	6.960449905088693434e+00	3.007473157542859266e-01	1.403662064385481807e-02	0.000000000000000000e+00
2.866067616948244470e-09	1.416716917716207114e+00	6.924654582546318160e+00	3.021031129680477600e-01	1.364767670494821186e-02	0.000000000000000000e+00
3.001835813575592210e-09	1.415510581234772136e+00	6.888990762219434849e+00	3.034085065693034600e-01	1.327411677784091915e-02	0.000000000000000000e+00
3.144035471591500167e-09	1.414038060363964844e+00	6.853472469994379423e+00	3.046636645664038689e-01	1.291546724203415999e-02	0.000000000000000000e+00
3.292971255097148186e-09	1.412307276249888721e+00	6.818113623860583061e+00	3.058688126311824296e-01	1.257125750324517705e-02	0.000000000000000000e+00
3.448962260405766611e-09	1.410326286136298624e+00	6.782927616282043992e+00	3.070242315232173391e-01	1.224100753615708394e-02	0.000000000000000000e+00
3.612342699709437910e-09	1.408103203347917054e+00	6.747928103712991010e+00	3.081302063612113562e-01	1.192429880888703705e-02	0.000000000000000000e+00
3.783462617131932968e-09	1.405646153200297510e+00	6.713129033580039540e+00	3.091870165015578320e-01	1.162066132488324098e-02	0.000000000000000000e+00
3.962688638701478467e-09	1.402963250585270716e+00	6.678544508667538793e+00	3.101949374381371971e-01	1.132967893077239246e-02	0.000000000000000000e+00
4.150404757850472502e-09	1.400062589244104094e+00	6.644188694497080938e+00	3.111542434857674233e-01	1.105094620624472342e-02	0.000000000000000000e+00
4.347013158125017173e-09	1.396952236767410760e+00	6.610075745261937641e+00	3.120652110340225160e-01	1.078406192606775130e-02	0.000000000000000000e+00
4.552935074866938773e-09	1.393640233944720475e+00	6.576219756145345485e+00	3.129281216768283747e-01	1.052864466119717186e-02	0.000000000000000000e+00
4.768611697714474181e-09	1.390134596652460530e+00	6.542634721584134283e+00	3.137432657474809594e-01	1.028431833414808483e-02	0.000000000000000000e+00
4.994505115855140358e-09	1.386443316673594106e+00	6.509334508654999851e+00	3.145109449967764537e-01	1.005072035311173513e-02	0.000000000000000000e+00
5.231099308056257792e-09	1.382574364733608396e+00	6.476332837407166920e+00	3.152314755086925158e-01	9.827501454476517823e-03	0.000000000000000000e+00
5.478901179593956120e-09	1.378535691633227867e+00	6.443643252517906816e+00	3.159051906715965585e-01	9.614318200537231088e-03	0.000000000000000000e+00
5.738441648302404521e-09	1.374335155127681007e+00	6.411278561796915909e+00	3.165324534365884790e-01	9.410839111582467928e-03	0.000000000000000000e+00
6.010276782070388176e-09	1.369980491959910784e+00	6.379250680495729853e+00	3.171136594848899537e-01	9.216736129930963237e-03	0.000000000000000000e+00
6.294988990221888141e-09	1.365479406397749340e+00	6.347571353722238463e+00	3.176492236099866528e-01	9.031690417684236361e-03	0.000000000000000000e+00
6.593188271333541710e-09	1.360839582258978053e+00	6.316252215643007872e+00	3.181395807371942830e-01	8.855398595123535957e-03	0.000000000000000000e+00
6.905513520162316861e-09	1.356068685380179550e+00	6.285304795542804968e+00	3.185851873465907480e-01	8.687563185164417362e-03	0.000000000000000000e+00
7.232633896483518810e-09	1.351174362928015071e+00	6.254740517481983453e+00	3.189865224705087376e-01	8.527904598336258357e-03	0.000000000000000000e+00
7.575250258771920716e-09	1.346164243493285673e+00	6.224570700804577861e+00	3.193440888143626588e-01	8.376140893678324720e-03	0.000000000000000000e+00
7.934096665797492339e-09	1.341045933481839203e+00	6.194806553086284140e+00	3.196584133668418648e-01	8.232011213983486328e-03	0.000000000000000000e+00
8.309941949353386453e-09	1.335827014493315090e+00	6.165459165801042474e+00	3.199300480722433448e-01	8.095260542242885965e-03	0.000000000000000000e+00
8.703591361485183753e-09	1.330515038463716770e+00	6.136539502465451434e+00	3.201595703216702504e-01	7.965641606240830841e-03	0.000000000000000000e+00
9.115888299750837812e-09	1.325117523304368827e+00	6.108058388731114619e+00	3.203475834199048800e-01	7.842916134020464988e-03	0.000000000000000000e+00
9.547716114208065503e-09	1.319641923684973017e+00	6.080026379598074904e+00	3.204947174459936710e-01	7.726856933928804780e-03	0.000000000000000000e+00
1.000000000000000021e-08	1.314095420232140876e+00	6.052452736332427641e+00	3.206016329452054947e-01	7.617240268512479560e-03	0.000000000000000000e+00
