pc	M	R	C	k2	j3
9.999999999999999799e-13	1.091667304231211527e-01	4.097067315209356764e+01	3.934480876503465042e-03	4.247699541103684825e-04	0.000000000000000000e+00
1.047370897959448749e-12	1.122042052191034034e-01	3.749366833335477622e+01	4.418973890429509291e-03	5.550210619449043358e-04	0.000000000000000000e+00
1.096985797892381920e-12	1.155157883401065066e-01	3.455217490004169179e+01	4.936693812889632153e-03	7.335026336222148346e-04	0.000000000000000000e+00
1.148951000187311009e-12	1.191068078776148509e-01	3.204828307306998170e+01	5.487847729471119484e-03	9.721727557577005503e-04	0.000000000000000000e+00
1.203377840777590522e-12	1.229804560147757936e-01	2.990574248837229732e+01	6.072279378617559918e-03	1.284038885075413066e-03	0.000000000000000000e+00
1.260382929679727463e-12	1.271372199957449267e-01	2.806429434650597443e+01	6.689425465864468241e-03	1.682665841530494016e-03	0.000000000000000000e+00
1.320088400831416649e-12	1.315743020127252139e-01	2.647569664170107728e+01	7.338273829697848812e-03	2.181500378963572608e-03	0.000000000000000000e+00
1.382622173764653478e-12	1.362850257699003975e-01	2.510087984500232494e+01	8.017323926040839308e-03	2.793093264580257407e-03	0.000000000000000000e+00
1.448118227674535917e-12	1.412582365101791859e-01	2.390787368367590915e+01	8.724550535967412132e-03	3.528247096300144055e-03	0.000000000000000000e+00
1.516716888470924089e-12	1.464779157189485814e-01	2.287023479320361474e+01	9.457400120666608137e-03	4.395150803776683678e-03	0.000000000000000000e+00
1.588565129428052692e-12	1.519251765041403912e-01	2.196556406884028334e+01	1.021310094205938636e-02	5.399024487502212741e-03	0.000000000000000000e+00
1.663816886076127415e-12	1.575808352356168063e-01	2.117459636964824554e+01	1.098900807571115065e-02	6.542196972028895864e-03	0.000000000000000000e+00
1.742633386009647278e-12	1.634259119115997749e-01	2.048085740268128063e+01	1.178265111010363443e-02	7.824167782085523007e-03	0.000000000000000000e+00
1.825183494319046040e-12	1.694418900342173351e-01	1.987032041275741889e+01	1.259175172211404216e-02	9.241753304983993042e-03	0.000000000000000000e+00
1.911644075385703708e-12	1.756109551307702688e-01	1.933106630313860919e+01	1.341423868383301299e-02	1.078934992659302643e-02	0.000000000000000000e+00
2.002200371815584363e-12	1.819162121720691583e-01	1.885297180712241882e+01	1.424825967583533658e-02	1.245930605161803262e-02	0.000000000000000000e+00
2.097046401323230665e-12	1.883418868290822334e-01	1.842743435492507587e+01	1.509219052676917527e-02	1.424227368828413429e-02	0.000000000000000000e+00
2.196385372416542332e-12	1.948735126632240577e-01	1.804713495801778933e+01	1.594464236411288066e-02	1.612770552759562950e-02	0.000000000000000000e+00
2.300430119772921506e-12	2.014981065325336662e-01	1.770583672989998192e+01	1.680446727654897471e-02	1.810422638779443649e-02	0.000000000000000000e+00
2.409403560239526876e-12	2.082043352218566346e-01	1.739821522053858160e+01	1.767076308601791754e-02	2.016000956249849180e-02	0.000000000000000000e+00
2.523539170434765862e-12	2.149826729454466512e-01	1.711971635709878825e+01	1.854287746463590542e-02	2.228321256769488085e-02	0.000000000000000000e+00
2.643081486974102692e-12	2.218255524778946775e-01	1.686643784382800959e+01	1.942041189027083822e-02	2.446224888614694296e-02	0.000000000000000000e+00
2.768286630392061017e-12	2.287275101605359129e-01	1.663503032095675849e+01	2.030322561602091944e-02	2.668608706607429604e-02	0.000000000000000000e+00
2.899422853882880921e-12	2.356853270267239564e-01	1.642261501535228518e+01	2.119143998490338743e-02	2.894449770875203928e-02	0.000000000000000000e+00
3.036771118035460378e-12	2.426981675365231517e-01	1.622671512361003465e+01	2.208544328358709799e-02	3.122822725598711421e-02	0.000000000000000000e+00
3.180625692794118977e-12	2.497677181864099150e-01	1.604519860431795664e+01	2.298589636058818650e-02	3.352918648637358279e-02	0.000000000000000000e+00
3.331294787934670055e-12	2.568983287118022929e-01	1.587623045437242197e+01	2.389373922852974091e-02	3.584050581901009058e-02	0.000000000000000000e+00
3.489101213406766494e-12	2.640971591808933816e-01	1.571823288043822231e+01	2.481019888550015096e-02	3.815665327947462965e-02	0.000000000000000000e+00
3.654383070957261569e-12	2.713743359090478591e-01	1.556985207579516484e+01	2.573679849202284431e-02	4.047351174992969147e-02	0.000000000000000000e+00
3.827494478516314936e-12	2.787431283505572011e-01	1.542993040052344078e+01	2.667536912563147830e-02	4.278831110932269227e-02	0.000000000000000000e+00
4.008806328898464320e-12	2.862201902764918704e-01	1.529748066149347707e+01	2.762807258231326016e-02	4.509974739729104981e-02	0.000000000000000000e+00
4.198707084443905621e-12	2.938235979745970616e-01	1.517168846212489797e+01	2.859716566712366959e-02	4.740719498059928205e-02	0.000000000000000000e+00
4.397603609302712498e-12	3.015707453232444601e-01	1.505190426239200363e+01	2.958475635826392919e-02	4.970995571185255618e-02	0.000000000000000000e+00
4.605922041145112927e-12	3.094781876618358796e-01	1.493760865624371093e+01	3.059279824341531659e-02	5.200711237746332566e-02	0.000000000000000000e+00
4.824108704165373984e-12	3.175616080320261547e-01	1.482838443040074594e+01	3.162309630971558289e-02	5.429756505568680836e-02	0.000000000000000000e+00
5.052631065335679604e-12	3.258357706587684532e-01	1.472389478651178507e+01	3.267730935551059479e-02	5.657984137135410596e-02	0.000000000000000000e+00
5.291978735958436557e-12	3.343144601759739931e-01	1.462386602181853945e+01	3.375694973882299027e-02	5.885218666699115753e-02	0.000000000000000000e+00
5.542664520663095602e-12	3.430104080493858176e-01	1.452807352958515885e+01	3.486338115077126237e-02	6.111250807320518785e-02	0.000000000000000000e+00
5.805225516094907684e-12	3.519352049402626470e-01	1.443633037613493464e+01	3.599781454603334652e-02	6.335831998602711734e-02	0.000000000000000000e+00
6.080224261649427052e-12	3.610992020070392661e-01	1.434847786025197713e+01	3.716130285944146266e-02	6.558676905147560465e-02	0.000000000000000000e+00
6.368249944718585906e-12	3.705114007207078730e-01	1.426437767298086712e+01	3.835473459712508693e-02	6.779460301987551285e-02	0.000000000000000000e+00
6.669919663030115058e-12	3.801793325395488310e-01	1.418390534844728279e+01	3.957882659710815904e-02	6.997814304064853275e-02	0.000000000000000000e+00
6.985879746785234820e-12	3.901089293385031076e-01	1.410694478268885810e+01	4.083411614723653216e-02	7.213337926326209015e-02	0.000000000000000000e+00
7.316807143427207274e-12	4.003043858623894780e-01	1.403338364440275399e+01	4.212095267489980588e-02	7.425586054959447402e-02	0.000000000000000000e+00
7.663410868007462274e-12	4.107680149648887946e-01	1.396310954915754721e+01	4.343948911846720606e-02	7.634078179958826704e-02	0.000000000000000000e+00
8.026433522257174683e-12	4.214999820679593001e-01	1.389600761771758464e+01	4.478965858579369436e-02	7.838297406314759241e-02	0.000000000000000000e+00
8.406652885618316356e-12	4.324975935134318661e-01	1.383196236450232242e+01	4.617109046060600269e-02	8.037682886445822461e-02	0.000000000000000000e+00
8.804883581643446547e-12	4.437570219508842895e-01	1.377084970131245534e+01	4.758331940290640855e-02	8.231679655413454144e-02	0.000000000000000000e+00
9.221978823334340144e-12	4.552743252205417313e-01	1.371253583557811950e+01	4.902590494534885684e-02	8.419761808586311014e-02	0.000000000000000000e+00
9.658832241158709141e-12	4.670454851026325516e-01	1.365688093661066027e+01	5.049843161989193280e-02	8.601436626991504353e-02	0.000000000000000000e+00
1.011637979766206976e-11	4.790664268234849366e-01	1.360374193544205923e+01	5.200050804272678823e-02	8.776245978414760895e-02	0.000000000000000000e+00
1.059560179277614774e-11	4.913330333234824931e-01	1.355297470798008419e+01	5.353176598745012366e-02	8.943770275377355139e-02	0.000000000000000000e+00
1.109752496412069864e-11	5.038411554669045556e-01	1.350443578853318272e+01	5.509185935492660197e-02	9.103626558183465500e-02	0.000000000000000000e+00
1.162322468679854125e-11	5.165866209023441957e-01	1.345798372224744988e+01	5.668046317738879847e-02	9.255471572577969597e-02	0.000000000000000000e+00
1.217382727739662020e-11	5.295652392935291664e-01	1.341348011611879976e+01	5.829727238719303872e-02	9.398999584301141741e-02	0.000000000000000000e+00
1.275051240713012859e-11	5.427728074950510795e-01	1.337079045420916756e+01	5.994200065739926225e-02	9.533946269398664575e-02	0.000000000000000000e+00
1.335451562929897339e-11	5.562051125683616926e-01	1.332978471452730496e+01	6.161437908331304086e-02	9.660081040154376575e-02	0.000000000000000000e+00
1.398713102647241439e-11	5.698580008536829888e-01	1.329033763866772588e+01	6.331416314468080175e-02	9.777219400858301601e-02	0.000000000000000000e+00
1.464971398307287854e-11	5.837292479070499418e-01	1.325232423028588613e+01	6.504136342850729002e-02	9.885223297505742190e-02	0.000000000000000000e+00
1.534368408930013065e-11	5.978191509583099528e-01	1.321562035504452837e+01	6.679631502547922484e-02	9.984010144606310366e-02	0.000000000000000000e+00
1.607052818261638620e-11	6.121287882149538673e-01	1.318010901276229418e+01	6.857945625565226022e-02	1.007351958198617198e-01	0.000000000000000000e+00
1.683180353330955093e-11	6.266599360516937889e-01	1.314568090795025235e+01	7.039131506626919443e-02	1.015372664850589662e-01	0.000000000000000000e+00
1.762914118095944293e-11	6.414150855768252502e-01	1.311223454591755555e+01	7.223250825852815804e-02	1.022463076778900165e-01	0.000000000000000000e+00
1.846424942895546448e-11	6.563974597058774840e-01	1.307967621785966550e+01	7.410374103302183602e-02	1.028625519047197956e-01	0.000000000000000000e+00
1.933891750455232057e-11	6.716110309961094149e-01	1.304791991452430366e+01	7.600580677849951006e-02	1.033864483302547599e-01	0.000000000000000000e+00
2.025501939230666486e-11	6.870605407330581116e-01	1.301688719609423650e+01	7.793958708139356317e-02	1.038186787827827529e-01	0.000000000000000000e+00
2.121451784910627571e-11	7.027515191461423116e-01	1.298650703074738644e+01	7.990605192408403723e-02	1.041600995758353854e-01	0.000000000000000000e+00
2.221946860939528424e-11	7.186901743165798884e-01	1.295671585766077349e+01	8.190624340609220511e-02	1.044117437440056501e-01	0.000000000000000000e+00
2.327202478960412005e-11	7.348805190170121238e-01	1.292746210643019111e+01	8.394091451088610267e-02	1.045747108201141029e-01	0.000000000000000000e+00
2.437444150122221807e-11	7.513234391365424258e-01	1.289870483977759363e+01	8.601041990110989965e-02	1.046502948762903507e-01	0.000000000000000000e+00
2.552908068239516723e-11	7.680186926625320876e-01	1.287040741507495234e+01	8.811497667777018483e-02	1.046399197113982021e-01	0.000000000000000000e+00
2.673841615839943880e-11	7.849649329223480354e-01	1.284253595006876303e+01	9.025467374850934532e-02	1.045450991131413598e-01	0.000000000000000000e+00
2.800503894183625342e-11	8.021596522250362682e-01	1.281505833094023750e+01	9.242946970154139463e-02	1.043675044811141345e-01	0.000000000000000000e+00
2.933166278390048099e-11	8.195991350078661863e-01	1.278794344812521011e+01	9.463919104487568401e-02	1.041088797746066025e-01	0.000000000000000000e+00
3.072112998861759207e-11	8.372784189419859580e-01	1.276116059516067835e+01	9.688353089544601837e-02	1.037710930903407297e-01	0.000000000000000000e+00
3.217641750250735458e-11	8.551912629649439657e-01	1.273467899961182681e+01	9.916204807571687985e-02	1.033561196016040823e-01	0.000000000000000000e+00
3.370064329271925032e-11	8.733301238620437834e-01	1.270846745714050741e+01	1.014741668988374812e-01	1.028660137697410826e-01	0.000000000000000000e+00
3.529707302730657668e-11	8.916861370134557818e-01	1.268249406419382552e+01	1.038191770606490122e-01	1.023029507312201991e-01	0.000000000000000000e+00
3.696912707195032437e-11	9.102491088269772934e-01	1.265672601761233018e+01	1.061962346616968506e-01	1.016691794347319572e-01	0.000000000000000000e+00
3.872038781812557004e-11	9.290075136139177570e-01	1.263112949159887854e+01	1.086043633507146333e-01	1.009670774385257735e-01	0.000000000000000000e+00
4.055460735840827506e-11	9.479485000131149253e-01	1.260566956635162050e+01	1.110424563068597159e-01	1.001990737583251662e-01	0.000000000000000000e+00
4.247571552536894126e-11	9.670579050393892651e-01	1.258031021209986555e+01	1.135092787328243202e-01	9.936773484205986551e-02	0.000000000000000000e+00
4.448782831127576069e-11	9.863202766759365803e-01	1.255501431574964677e+01	1.160034710023581661e-01	9.847567301269452567e-02	0.000000000000000000e+00
4.659525668664686662e-11	1.005718932764452012e+00	1.252974371315713142e+01	1.185235560157305856e-01	9.752566278974555969e-02	0.000000000000000000e+00
4.880251583654433574e-11	1.025237656758646532e+00	1.250445731422310658e+01	1.210681583233228498e-01	9.652022932834131153e-02	0.000000000000000000e+00
5.111433483440165318e-11	1.044862315909883987e+00	1.247911043185079727e+01	1.236362070690491533e-01	9.546217137037238398e-02	0.000000000000000000e+00
5.353566677410718816e-11	1.064579219815564803e+00	1.245365850507787187e+01	1.262267112262078494e-01	9.435408753859587938e-02	0.000000000000000000e+00
5.607169938205469661e-11	1.084374995669634911e+00	1.242805813023421635e+01	1.288387355278780844e-01	9.319864057863631868e-02	0.000000000000000000e+00
5.872786613189488850e-11	1.104236603092573432e+00	1.240226759497343245e+01	1.314713966103813747e-01	9.199854491319726935e-02	0.000000000000000000e+00
6.150985788580503926e-11	1.124151346115059624e+00	1.237624723855277509e+01	1.341238598817275085e-01	9.075652067883838159e-02	0.000000000000000000e+00
6.442363508721370414e-11	1.144106878888963452e+00	1.234995970559738687e+01	1.367953362250405591e-01	8.947531787932126723e-02	0.000000000000000000e+00
6.747544053110686101e-11	1.164091207414099660e+00	1.232337011835091545e+01	1.394850786854789637e-01	8.815769285908749142e-02	0.000000000000000000e+00
7.067181273927477085e-11	1.184092689454466774e+00	1.229644619137849837e+01	1.421923792502268191e-01	8.680639537973566799e-02	0.000000000000000000e+00
7.401959996915652408e-11	1.204100032186350200e+00	1.226915829722338813e+01	1.449165656593481843e-01	8.542418778988047912e-02	0.000000000000000000e+00
7.752597488629464062e-11	1.224102288245864534e+00	1.224147949881663067e+01	1.476569982183407181e-01	8.401379295157981875e-02	0.000000000000000000e+00
8.119844993184008328e-11	1.244088851981041577e+00	1.221338555342832599e+01	1.504130668284421879e-01	8.257792878279167359e-02	0.000000000000000000e+00
8.504489341802668113e-11	1.264049330587329711e+00	1.218485506385351336e+01	1.531841708921176659e-01	8.111928042970248387e-02	0.000000000000000000e+00
8.907354638610458163e-11	1.283971648246192920e+00	1.215587167224740384e+01	1.559694578104111606e-01	7.964063270028365338e-02	0.000000000000000000e+00
9.329304026284695888e-11	1.303841341161454892e+00	1.212642309990663314e+01	1.587677408739991414e-01	7.814486903642386961e-02	0.000000000000000000e+00
9.771241535346501225e-11	1.323642330422610591e+00	1.209649836928371691e+01	1.615776217025866324e-01	7.663485601173816719e-02	0.000000000000000000e+00
1.023411402105452712e-10	1.343356975028549893e+00	1.206608690282069318e+01	1.643975044864115775e-01	7.511343191176871048e-02	0.000000000000000000e+00
1.071891319205126445e-10	1.362966144179210914e+00	1.203517796753655666e+01	1.672256091077177764e-01	7.358337934799764890e-02	0.000000000000000000e+00
1.122667773510811312e-10	1.382449314350199909e+00	1.200376031771881280e+01	1.700599853429194674e-01	7.204742708233066728e-02	0.000000000000000000e+00
1.175849554052158201e-10	1.401784683153041611e+00	1.197182197497432377e+01	1.728985277398761566e-01	7.050822347460040940e-02	0.000000000000000000e+00
1.231550603292826197e-10	1.420949297944977596e+00	1.193935010735567204e+01	1.757389912737559734e-01	6.896834001762885968e-02	0.000000000000000000e+00
1.289890261253308184e-10	1.439919194244791756e+00	1.190633098941996337e+01	1.785790072952634366e-01	6.743025899363709608e-02	0.000000000000000000e+00
1.350993521198024986e-10	1.458669542137937203e+00	1.187275002598856410e+01	1.814160996832056283e-01	6.589637073205097118e-02	0.000000000000000000e+00
1.414991297434578731e-10	1.477174821446026742e+00	1.183859185490043409e+01	1.842477034564078964e-01	6.436897937309547790e-02	0.000000000000000000e+00
1.482020705798860072e-10	1.495409488286790323e+00	1.180384049759420684e+01	1.870712441358921840e-01	6.285025573876699967e-02	0.000000000000000000e+00
1.552225357427047968e-10	1.513348808489891173e+00	1.176847988201705952e+01	1.898842331096401992e-01	6.134223950017514415e-02	0.000000000000000000e+00
1.625755666443793407e-10	1.530969076492037617e+00	1.173249467383915601e+01	1.926842815129895525e-01	5.984684817390617528e-02	0.000000000000000000e+00
1.702769172225897821e-10	1.548247711539017191e+00	1.169587086647099561e+01	1.954691017215993420e-01	5.836576722115788957e-02	0.000000000000000000e+00
1.783430876931905687e-10	1.565163325841361530e+00	1.165859620078741443e+01	1.982365074083886347e-01	5.690089265090536585e-02	0.000000000000000000e+00
1.867913599020784805e-10	1.581695775011688010e+00	1.162066046839790090e+01	2.009844128267612440e-01	5.545357694735745385e-02	0.000000000000000000e+00
1.956398343517064725e-10	1.597826197408744431e+00	1.158205573333992078e+01	2.037108317542404567e-01	5.402530717194180959e-02	0.000000000000000000e+00
2.049074689815846066e-10	1.613537078587492957e+00	1.154277639967484070e+01	2.064138821761333786e-01	5.261741699952629525e-02	0.000000000000000000e+00
2.146141197858401440e-10	1.628812952179877982e+00	1.150281763232192311e+01	2.090919027326876845e-01	5.123105630771502411e-02	0.000000000000000000e+00
2.247805833548729991e-10	1.643640527788242878e+00	1.146217539119959383e+01	2.117434703656614070e-01	4.986720206198901051e-02	0.000000000000000000e+00
2.354286414322420067e-10	1.658008197439533982e+00	1.142084804905134554e+01	2.143673084379162652e-01	4.852672466953869557e-02	0.000000000000000000e+00
2.465811075822603842e-10	1.671905991234901023e+00	1.137883663569905046e+01	2.169622753194900278e-01	4.721038380189983980e-02	0.000000000000000000e+00
2.582618760682674929e-10	1.685325533328947856e+00	1.133614492823205744e+01	2.195273556304817575e-01	4.591884356858697003e-02	0.000000000000000000e+00
2.704959730463131364e-10	1.698259989229939704e+00	1.129277947092183254e+01	2.220616516363278503e-01	4.465266847698361879e-02	0.000000000000000000e+00
2.833096101839318258e-10	1.710704008752748084e+00	1.124874954206381794e+01	2.245643751355358986e-01	4.341234257164119231e-02	0.000000000000000000e+00
2.967302408188872501e-10	1.722653809052075768e+00	1.120406641178814588e+01	2.270348722580003697e-01	4.219824440118759984e-02	0.000000000000000000e+00
3.107866187782014063e-10	1.734106923824736191e+00	1.115874278165916955e+01	2.294726021540389460e-01	4.101065076344326266e-02	0.000000000000000000e+00
3.255088599835056406e-10	1.745061570404761397e+00	1.111279358742352485e+01	2.318770368838687368e-01	3.984980369915581272e-02	0.000000000000000000e+00
3.409285069746807543e-10	1.755516541524577478e+00	1.106623568986110939e+01	2.342476514665794152e-01	3.871585525920907128e-02	0.000000000000000000e+00
3.570785964900469852e-10	1.765471174775036234e+00	1.101908755082330948e+01	2.365839249244865716e-01	3.760892684246845696e-02	0.000000000000000000e+00
3.739937302478801677e-10	1.774925336908668383e+00	1.097136898736807886e+01	2.388853421682391454e-01	3.652908591492606827e-02	0.000000000000000000e+00
3.917101490809260641e-10	1.783879431580177144e+00	1.092310086576131667e+01	2.411514008309010859e-01	3.547633250046439146e-02	0.000000000000000000e+00
4.102658105827190344e-10	1.792334422631757462e+00	1.087430465168361948e+01	2.433816240808118203e-01	3.445061166955505627e-02	0.000000000000000000e+00
4.297004704320835313e-10	1.800291749899436411e+00	1.082500251356483290e+01	2.455755472029080566e-01	3.345182050767060017e-02	0.000000000000000000e+00
4.500557675700488183e-10	1.807753304678034967e+00	1.077521725240102235e+01	2.477327159162242831e-01	3.247980863641680704e-02	0.000000000000000000e+00
4.713753134116729086e-10	1.814721425548118550e+00	1.072497218134009245e+01	2.498526887645034222e-01	3.153438583915360582e-02	0.000000000000000000e+00
4.937047852839003559e-10	1.821198894101166976e+00	1.067429102891092896e+01	2.519350392029352514e-01	3.061531416956700738e-02	0.000000000000000000e+00
5.170920242896755486e-10	1.827188878266923000e+00	1.062319830204682169e+01	2.539793396353089983e-01	2.972233913234181846e-02	0.000000000000000000e+00
5.415871378079465267e-10	1.832694867451565290e+00	1.057171972333063970e+01	2.559851416808143765e-01	2.885517584093914498e-02	0.000000000000000000e+00
5.672426068491988835e-10	1.837720736410022093e+00	1.051988155748794895e+01	2.579520007346960409e-01	2.801351292844004442e-02	0.000000000000000000e+00
5.941133984965039838e-10	1.842270749483118975e+00	1.046771043705267523e+01	2.598794812808606358e-01	2.719702300898444933e-02	0.000000000000000000e+00
6.222570836730231313e-10	1.846349559799146389e+00	1.041523328270234217e+01	2.617671595163231224e-01	2.640547107725157300e-02	0.000000000000000000e+00
6.517339604882420571e-10	1.849962213214058515e+00	1.036247723830052259e+01	2.636146264897849534e-01	2.563820758235545172e-02	0.000000000000000000e+00
6.826071834272379248e-10	1.853114142966568956e+00	1.030946961927999972e+01	2.654214897758181424e-01	2.489484200461469787e-02	0.000000000000000000e+00
7.149428986597561750e-10	1.855811170784642972e+00	1.025623786649790858e+01	2.671873760813059939e-01	2.417520867419209463e-02	0.000000000000000000e+00
7.488103857590030225e-10	1.858059506945136219e+00	1.020280950764164274e+01	2.689119336670380278e-01	2.347873949211021216e-02	0.000000000000000000e+00
7.842822061337681836e-10	1.859865743701490493e+00	1.014921212222538394e+01	2.705948338574521439e-01	2.280498395560411409e-02	0.000000000000000000e+00
8.214343584919422200e-10	1.861236850513848129e+00	1.009547331256218961e+01	2.722357727654759474e-01	2.215347679697142469e-02	0.000000000000000000e+00
8.603464416684491388e-10	1.862180167250728324e+00	1.004162067577346917e+01	2.738344728005098205e-01	2.152374303675020500e-02	0.000000000000000000e+00
9.011018251665036851e-10	1.862703395396886563e+00	9.987681778188790105e+00	2.753906839135764617e-01	2.091530756574766156e-02	0.000000000000000000e+00
9.437878277775391497e-10	1.862814588170903285e+00	9.933684131944893636e+00	2.769041847019940716e-01	2.032767570014361314e-02	0.000000000000000000e+00
9.884959046625586031e-10	1.862522138917153791e+00	9.879655172851455447e+00	2.783747832923897381e-01	1.976035512841572625e-02	0.000000000000000000e+00
1.035321843295661502e-09	1.861834768435432608e+00	9.825622239435466199e+00	2.798023180895503059e-01	1.921285104614042089e-02	0.000000000000000000e+00
1.084365968689608688e-09	1.860761510763548898e+00	9.771612550958961307e+00	2.811866583700134981e-01	1.868467480101794476e-02	0.000000000000000000e+00
1.135733358343102889e-09	1.859311698555094594e+00	9.717653188534553621e+00	2.825277047640067374e-01	1.817530456325195179e-02	0.000000000000000000e+00
1.189534067370320724e-09	1.857494946390150226e+00	9.663771073773203213e+00	2.838253895227311752e-01	1.768426566416271203e-02	0.000000000000000000e+00
1.245883364295008068e-09	1.855321134199366506e+00	9.609992950011580604e+00	2.850796767451512226e-01	1.721105670301616500e-02	0.000000000000000000e+00
1.304901978014401580e-09	1.852800389441246143e+00	9.556345361197669419e+00	2.862905624924335091e-01	1.675518395759513501e-02	0.000000000000000000e+00
1.366716356462010101e-09	1.849943062984054309e+00	9.502854530811426059e+00	2.874580769511878020e-01	1.631616406621503104e-02	0.000000000000000000e+00
1.431458937523481393e-09	1.846759578863756746e+00	9.449544433325041126e+00	2.885823222252176801e-01	1.589349797485769059e-02	0.000000000000000000e+00
1.499268432786047049e-09	1.843260336785264908e+00	9.396437048213430288e+00	2.896634537138521592e-01	1.548668076217959814e-02	0.000000000000000000e+00
1.570290124729377524e-09	1.839455752771132158e+00	9.343554158167533430e+00	2.907016342932516317e-01	1.509522473647285402e-02	0.000000000000000000e+00
1.644676177994662829e-09	1.835356239945400647e+00	9.290917346129809573e+00	2.916970326549839787e-01	1.471865273170724735e-02	0.000000000000000000e+00
1.722585965398783835e-09	1.830972195719877460e+00	9.238547946891904061e+00	2.926498240283153529e-01	1.435649863736517158e-02	0.000000000000000000e+00
1.804186409392068039e-09	1.826313991460905894e+00	9.186467008800335066e+00	2.935601910072395127e-01	1.400831372474865659e-02	0.000000000000000000e+00
1.889652339691211477e-09	1.821391964892911774e+00	9.134695267139813168e+00	2.944283244649551490e-01	1.367365488615365429e-02	0.000000000000000000e+00
1.979166867853557524e-09	1.816216413307394362e+00	9.083253122433884386e+00	2.952544244528934048e-01	1.335209812440664098e-02	0.000000000000000000e+00
2.072921779595369695e-09	1.810797588029764427e+00	9.032160626470913556e+00	2.960387010589057843e-01	1.304322279617033294e-02	0.000000000000000000e+00
2.171117945694509622e-09	1.805145689138526244e+00	8.981437471305282472e+00	2.967813752068722000e-01	1.274663023874166370e-02	0.000000000000000000e+00
2.273965752357932151e-09	1.799270860134340788e+00	8.931102981825789655e+00	2.974826793214656595e-01	1.246192299699367192e-02	0.000000000000000000e+00
2.381685551976160644e-09	1.793183183293281635e+00	8.881176111927670647e+00	2.981428579694616054e-01	1.218872408312273760e-02	0.000000000000000000e+00
2.494508135230316413e-09	1.786892674709123607e+00	8.831675439694077312e+00	2.987621684620325735e-01	1.192666063595826907e-02	0.000000000000000000e+00
2.612675225563326382e-09	1.780409279391912847e+00	8.782619167464494225e+00	2.993408812768175165e-01	1.167537686076501602e-02	0.000000000000000000e+00
2.736439997074666368e-09	1.773742866707178623e+00	8.734025121293830907e+00	2.998792805257644023e-01	1.143452571379805112e-02	0.000000000000000000e+00
2.866067616948244470e-09	1.766903234527849254e+00	8.685910822876122594e+00	3.003776633659746009e-01	1.120377092857997511e-02	0.000000000000000000e+00
3.001835813575592210e-09	1.759900128630590643e+00	8.638293680413108078e+00	3.008363377825004070e-01	1.098278902297562289e-02	0.000000000000000000e+00
3.144035471591500167e-09	1.752743219790409368e+00	8.591190904652238558e+00	3.012556225642807339e-01	1.077126809627144445e-02	0.000000000000000000e+00
3.292971255097148186e-09	1.745442091371893545e+00	8.544619463273626536e+00	3.016358477318121234e-01	1.056890692412692026e-02	0.000000000000000000e+00
3.448962260405766611e-09	1.738006234425416574e+00	8.498596064090296665e+00	3.019773552332969402e-01	1.037541393025577172e-02	0.000000000000000000e+00
3.612342699709437910e-09	1.730445040320967465e+00	8.453137129890050616e+00	3.022804994948136148e-01	1.019050435100921428e-02	0.000000000000000000e+00
3.783462617131932968e-09	1.722767793919475876e+00	8.408258793607961579e+00	3.025456473123998014e-01	1.001393281662791949e-02	0.000000000000000000e+00
3.962688638701478467e-09	1.714983681048525721e+00	8.363976876085180479e+00	3.027731808509678268e-01	9.845411381868523007e-03	0.000000000000000000e+00
4.150404757850472502e-09	1.707101773249511956e+00	8.320306885628985683e+00	3.029634958660526456e-01	9.684702071307194418e-03	0.000000000000000000e+00
4.347013158125017173e-09	1.699131026662231925e+00	8.277263986823699682e+00	3.031170034655924495e-01	9.531561027335301584e-03	0.000000000000000000e+00
4.552935074866938773e-09	1.691080283015587771e+00	8.234863010286392893e+00	3.032341307473965797e-01	9.385756158239503405e-03	0.000000000000000000e+00
4.768611697714474181e-09	1.682958263273709676e+00	8.193118429850693829e+00	3.033153212815563604e-01	9.247064241739487087e-03	0.000000000000000000e+00
4.994505115855140358e-09	1.674773532474634674e+00	8.152044194658531140e+00	3.033610357325629558e-01	9.115269331587412538e-03	0.000000000000000000e+00
5.231099308056257792e-09	1.666534462600011368e+00	8.111653575894081314e+00	3.033717515356869621e-01	8.990163283401218092e-03	0.000000000000000000e+00
5.478901179593956120e-09	1.658249294371572535e+00	8.071959510042425734e+00	3.033479619266289395e-01	8.871543974666438667e-03	0.000000000000000000e+00
5.738441648302404521e-09	1.649926138291704758e+00	8.032974615134932606e+00	3.032901760548139536e-01	8.759218845614705901e-03	0.000000000000000000e+00
6.010276782070388176e-09	1.641572979995435722e+00	7.994711201852656046e+00	3.031989200340658441e-01	8.653003819974233735e-03	0.000000000000000000e+00
6.294988990221888141e-09	1.633197672960828628e+00	7.957181239035433507e+00	3.030747373568745684e-01	8.552721269006927085e-03	0.000000000000000000e+00
6.593188271333541710e-09	1.624807937637564814e+00	7.920396344822085766e+00	3.029181894733481983e-01	8.458200348732120358e-03	0.000000000000000000e+00
6.905513520162316861e-09	1.616411355976054898e+00	7.884367759186021729e+00	3.027298561755230044e-01	8.369277079502995820e-03	0.000000000000000000e+00
7.232633896483518810e-09	1.608015373368830936e+00	7.849106338859924925e+00	3.025103364550995044e-01	8.285793702201954200e-03	0.000000000000000000e+00
7.575250258771920716e-09	1.599627285734765314e+00	7.814622505678108233e+00	3.022602483109560478e-01	8.207599731740329238e-03	0.000000000000000000e+00
7.934096665797492339e-09	1.591254081190008884e+00	7.780925609812146426e+00	3.019802235847778848e-01	8.134547394159861652e-03	0.000000000000000000e+00
8.309941949353386453e-09	1.582902410080859967e+00	7.748023912344335073e+00	3.016709027910058905e-01	8.066495431184227127e-03	0.000000000000000000e+00
8.703591361485183753e-09	1.574578761300924334e+00	7.715925351548116318e+00	3.013329385860292198e-01	8.003306743599832712e-03	0.000000000000000000e+00
9.115888299750837812e-09	1.566289475655619379e+00	7.684637589719621076e+00	3.009669963176259122e-01	7.944853314901949987e-03	0.000000000000000000e+00
9.547716114208065503e-09	1.558040736940060178e+00	7.654167969751674683e+00	3.005737537962210881e-01	7.891010498183732499e-03	0.000000000000000000e+00
1.000000000000000021e-08	1.549838573569951361e+00	7.624523495248814342e+00	3.001539021148155184e-01	7.841661319281009387e-03	0.000000000000000000e+00
