pc	M	R	C	k2	j3
9.999999999999999799e-13	5.157383018869848179e+00	3.548151310945848236e+05	2.146334907824401359e-05	-5.610155863065950560e-08	0.000000000000000000e+00
1.047370897959448749e-12	4.331946244611032171e+00	2.703417341137898620e+05	2.366138698643539882e-05	-1.266409496778510358e-07	0.000000000000000000e+00
1.096985797892381920e-12	4.731052616542084976e+00	2.104958578078127757e+05	3.318825811189331031e-05	9.890814742604398804e-07	0.000000000000000000e+00
1.148951000187311009e-12	6.925444959868496397e+00	2.097401299131436681e+05	4.875693360805672728e-05	-1.187311312717703048e-05	0.000000000000000000e+00
1.203377840777590522e-12	1.555641490298733665e+01	3.761251884627785766e+05	6.107273008022193238e-05	2.795883270195226135e-05	0.000000000000000000e+00
1.260382929679727463e-12	8.507700670425102918e-02	6.516496199696177882e+02	1.927828029035689463e-04	1.037036325976265754e-06	0.000000000000000000e+00
1.320088400831416649e-12	8.624922502934238844e-02	2.301077946686244786e+02	5.534700264650424225e-04	4.826980364116723720e-06	0.000000000000000000e+00
1.382622173764653478e-12	8.781999367734595607e-02	1.381993691255821375e+02	9.383342657557927841e-04	1.195311884868735679e-05	0.000000000000000000e+00
1.448118227674535917e-12	8.966191990119247446e-02	9.842783575454811285e+01	1.345117841561799905e-03	2.231198552382374303e-05	0.000000000000000000e+00
1.516716888470924089e-12	9.171753138932479954e-02	7.640907846174863494e+01	1.772464845096172583e-03	3.660472819596072199e-05	0.000000000000000000e+00
1.588565129428052692e-12	9.395522369954527331e-02	6.250745967329864072e+01	2.219521296973980904e-03	5.639032350317482392e-05	0.000000000000000000e+00
1.663816886076127415e-12	9.635594076421627463e-02	5.297669012698264623e+01	2.685739645240600888e-03	8.413783623899485009e-05	0.000000000000000000e+00
1.742633386009647278e-12	9.890772572847501831e-02	4.606089712326509300e+01	3.170794224575248371e-03	1.232381014134091254e-04	0.000000000000000000e+00
1.825183494319046040e-12	1.016031100406823984e-01	4.082952172799084423e+01	3.674539701989027341e-03	1.779712086776391816e-04	0.000000000000000000e+00
1.911644075385703708e-12	1.044375382310003403e-01	3.674451232679618329e+01	4.196955587047998364e-03	2.534380724217476168e-04	0.000000000000000000e+00
2.002200371815584363e-12	1.074085545088159233e-01	3.347356406798931516e+01	4.738131950180824239e-03	3.554612646569540167e-04	0.000000000000000000e+00
2.097046401323230665e-12	1.105152358389492467e-01	3.080067022180607950e+01	5.298247269674792766e-03	4.904689995401528835e-04	0.000000000000000000e+00
2.196385372416542332e-12	1.137578500185068980e-01	2.857950703596073083e+01	5.877557372052547024e-03	6.653631926791516923e-04	0.000000000000000000e+00
2.300430119772921506e-12	1.171376085667506367e-01	2.670754527950877844e+01	6.476384356273318099e-03	8.873843351302669212e-04	0.000000000000000000e+00
2.409403560239526876e-12	1.206563993676322416e-01	2.511091575517081509e+01	7.095092224520185321e-03	1.163962128253941911e-03	0.000000000000000000e+00
2.523539170434765862e-12	1.243167465631899171e-01	2.373506134301650050e+01	7.734095179893335330e-03	1.502583974441300046e-03	0.000000000000000000e+00
2.643081486974102692e-12	1.281216300594234248e-01	2.253887102119036356e+01	8.393837014990300147e-03	1.910648758530157339e-03	0.000000000000000000e+00
2.768286630392061017e-12	1.320744694460328772e-01	2.149078151812014070e+01	9.074796623440529661e-03	2.395349318372997412e-03	0.000000000000000000e+00
2.899422853882880921e-12	1.361789925196644491e-01	2.056618843969164345e+01	9.777471104139496758e-03	2.963534549166807388e-03	0.000000000000000000e+00
3.036771118035460378e-12	1.404391712235408263e-01	1.974563898627475922e+01	1.050236966125667366e-02	3.621599586148754619e-03	0.000000000000000000e+00
3.180625692794118977e-12	1.448592730402514794e-01	1.901354115783206211e+01	1.125002603000037869e-02	4.375394663981378891e-03	0.000000000000000000e+00
3.331294787934670055e-12	1.494437506289116313e-01	1.835726798551208461e+01	1.202098196872850196e-02	5.230119028295990638e-03	0.000000000000000000e+00
3.489101213406766494e-12	1.541971742736002182e-01	1.776649026841100465e+01	1.281577894622304425e-02	6.190241129324607419e-03	0.000000000000000000e+00
3.654383070957261569e-12	1.591243042575777311e-01	1.723266729413073151e+01	1.363497197124818698e-02	7.259447330588447711e-03	0.000000000000000000e+00
3.827494478516314936e-12	1.642299721919163735e-01	1.674868591553654440e+01	1.447911161480537612e-02	8.440568754416923752e-03	0.000000000000000000e+00
4.008806328898464320e-12	1.695191350905083938e-01	1.630856772104728591e+01	1.534875456532184407e-02	9.735559326814271358e-03	0.000000000000000000e+00
4.198707084443905621e-12	1.749968362996601745e-01	1.590725395167572742e+01	1.624445771291554638e-02	1.114546055159786921e-02	0.000000000000000000e+00
4.397603609302712498e-12	1.806681592751550047e-01	1.554043576532805737e+01	1.716677291500062763e-02	1.267038751017213020e-02	0.000000000000000000e+00
4.605922041145112927e-12	1.865382221893779335e-01	1.520441935759867924e+01	1.811624681721533611e-02	1.430951510166264019e-02	0.000000000000000000e+00
4.824108704165373984e-12	1.926122212782188925e-01	1.489601669924934235e+01	1.909342872088539908e-02	1.606115509687409959e-02	0.000000000000000000e+00
5.052631065335679604e-12	1.988953451728417698e-01	1.461246441486236947e+01	2.009885827199892061e-02	1.792264017899198453e-02	0.000000000000000000e+00
5.291978735958436557e-12	2.053928040566880553e-01	1.435135320726684860e+01	2.113307069529229629e-02	1.989052418813646445e-02	0.000000000000000000e+00
5.542664520663095602e-12	2.121097578937954364e-01	1.411057381229775132e+01	2.219658735646050721e-02	2.196046090432551487e-02	0.000000000000000000e+00
5.805225516094907684e-12	2.190514267947962224e-01	1.388826762546707450e+01	2.328993329222109332e-02	2.412739603051330950e-02	0.000000000000000000e+00
6.080224261649427052e-12	2.262229749777158738e-01	1.368279311453360592e+01	2.441362019592287907e-02	2.638551575576912264e-02	0.000000000000000000e+00
6.368249944718585906e-12	2.336294813122348213e-01	1.349269442480688497e+01	2.556814349507161022e-02	2.872833331451739303e-02	0.000000000000000000e+00
6.669919663030115058e-12	2.412760845904937113e-01	1.331667205733448966e+01	2.675400518162375160e-02	3.114883045824311594e-02	0.000000000000000000e+00
6.985879746785234820e-12	2.491677928845262291e-01	1.315356586327073884e+01	2.797168549522786526e-02	3.363939798950059401e-02	0.000000000000000000e+00
7.316807143427207274e-12	2.573095514560109209e-01	1.300233450714330807e+01	2.922165492742827275e-02	3.619201491483532707e-02	0.000000000000000000e+00
7.663410868007462274e-12	2.657061964984914204e-01	1.286204071588781161e+01	3.050436842697388379e-02	3.879816358733274156e-02	0.000000000000000000e+00
8.026433522257174683e-12	2.743625486379193679e-01	1.273183697170775019e+01	3.182027983313571312e-02	4.144922181639550812e-02	0.000000000000000000e+00
8.406652885618316356e-12	2.832832232721042565e-01	1.261095679200645137e+01	3.316981525336940018e-02	4.413603978401016426e-02	0.000000000000000000e+00
8.804883581643446547e-12	2.924728350682052613e-01	1.249870242258585762e+01	3.455340430070262536e-02	4.684959724588132202e-02	0.000000000000000000e+00
9.221978823334340144e-12	3.019358080188573323e-01	1.239443910679219485e+01	3.597145277931798613e-02	4.958058115054217452e-02	0.000000000000000000e+00
9.658832241158709141e-12	3.116764018862653862e-01	1.229758719160131619e+01	3.742434828093774840e-02	5.231967548772178955e-02	0.000000000000000000e+00
1.011637979766206976e-11	3.216986576147328747e-01	1.220761614310769971e+01	3.891245387186789695e-02	5.505759630135494825e-02	0.000000000000000000e+00
1.059560179277614774e-11	3.320065846430912959e-01	1.212403785212845797e+01	4.043613599814734755e-02	5.778507482280621776e-02	0.000000000000000000e+00
1.109752496412069864e-11	3.426038169767453012e-01	1.204640452640747306e+01	4.199571591438367585e-02	6.049309887201581581e-02	0.000000000000000000e+00
1.162322468679854125e-11	3.534939221684645916e-01	1.197430222332876504e+01	4.359151579715794811e-02	6.317275002546234031e-02	0.000000000000000000e+00
1.217382727739662020e-11	3.646802261504806242e-01	1.190734855805753867e+01	4.522383456795023293e-02	6.581537681733114209e-02	0.000000000000000000e+00
1.275051240713012859e-11	3.761657745834214306e-01	1.184518973667745634e+01	4.689294324029764927e-02	6.841264147999009948e-02	0.000000000000000000e+00
1.335451562929897339e-11	3.879533395172257704e-01	1.178749734584122777e+01	4.859908825250974784e-02	7.095645180669127305e-02	0.000000000000000000e+00
1.398713102647241439e-11	4.000454695966146335e-01	1.173396585950024296e+01	5.034249913293270540e-02	7.343913465412590935e-02	0.000000000000000000e+00
1.464971398307287854e-11	4.124442825220009934e-01	1.168431102503905272e+01	5.212336120631560349e-02	7.585323980011979272e-02	0.000000000000000000e+00
1.534368408930013065e-11	4.251517695318647871e-01	1.163826699667768416e+01	5.394185903884977235e-02	7.819204789051183158e-02	0.000000000000000000e+00
1.607052818261638620e-11	4.381693947534656131e-01	1.159558572375351915e+01	5.579812222060266669e-02	8.044893081443664495e-02	0.000000000000000000e+00
1.683180353330955093e-11	4.514984767811018318e-01	1.155603442858588359e+01	5.769227931268666038e-02	8.261782595880015623e-02	0.000000000000000000e+00
1.762914118095944293e-11	4.651397533087343050e-01	1.151939519251711630e+01	5.962439913836932448e-02	8.469327224078519734e-02	0.000000000000000000e+00
1.846424942895546448e-11	4.790936238200952935e-01	1.148546299315929353e+01	6.159452623836533802e-02	8.667012511476430980e-02	0.000000000000000000e+00
1.933891750455232057e-11	4.933601970480258614e-01	1.145404476827765983e+01	6.360268760938295185e-02	8.854383972625839982e-02	0.000000000000000000e+00
2.025501939230666486e-11	5.079389528361957229e-01	1.142495883580952132e+01	6.564884812282273385e-02	9.031013048503004625e-02	0.000000000000000000e+00
2.121451784910627571e-11	5.228291100704191008e-01	1.139803340157050293e+01	6.773296230694463016e-02	9.196552755115630640e-02	0.000000000000000000e+00
2.221946860939528424e-11	5.380292083747666432e-01	1.137310635165109218e+01	6.985491811026174613e-02	9.350692329827182958e-02	0.000000000000000000e+00
2.327202478960412005e-11	5.535374446209027077e-01	1.135002400432383496e+01	7.201458453671411020e-02	9.493148381565306992e-02	0.000000000000000000e+00
2.437444150122221807e-11	5.693514481975103791e-01	1.132864080735440027e+01	7.421178157662935981e-02	9.623717196749723146e-02	0.000000000000000000e+00
2.552908068239516723e-11	5.854683614570890260e-01	1.130881860249256121e+01	7.644629254169012234e-02	9.742233708517777924e-02	0.000000000000000000e+00
2.673841615839943880e-11	6.018847404983339588e-01	1.129042622504497828e+01	7.871785122915793409e-02	9.848567457560838956e-02	0.000000000000000000e+00
2.800503894183625342e-11	6.185965693265946808e-01	1.127333886310999667e+01	8.102614569279409373e-02	9.942648166705456148e-02	0.000000000000000000e+00
2.933166278390048099e-11	6.355993328108335838e-01	1.125743772567743939e+01	8.337082795490860510e-02	1.002444095625329157e-01	0.000000000000000000e+00
3.072112998861759207e-11	6.528878221766843959e-01	1.124260960738961046e+01	8.575148957216520429e-02	1.009395702329203282e-01	0.000000000000000000e+00
3.217641750250735458e-11	6.704562538423769480e-01	1.122874655013454159e+01	8.816767771708844403e-02	1.015124576420724650e-01	0.000000000000000000e+00
3.370064329271925032e-11	6.882983368917812150e-01	1.121574547624154761e+01	9.061890501442899926e-02	1.019639815656541992e-01	0.000000000000000000e+00
3.529707302730657668e-11	7.064070726260646138e-01	1.120350805536710936e+01	9.310462239489698810e-02	1.022955160850322620e-01	0.000000000000000000e+00
3.696912707195032437e-11	7.247747587229929067e-01	1.119194022687473478e+01	9.562422161923309072e-02	1.025086251275695304e-01	0.000000000000000000e+00
3.872038781812557004e-11	7.433932073416786857e-01	1.118095203960580619e+01	9.817706368387270344e-02	1.026053170463341324e-01	0.000000000000000000e+00
4.055460735840827506e-11	7.622535170526856252e-01	1.117045753567673216e+01	1.007624479864819289e-01	1.025877963432965251e-01	0.000000000000000000e+00
4.247571552536894126e-11	7.813461048022222188e-01	1.116037440661195745e+01	1.033796177391972937e-01	1.024588190766624052e-01	0.000000000000000000e+00
4.448782831127576069e-11	8.006608165322334214e-01	1.115062389180518210e+01	1.060277737683435056e-01	1.022209385118403591e-01	0.000000000000000000e+00
4.659525668664686662e-11	8.201868586286248375e-01	1.114113064345892212e+01	1.087060648729430840e-01	1.018780191962030540e-01	0.000000000000000000e+00
4.880251583654433574e-11	8.399127729027123790e-01	1.113182253705731384e+01	1.114135844093210315e-01	1.014326829253977547e-01	0.000000000000000000e+00
5.111433483440165318e-11	8.598264399769590671e-01	1.112263055839190251e+01	1.141493698871790669e-01	1.008887693823905252e-01	0.000000000000000000e+00
5.353566677410718816e-11	8.799152082486064730e-01	1.111348864960095639e+01	1.169124196170062691e-01	1.002499833432300980e-01	0.000000000000000000e+00
5.607169938205469661e-11	9.001657455812216435e-01	1.110433369078764265e+01	1.197016711093586983e-01	9.952028916237333489e-02	0.000000000000000000e+00
5.872786613189488850e-11	9.205641179876320468e-01	1.109510528524488393e+01	1.225160115477355732e-01	9.870371044874616528e-02	0.000000000000000000e+00
6.150985788580503926e-11	9.410958664697036680e-01	1.108574577022181273e+01	1.253542856220202506e-01	9.780450170926230369e-02	0.000000000000000000e+00
6.442363508721370414e-11	9.617460005154441216e-01	1.107620014205783221e+01	1.282152930475078945e-01	9.682694947139024177e-02	0.000000000000000000e+00
6.747544053110686101e-11	9.824988857534683317e-01	1.106641590500672834e+01	1.310977727530865389e-01	9.577537477634363861e-02	0.000000000000000000e+00
7.067181273927477085e-11	1.003338481531327986e+00	1.105634308179036829e+01	1.340004317829955327e-01	9.465423141365214565e-02	0.000000000000000000e+00
7.401959996915652408e-11	1.024248260460560500e+00	1.104593415571106085e+01	1.369219324663646653e-01	9.346800506008727527e-02	0.000000000000000000e+00
7.752597488629464062e-11	1.045211189179285904e+00	1.103514400272680618e+01	1.398608877257348226e-01	9.222119956829082088e-02	0.000000000000000000e+00
8.119844993184008328e-11	1.066209850847898100e+00	1.102392981480804934e+01	1.428158753663049396e-01	9.091840219989437422e-02	0.000000000000000000e+00
8.504489341802668113e-11	1.087226483716080772e+00	1.101225111901193365e+01	1.457854398640034410e-01	8.956390575475385585e-02	0.000000000000000000e+00
8.907354638610458163e-11	1.108243005058581643e+00	1.100006973377658248e+01	1.487680928395411495e-01	8.816234669000383439e-02	0.000000000000000000e+00
9.329304026284695888e-11	1.129240855636617580e+00	1.098734974086812244e+01	1.517622890980542538e-01	8.671808807059418200e-02	0.000000000000000000e+00
9.771241535346501225e-11	1.150201484061721402e+00	1.097405732591677463e+01	1.547664903316397222e-01	8.523558580198671575e-02	0.000000000000000000e+00
1.023411402105452712e-10	1.171105365758812633e+00	1.096016092164948574e+01	1.577790276061628028e-01	8.371903494112695188e-02	0.000000000000000000e+00
1.071891319205126445e-10	1.191933933028888948e+00	1.094563073901156436e+01	1.607983641158359789e-01	8.217266296572291184e-02	0.000000000000000000e+00
1.122667773510811312e-10	1.212667456919575226e+00	1.093043966438935044e+01	1.638227933201190367e-01	8.060064909677916445e-02	0.000000000000000000e+00
1.175849554052158201e-10	1.233286784044999251e+00	1.091456213129378128e+01	1.668506854707987597e-01	7.900690521136674582e-02	0.000000000000000000e+00
1.231550603292826197e-10	1.253772769364189799e+00	1.089797510060102859e+01	1.698803929592178075e-01	7.739538522158033451e-02	0.000000000000000000e+00
1.289890261253308184e-10	1.274105704425577912e+00	1.088065741637876904e+01	1.729101783134332770e-01	7.576977120045493008e-02	0.000000000000000000e+00
1.350993521198024986e-10	1.294266312247836170e+00	1.086258979896469690e+01	1.759383451061624082e-01	7.413377140762858475e-02	0.000000000000000000e+00
1.414991297434578731e-10	1.314235563446748634e+00	1.084375504506594901e+01	1.789632061504140004e-01	7.249083100244682609e-02	0.000000000000000000e+00
1.482020705798860072e-10	1.333994256693933789e+00	1.082413789078961663e+01	1.819830245215430242e-01	7.084430619185778932e-02	0.000000000000000000e+00
1.552225357427047968e-10	1.353523495527522380e+00	1.080372511699774307e+01	1.849960724705451698e-01	6.919743262656366523e-02	0.000000000000000000e+00
1.625755666443793407e-10	1.372804776938482574e+00	1.078250510190988365e+01	1.880006472414581520e-01	6.755302633378239274e-02	0.000000000000000000e+00
1.702769172225897821e-10	1.391819833808580764e+00	1.076046835741913021e+01	1.909950365817290330e-01	6.591421941844298471e-02	0.000000000000000000e+00
1.783430876931905687e-10	1.410550864021575590e+00	1.073760706161996481e+01	1.939775542397249586e-01	6.428345850670026673e-02	0.000000000000000000e+00
1.867913599020784805e-10	1.428980198346236241e+00	1.071391541575521167e+01	1.969464841981210523e-01	6.266364068727560410e-02	0.000000000000000000e+00
1.956398343517064725e-10	1.447090604887759424e+00	1.068938920656100322e+01	1.999001263784963012e-01	6.105688562239854761e-02	0.000000000000000000e+00
2.049074689815846066e-10	1.464865491742391113e+00	1.066402581325960774e+01	2.028368211566145551e-01	5.946548809196439828e-02	0.000000000000000000e+00
2.146141197858401440e-10	1.482288958061077633e+00	1.063782446728454012e+01	2.057549483400238910e-01	5.789151334890306477e-02	0.000000000000000000e+00
2.247805833548729991e-10	1.499345293382774891e+00	1.061078601426119228e+01	2.086528587922208133e-01	5.633684435210582764e-02	0.000000000000000000e+00
2.354286414322420067e-10	1.516019780433509823e+00	1.058291281848432419e+01	2.115289844836786559e-01	5.480326619032613311e-02	0.000000000000000000e+00
2.465811075822603842e-10	1.532298210880077560e+00	1.055420888262836954e+01	2.143817660701400341e-01	5.329237402621780917e-02	0.000000000000000000e+00
2.582618760682674929e-10	1.548166971642123357e+00	1.052467994237581372e+01	2.172096597789415495e-01	5.180551133973993611e-02	0.000000000000000000e+00
2.704959730463131364e-10	1.563613133803226640e+00	1.049433285623727663e+01	2.200111594843340013e-01	5.034407066041567819e-02	0.000000000000000000e+00
2.833096101839318258e-10	1.578624713941929381e+00	1.046317605888413205e+01	2.227848219356061421e-01	4.890918990592277998e-02	0.000000000000000000e+00
2.967302408188872501e-10	1.593190088123638049e+00	1.043121948747186245e+01	2.255291832877552305e-01	4.750180286680388830e-02	0.000000000000000000e+00
3.107866187782014063e-10	1.607298815483338306e+00	1.039847409478870510e+01	2.282428835686714230e-01	4.612303430281907562e-02	0.000000000000000000e+00
3.255088599835056406e-10	1.620941227010880725e+00	1.036495222115162207e+01	2.309245993419863363e-01	4.477339541370229520e-02	0.000000000000000000e+00
3.409285069746807543e-10	1.634108070214734143e+00	1.033066777621090715e+01	2.335729869349931764e-01	4.345363252661084419e-02	0.000000000000000000e+00
3.570785964900469852e-10	1.646791399327111938e+00	1.029563519935550353e+01	2.361868310276054594e-01	4.216422384083785835e-02	0.000000000000000000e+00
3.739937302478801677e-10	1.658983906472105918e+00	1.025987056054342972e+01	2.387649238173182864e-01	4.090563086718452396e-02	0.000000000000000000e+00
3.917101490809260641e-10	1.670679047793429017e+00	1.022339089190029426e+01	2.413060967364499265e-01	3.967802841473942049e-02	0.000000000000000000e+00
4.102658105827190344e-10	1.681871182122944841e+00	1.018621414012656423e+01	2.438092409420077600e-01	3.848186060977815126e-02	0.000000000000000000e+00
4.297004704320835313e-10	1.692555529853955187e+00	1.014835925630318059e+01	2.462732989718579846e-01	3.731709442377483671e-02	0.000000000000000000e+00
4.500557675700488183e-10	1.702728046398761519e+00	1.010984615385676477e+01	2.486972470011151737e-01	3.618380549552614039e-02	0.000000000000000000e+00
4.713753134116729086e-10	1.712385622270053531e+00	1.007069539436647787e+01	2.510801315713929727e-01	3.508196494136817112e-02	0.000000000000000000e+00
4.937047852839003559e-10	1.721526090200364179e+00	1.003092829933228458e+01	2.534210685985096578e-01	3.401144070447938150e-02	0.000000000000000000e+00
5.170920242896755486e-10	1.730147845741722978e+00	9.990567313988725218e+00	2.557191787677871031e-01	3.297206361779052991e-02	0.000000000000000000e+00
5.415871378079465267e-10	1.738250315305644111e+00	9.949635062414348141e+00	2.579736806901548052e-01	3.196358122098272303e-02	0.000000000000000000e+00
5.672426068491988835e-10	1.745833648327464349e+00	9.908155152313316449e+00	2.601838262052201811e-01	3.098569978655078480e-02	0.000000000000000000e+00
5.941133984965039838e-10	1.752898618847150258e+00	9.866151784694702442e+00	2.623488962238170741e-01	3.003806555939360357e-02	0.000000000000000000e+00
6.222570836730231313e-10	1.759446939069262195e+00	9.823649461780316727e+00	2.644682563795934249e-01	2.912028558020720442e-02	0.000000000000000000e+00
6.517339604882420571e-10	1.765480948148461904e+00	9.780673306548576917e+00	2.665413036261005675e-01	2.823191183301051663e-02	0.000000000000000000e+00
6.826071834272379248e-10	1.771003684660061417e+00	9.737248808595404981e+00	2.685674851299452714e-01	2.737251407390089639e-02	0.000000000000000000e+00
7.149428986597561750e-10	1.776018933539996292e+00	9.693401837405223986e+00	2.705463067335630578e-01	2.654154081470065998e-02	0.000000000000000000e+00
7.488103857590030225e-10	1.780531084669628061e+00	9.649158629334701587e+00	2.724773136426771880e-01	2.573847856955781277e-02	0.000000000000000000e+00
7.842822061337681836e-10	1.784545168284142891e+00	9.604545624865272302e+00	2.743601021452700683e-01	2.496276123204758252e-02	0.000000000000000000e+00
8.214343584919422200e-10	1.788066825289372996e+00	9.559589579292628869e+00	2.761943139701096284e-01	2.421381760225206972e-02	0.000000000000000000e+00
8.603464416684491388e-10	1.791102266127744258e+00	9.514317384053493143e+00	2.779796371030980318e-01	2.349105939024531686e-02	0.000000000000000000e+00
9.011018251665036851e-10	1.793658253452939499e+00	9.468756145783368439e+00	2.797158029910149502e-01	2.279387198861830902e-02	0.000000000000000000e+00
9.437878277775391497e-10	1.795742078352819071e+00	9.422932877523177098e+00	2.814025942007589154e-01	2.212163899680876650e-02	0.000000000000000000e+00
9.884959046625586031e-10	1.797361443714178719e+00	9.376875166651570837e+00	2.830398085739406766e-01	2.147374314560769604e-02	0.000000000000000000e+00
1.035321843295661502e-09	1.798524557198976082e+00	9.330610244200213899e+00	2.846273035959770437e-01	2.084955219070514995e-02	0.000000000000000000e+00
1.084365968689608688e-09	1.799240046801850124e+00	9.284165312109427859e+00	2.861649760937789444e-01	2.024843215395806181e-02	0.000000000000000000e+00
1.135733358343102889e-09	1.799516948474638722e+00	9.237567720846566743e+00	2.876527571801718586e-01	1.966976489185721932e-02	0.000000000000000000e+00
1.189534067370320724e-09	1.799364645243592298e+00	9.190844670169429520e+00	2.890906140972997473e-01	1.911290447691932001e-02	0.000000000000000000e+00
1.245883364295008068e-09	1.798792865835717736e+00	9.144023287760651542e+00	2.904785500190250058e-01	1.857723172096900285e-02	0.000000000000000000e+00
1.304901978014401580e-09	1.797811608259022087e+00	9.097130960060708205e+00	2.918165835024710275e-01	1.806212716230255061e-02	0.000000000000000000e+00
1.366716356462010101e-09	1.796431172050576119e+00	9.050194246352376126e+00	2.931047906300512929e-01	1.756698194947316563e-02	0.000000000000000000e+00
1.431458937523481393e-09	1.794662102613938659e+00	9.003240117390175712e+00	2.943432589734248372e-01	1.709118358796366671e-02	0.000000000000000000e+00
1.499268432786047049e-09	1.792515180845031031e+00	8.956294967642140392e+00	2.955321199834136103e-01	1.663413448650318330e-02	0.000000000000000000e+00
1.570290124729377524e-09	1.790001372071446495e+00	8.909385354211059038e+00	2.966715189505306216e-01	1.619525809911838768e-02	0.000000000000000000e+00
1.644676177994662829e-09	1.787131807955424367e+00	8.862537258227053627e+00	2.977616385432602653e-01	1.577397357501614597e-02	0.000000000000000000e+00
1.722585965398783835e-09	1.783917784216340507e+00	8.815776555009403381e+00	2.988026853020085971e-01	1.536971749383350856e-02	0.000000000000000000e+00
1.804186409392068039e-09	1.780370707120610296e+00	8.769129149856954797e+00	2.997948781228628734e-01	1.498194123762907302e-02	0.000000000000000000e+00
1.889652339691211477e-09	1.776502078425325815e+00	8.722620122845910373e+00	3.007384769364929156e-01	1.461010667268952158e-02	0.000000000000000000e+00
1.979166867853557524e-09	1.772323491038361620e+00	8.676274772924713830e+00	3.016337486164273884e-01	1.425369092173469146e-02	0.000000000000000000e+00
2.072921779595369695e-09	1.767846585823863892e+00	8.630117899211420252e+00	3.024809862197471722e-01	1.391218505759178777e-02	0.000000000000000000e+00
2.171117945694509622e-09	1.763083036157078620e+00	8.584173975696531400e+00	3.032805024569295016e-01	1.358509203454309408e-02	0.000000000000000000e+00
2.273965752357932151e-09	1.758044540018356861e+00	8.538467152009936001e+00	3.040326302884034937e-01	1.327193289947548038e-02	0.000000000000000000e+00
2.381685551976160644e-09	1.752742803525015880e+00	8.493021337831549999e+00	3.047377189967702127e-01	1.297223455669314733e-02	0.000000000000000000e+00
2.494508135230316413e-09	1.747189512864202543e+00	8.447859984276204770e+00	3.053961389654479275e-01	1.268555068640899418e-02	0.000000000000000000e+00
2.612675225563326382e-09	1.741396329477464588e+00	8.403006365207723150e+00	3.060082725381735869e-01	1.241144895083022039e-02	0.000000000000000000e+00
2.736439997074666368e-09	1.735374862812280039e+00	8.358483352335550620e+00	3.065745190058011826e-01	1.214948407441064464e-02	0.000000000000000000e+00
2.866067616948244470e-09	1.729136659520385200e+00	8.314313438274211876e+00	3.070952935557479391e-01	1.189926851167050735e-02	0.000000000000000000e+00
3.001835813575592210e-09	1.722693200776729716e+00	8.270518749473446007e+00	3.075710279406915770e-01	1.166040099570098132e-02	0.000000000000000000e+00
3.144035471591500167e-09	1.716055884367283069e+00	8.227121004220142808e+00	3.080021704224158441e-01	1.143250034487465830e-02	0.000000000000000000e+00
3.292971255097148186e-09	1.709236018197776374e+00	8.184141679940028169e+00	3.083891798345338997e-01	1.121519866845942584e-02	0.000000000000000000e+00
3.448962260405766611e-09	1.702244799540258313e+00	8.141601713914921490e+00	3.087325344533729532e-01	1.100812790845990229e-02	0.000000000000000000e+00
3.612342699709437910e-09	1.695093334922445294e+00	8.099521928947400085e+00	3.090327209092149086e-01	1.081099799021211123e-02	0.000000000000000000e+00
3.783462617131932968e-09	1.687792580639263296e+00	8.057922533557450251e+00	3.092902435641161629e-01	1.062342944011600114e-02	0.000000000000000000e+00
3.962688638701478467e-09	1.680353390904345545e+00	8.016823541173232925e+00	3.095056185635486901e-01	1.044512867410283923e-02	0.000000000000000000e+00
4.150404757850472502e-09	1.672786462797633655e+00	7.976244419691600029e+00	3.096793783359170771e-01	1.027579202088452735e-02	0.000000000000000000e+00
4.347013158125017173e-09	1.665102367861696298e+00	7.936204359468480796e+00	3.098120681904258933e-01	1.011513340113763884e-02	0.000000000000000000e+00
4.552935074866938773e-09	1.657311533163153605e+00	7.896722153534782684e+00	3.099042484771014627e-01	9.962862675982871521e-03	0.000000000000000000e+00
4.768611697714474181e-09	1.649424229029571531e+00	7.857816215175899899e+00	3.099564925900454293e-01	9.818722909181348477e-03	0.000000000000000000e+00
4.994505115855140358e-09	1.641450563369012849e+00	7.819504475125411247e+00	3.099693908530682385e-01	9.682477626991157008e-03	0.000000000000000000e+00
5.231099308056257792e-09	1.633400502323166581e+00	7.781804560743193377e+00	3.099435482110056150e-01	9.553853799637161345e-03	0.000000000000000000e+00
5.478901179593956120e-09	1.625283847678381077e+00	7.744733695543348340e+00	3.098795847246625934e-01	9.432633193620887715e-03	0.000000000000000000e+00
5.738441648302404521e-09	1.617110253897829919e+00	7.708308819141245216e+00	3.097781347356545756e-01	9.318586814167190494e-03	0.000000000000000000e+00
6.010276782070388176e-09	1.608889122702620078e+00	7.672545946354807356e+00	3.096398530832814022e-01	9.211479294776541565e-03	0.000000000000000000e+00
6.294988990221888141e-09	1.600629809752609489e+00	7.637461271335786783e+00	3.094654109713972368e-01	9.111180656639475406e-03	0.000000000000000000e+00
6.593188271333541710e-09	1.592341422217600888e+00	7.603070208657806361e+00	3.092554962443668232e-01	9.017418083118134906e-03	0.000000000000000000e+00
6.905513520162316861e-09	1.584032959341971525e+00	7.569388091648912464e+00	3.090108127017431872e-01	8.930034158944997677e-03	0.000000000000000000e+00
7.232633896483518810e-09	1.575713202831320547e+00	7.536429580550061402e+00	3.087320832787631142e-01	8.848851536433994039e-03	0.000000000000000000e+00
7.575250258771920716e-09	1.567390734422487553e+00	7.504208720240132635e+00	3.084200514331673082e-01	8.773692942880403564e-03	0.000000000000000000e+00
7.934096665797492339e-09	1.559074018399605022e+00	7.472739308725903307e+00	3.080754825028451660e-01	8.704402896246273350e-03	0.000000000000000000e+00
8.309941949353386453e-09	1.550771330199777420e+00	7.442034647411636783e+00	3.076991601318670444e-01	8.640821457107648526e-03	0.000000000000000000e+00
8.703591361485183753e-09	1.542490773031344409e+00	7.412107561003687728e+00	3.072918888045775843e-01	8.582803987320308803e-03	0.000000000000000000e+00
9.115888299750837812e-09	1.534240233899199390e+00	7.382970146507012110e+00	3.068544954990408691e-01	8.530204480523204125e-03	0.000000000000000000e+00
9.547716114208065503e-09	1.526027531428808315e+00	7.354634426552287607e+00	3.063878320268308419e-01	8.482889607633575801e-03	0.000000000000000000e+00
1.000000000000000021e-08	1.517860250558783264e+00	7.327111755161460849e+00	3.058927665606009927e-01	8.440729322709806040e-03	0.000000000000000000e+00
