pc	M	R	C	k2	j3
9.999999999999999799e-13	9.218261006353643816e-02	6.303637387298977046e+01	2.159374721010650852e-03	1.709075503706784566e-04	0.000000000000000000e+00
1.047370897959448749e-12	9.380398010969874523e-02	5.607030929087899551e+01	2.470350344794986028e-03	1.880866386840154933e-04	0.000000000000000000e+00
1.096985797892381920e-12	9.554702170533455052e-02	5.044557470359274731e+01	2.796818702565454992e-03	2.148437395996431287e-04	0.000000000000000000e+00
1.148951000187311009e-12	9.740908376995960349e-02	4.582236475351164273e+01	3.139006358072434291e-03	2.535248149434343300e-04	0.000000000000000000e+00
1.203377840777590522e-12	9.938894902456123226e-02	4.196544749012223718e+01	3.497167830532022740e-03	3.070698306985966447e-04	0.000000000000000000e+00
1.260382929679727463e-12	1.014863999801460248e-01	3.870704890805957632e+01	3.871578067301758869e-03	3.789361747726962258e-04	0.000000000000000000e+00
1.320088400831416649e-12	1.037019363154245699e-01	3.592443924673536060e+01	4.262526605574239180e-03	4.730900948230214631e-04	0.000000000000000000e+00
1.382622173764653478e-12	1.060365814645558152e-01	3.352586492843042265e+01	4.670312725726574569e-03	5.939388841400316046e-04	0.000000000000000000e+00
1.448118227674535917e-12	1.084917440946209927e-01	3.144142194377774757e+01	5.095241193991899287e-03	7.462666541732379186e-04	0.000000000000000000e+00
1.516716888470924089e-12	1.110691129144355527e-01	2.961696317200993533e+01	5.537618246844316049e-03	9.351876554440813642e-04	0.000000000000000000e+00
1.588565129428052692e-12	1.137705731670862613e-01	2.800992781712638546e+01	5.997747680241117228e-03	1.166056137331279545e-03	0.000000000000000000e+00
1.663816886076127415e-12	1.165981311243212554e-01	2.658642495810177309e+01	6.475926071385982100e-03	1.444394366535015333e-03	0.000000000000000000e+00
1.742633386009647278e-12	1.195536958430450797e-01	2.531921155522906020e+01	6.972412354954633275e-03	1.775765964459330654e-03	0.000000000000000000e+00
1.825183494319046040e-12	1.226390708467683527e-01	2.418612342111663338e+01	7.487430803466798949e-03	2.165702531040213791e-03	0.000000000000000000e+00
1.911644075385703708e-12	1.258561946254137531e-01	2.316886432987342914e+01	8.021213662910786288e-03	2.619613241284150882e-03	0.000000000000000000e+00
2.002200371815584363e-12	1.292071458359453362e-01	2.225220791715443625e+01	8.574003548961992363e-03	3.142701382617643212e-03	0.000000000000000000e+00
2.097046401323230665e-12	1.326941318528365721e-01	2.142339233589621017e+01	9.146052946382482798e-03	3.739896946812087432e-03	0.000000000000000000e+00
2.196385372416542332e-12	1.363194772041714797e-01	2.067165107815854697e+01	9.737623551993061441e-03	4.415771701684913925e-03	0.000000000000000000e+00
2.300430119772921506e-12	1.400856112982850343e-01	1.998784576899246446e+01	1.034898541723463378e-02	5.174472762258228165e-03	0.000000000000000000e+00
2.409403560239526876e-12	1.439950554946920480e-01	1.936417611189219201e+01	1.098041592026393135e-02	6.019658778090342804e-03	0.000000000000000000e+00
2.523539170434765862e-12	1.480504091689057999e-01	1.879394883794473969e+01	1.163219855577334733e-02	6.954460213886791073e-03	0.000000000000000000e+00
2.643081486974102692e-12	1.522543345423939820e-01	1.827139221624166154e+01	1.230462153250364010e-02	7.981414337874123688e-03	0.000000000000000000e+00
2.768286630392061017e-12	1.566095401000851539e-01	1.779150603598167635e+01	1.299797618589191954e-02	9.102431443823902346e-03	0.000000000000000000e+00
2.899422853882880921e-12	1.611187611915317341e-01	1.734993958188062635e+01	1.371255499277643057e-02	1.031877435219679708e-02	0.000000000000000000e+00
3.036771118035460378e-12	1.657847754351982339e-01	1.694288922573353418e+01	1.444865459163485744e-02	1.163104057857864901e-02	0.000000000000000000e+00
3.180625692794118977e-12	1.706105279946771580e-01	1.656700847848678393e+01	1.520659458245359093e-02	1.303918313649572031e-02	0.000000000000000000e+00
3.331294787934670055e-12	1.755991790864323554e-01	1.621934254764303773e+01	1.598672374292935475e-02	1.454254961109229666e-02	0.000000000000000000e+00
3.489101213406766494e-12	1.807541125817676841e-01	1.589727614436587366e+01	1.678942041179735944e-02	1.613989332233152149e-02	0.000000000000000000e+00
3.654383070957261569e-12	1.860789444308381668e-01	1.559848898584115773e+01	1.761509291032663932e-02	1.782938896730450196e-02	0.000000000000000000e+00
3.827494478516314936e-12	1.915775303873209490e-01	1.532091780973116713e+01	1.846417989346897312e-02	1.960868841708942115e-02	0.000000000000000000e+00
4.008806328898464320e-12	1.972539740462656566e-01	1.506272386066927282e+01	1.933715071939427765e-02	2.147493179154475254e-02	0.000000000000000000e+00
4.198707084443905621e-12	2.031126344350112078e-01	1.482226499997240055e+01	2.023450574491934828e-02	2.342479535697113494e-02	0.000000000000000000e+00
4.397603609302712498e-12	2.091581338730290618e-01	1.459807170922110764e+01	2.115677662265863165e-02	2.545451995694271441e-02	0.000000000000000000e+00
4.605922041145112927e-12	2.153953656369535230e-01	1.438882639816617193e+01	2.210452654084973240e-02	2.755994702207460734e-02	0.000000000000000000e+00
4.824108704165373984e-12	2.218295016376611861e-01	1.419334551375759190e+01	2.307835042552664612e-02	2.973659175951834030e-02	0.000000000000000000e+00
5.052631065335679604e-12	2.284658218554310172e-01	1.401056863229030114e+01	2.407884840938049123e-02	3.197956091377446297e-02	0.000000000000000000e+00
5.291978735958436557e-12	2.353091388200730660e-01	1.383955565132558441e+01	2.510654101282397410e-02	3.428345191957359733e-02	0.000000000000000000e+00
5.542664520663095602e-12	2.423639660210257507e-01	1.367946192840249253e+01	2.616189935548622614e-02	3.664240556711290814e-02	0.000000000000000000e+00
5.805225516094907684e-12	2.496345579773109058e-01	1.352952255503051049e+01	2.724535496375747601e-02	3.905018448183777968e-02	0.000000000000000000e+00
6.080224261649427052e-12	2.571248613556850193e-01	1.338904162318749869e+01	2.835729582993196801e-02	4.150019951306280902e-02	0.000000000000000000e+00
6.368249944718585906e-12	2.648384638018416171e-01	1.325738314827227704e+01	2.949806221182284249e-02	4.398553084752827858e-02	0.000000000000000000e+00
6.669919663030115058e-12	2.727785408288521674e-01	1.313396332529281274e+01	3.066794231301042326e-02	4.649896562099179592e-02	0.000000000000000000e+00
6.985879746785234820e-12	2.809478000137983211e-01	1.301824389212802480e+01	3.186716779040633246e-02	4.903305386212592626e-02	0.000000000000000000e+00
7.316807143427207274e-12	2.893484234810875244e-01	1.290972640975355468e+01	3.309590924152325253e-02	5.158010060127384000e-02	0.000000000000000000e+00
7.663410868007462274e-12	2.979820080049505604e-01	1.280794732464291208e+01	3.435427158739180059e-02	5.413225755861874461e-02	0.000000000000000000e+00
8.026433522257174683e-12	3.068495034754995521e-01	1.271247368840590752e+01	3.564228945659377729e-02	5.668154398721898107e-02	0.000000000000000000e+00
8.406652885618316356e-12	3.159511497761771093e-01	1.262289943627732569e+01	3.695992258310400180e-02	5.921985745970188147e-02	0.000000000000000000e+00
8.804883581643446547e-12	3.252865224473270866e-01	1.253884154681175467e+01	3.830706603872999216e-02	6.173910299761788817e-02	0.000000000000000000e+00
9.221978823334340144e-12	3.348550628647541938e-01	1.245993501716626639e+01	3.968362411867363410e-02	6.423139083348404499e-02	0.000000000000000000e+00
9.658832241158709141e-12	3.446563824358187533e-01	1.238583219782183775e+01	4.108954842511873540e-02	6.668911983043410152e-02	0.000000000000000000e+00
1.011637979766206976e-11	3.546902903673901375e-01	1.231620384095709575e+01	4.252483789296231803e-02	6.910512788730061029e-02	0.000000000000000000e+00
1.059560179277614774e-11	3.649568108340462969e-01	1.225073952724537207e+01	4.398953810170865703e-02	7.147260443933746432e-02	0.000000000000000000e+00
1.109752496412069864e-11	3.754561979412726069e-01	1.218914767497364160e+01	4.548374062922219685e-02	7.378518663464139760e-02	0.000000000000000000e+00
1.162322468679854125e-11	3.861889501675893066e-01	1.213115526799304611e+01	4.700758251438617169e-02	7.603700248565176123e-02	0.000000000000000000e+00
1.217382727739662020e-11	3.971558234106162821e-01	1.207650739455559652e+01	4.856124564584810704e-02	7.822253786925896513e-02	0.000000000000000000e+00
1.275051240713012859e-11	4.083578434379092625e-01	1.202496665617290539e+01	5.014495614688735392e-02	8.033684655067357960e-02	0.000000000000000000e+00
1.335451562929897339e-11	4.197963171846561536e-01	1.197631249650125440e+01	5.175898364553614683e-02	8.237535082118485619e-02	0.000000000000000000e+00
1.398713102647241439e-11	4.314728432864139984e-01	1.193034047678953513e+01	5.340364048719003359e-02	8.433399683815590020e-02	0.000000000000000000e+00
1.464971398307287854e-11	4.433892982534479166e-01	1.188686159642293028e+01	5.507927760820268553e-02	8.620914865343133615e-02	0.000000000000000000e+00
1.534368408930013065e-11	4.555474410772805682e-01	1.184570228501478084e+01	5.678622946690332213e-02	8.799754985664821894e-02	0.000000000000000000e+00
1.607052818261638620e-11	4.679483932070683805e-01	1.180670305650198237e+01	5.852474831854668352e-02	8.969621006900699300e-02	0.000000000000000000e+00
1.683180353330955093e-11	4.805925441219383032e-01	1.176971585816440680e+01	6.029499807188640897e-02	9.130240395201666415e-02	0.000000000000000000e+00
1.762914118095944293e-11	4.934795053510324658e-01	1.173460203267508462e+01	6.209705304550404426e-02	9.281361645667667026e-02	0.000000000000000000e+00
1.846424942895546448e-11	5.066080670742614256e-01	1.170123070480003769e+01	6.393089641799400147e-02	9.422766249937770955e-02	0.000000000000000000e+00
1.933891750455232057e-11	5.199761578375284854e-01	1.166947746914842909e+01	6.579641873646159544e-02	9.554255248713512672e-02	0.000000000000000000e+00
2.025501939230666486e-11	5.335808060555188304e-01	1.163922330881166545e+01	6.769341644210753739e-02	9.675659618240228799e-02	0.000000000000000000e+00
2.121451784910627571e-11	5.474181045752698482e-01	1.161035370345845230e+01	6.962159060164477276e-02	9.786835688151956925e-02	0.000000000000000000e+00
2.221946860939528424e-11	5.614831776978458366e-01	1.158275789440416048e+01	7.158054578230566012e-02	9.887667713009214154e-02	0.000000000000000000e+00
2.327202478960412005e-11	5.757701518159180631e-01	1.155632827865905021e+01	7.356978923402457404e-02	9.978068125887112894e-02	0.000000000000000000e+00
2.437444150122221807e-11	5.902721290662671372e-01	1.153095991654209307e+01	7.558873026499156322e-02	1.005797713839201996e-01	0.000000000000000000e+00
2.552908068239516723e-11	6.049811052643957465e-01	1.150655026597773301e+01	7.763667137935048590e-02	1.012736250016856160e-01	0.000000000000000000e+00
2.673841615839943880e-11	6.198880487403558570e-01	1.148299920762274695e+01	7.971281818321521162e-02	1.018622230583233201e-01	0.000000000000000000e+00
2.800503894183625342e-11	6.349834179393090139e-01	1.146020895867784617e+01	8.181634662041450956e-02	1.023459172744406454e-01	0.000000000000000000e+00
2.933166278390048099e-11	6.502572576119007852e-01	1.143808446698458958e+01	8.394641303109075248e-02	1.027253359700980306e-01	0.000000000000000000e+00
3.072112998861759207e-11	6.656992082503391250e-01	1.141653372915465425e+01	8.610215303349079419e-02	1.030015481635661451e-01	0.000000000000000000e+00
3.217641750250735458e-11	6.812985152587588411e-01	1.139546799749337858e+01	8.828268063673667954e-02	1.031758591628341853e-01	0.000000000000000000e+00
3.370064329271925032e-11	6.970440396000228134e-01	1.137480191249754924e+01	9.048708766042437568e-02	1.032498994122392905e-01	0.000000000000000000e+00
3.529707302730657668e-11	7.129242675131880480e-01	1.135445359289051304e+01	9.271444298761130631e-02	1.032255910129875470e-01	0.000000000000000000e+00
3.696912707195032437e-11	7.289273230191630759e-01	1.133434468477582868e+01	9.496379217745544443e-02	1.031051218371506345e-01	0.000000000000000000e+00
3.872038781812557004e-11	7.450409817191190331e-01	1.131440038116542546e+01	9.723415720830759501e-02	1.028909208131937730e-01	0.000000000000000000e+00
4.055460735840827506e-11	7.612526855402064196e-01	1.129454942913209869e+01	9.952453620070074447e-02	1.025856448063639098e-01	0.000000000000000000e+00
4.247571552536894126e-11	7.775495723131403691e-01	1.127472409915123386e+01	1.018339051905033238e-01	1.021921586869201093e-01	0.000000000000000000e+00
4.448782831127576069e-11	7.939190113576910512e-01	1.125485959136756442e+01	1.041612913408119928e-01	1.017134935090884540e-01	0.000000000000000000e+00
4.659525668664686662e-11	8.103489848079079572e-01	1.123489391109592717e+01	1.065058227447427397e-01	1.011528196737974672e-01	0.000000000000000000e+00
4.880251583654433574e-11	8.268276266934881935e-01	1.121476876749467522e+01	1.088666579177341998e-01	1.005134392826587814e-01	0.000000000000000000e+00
5.111433483440165318e-11	8.433431996865883296e-01	1.119442973849921863e+01	1.112429782590563104e-01	9.979876084025450511e-02	0.000000000000000000e+00
5.353566677410718816e-11	8.598841067290436957e-01	1.117382630250748221e+01	1.136339860245295930e-01	9.901229115510552792e-02	0.000000000000000000e+00
5.607169938205469661e-11	8.764389011137739827e-01	1.115291182001899806e+01	1.160389024013950693e-01	9.815762034773181655e-02	0.000000000000000000e+00
5.872786613189488850e-11	8.929962941591959025e-01	1.113164348635627832e+01	1.184569654349010570e-01	9.723838622156658063e-02	0.000000000000000000e+00
6.150985788580503926e-11	9.095451652469266346e-01	1.110998225649190729e+01	1.208874284833583029e-01	9.625825752209135611e-02	0.000000000000000000e+00
6.442363508721370414e-11	9.260745666281590127e-01	1.108789276075619235e+01	1.233295580430314731e-01	9.522098267803057181e-02	0.000000000000000000e+00
6.747544053110686101e-11	9.425737320607923131e-01	1.106534320375464908e+01	1.257826322558533438e-01	9.413022849336384612e-02	0.000000000000000000e+00
7.067181273927477085e-11	9.590320822250131272e-01	1.104230525824753073e+01	1.282459390666479404e-01	9.298971397675014072e-02	0.000000000000000000e+00
7.401959996915652408e-11	9.754390026934849356e-01	1.101875425474147541e+01	1.307187404264830988e-01	9.180313614713746240e-02	0.000000000000000000e+00
7.752597488629464062e-11	9.917813008287752474e-01	1.099467163714636264e+01	1.331998965106317157e-01	9.057434817378073877e-02	0.000000000000000000e+00
8.119844993184008328e-11	1.008042247467794139e+00	1.097004276095929320e+01	1.356877523634600624e-01	8.930728382901742535e-02	0.000000000000000000e+00
8.504489341802668113e-11	1.024202211875281820e+00	1.094485341740901063e+01	1.381802566305304902e-01	8.800586528888704185e-02	0.000000000000000000e+00
8.907354638610458163e-11	1.040238801585911643e+00	1.091908850873736192e+01	1.406749916019242319e-01	8.667399752123355894e-02	0.000000000000000000e+00
9.329304026284695888e-11	1.056127060014843355e+00	1.089273131357844804e+01	1.431692052205046362e-01	8.531550876257740224e-02	0.000000000000000000e+00
9.771241535346501225e-11	1.071839709381193328e+00	1.086576311999224487e+01	1.456598454432417034e-01	8.393414323113390640e-02	0.000000000000000000e+00
1.023411402105452712e-10	1.087347426179755994e+00	1.083816312768062851e+01	1.481435960167606092e-01	8.253356754995533340e-02	0.000000000000000000e+00
1.071891319205126445e-10	1.102619143664018031e+00	1.080990855103799575e+01	1.506169134578370650e-01	8.111735094179137184e-02	0.000000000000000000e+00
1.122667773510811312e-10	1.117622374842152988e+00	1.078097488228785039e+01	1.530760646321336349e-01	7.968896743061883170e-02	0.000000000000000000e+00
1.175849554052158201e-10	1.132323551337938161e+00	1.075133627684206061e+01	1.555171646082515735e-01	7.825177581359395174e-02	0.000000000000000000e+00
1.231550603292826197e-10	1.146688372962953117e+00	1.072096603049044283e+01	1.579362143600560875e-01	7.680903585680899648e-02	0.000000000000000000e+00
1.289890261253308184e-10	1.160683096185028962e+00	1.068983530963707551e+01	1.603292940004839295e-01	7.536379835506265557e-02	0.000000000000000000e+00
1.350993521198024986e-10	1.174278608878906116e+00	1.065790871564201758e+01	1.626931951853867186e-01	7.391861575367826565e-02	0.000000000000000000e+00
1.414991297434578731e-10	1.187450730944133781e+00	1.062515019708685315e+01	1.650253856153601206e-01	7.247572905018949407e-02	0.000000000000000000e+00
1.482020705798860072e-10	1.200179913869074744e+00	1.059152706956239243e+01	1.673239115921714981e-01	7.103713828173457978e-02	0.000000000000000000e+00
1.552225357427047968e-10	1.212451077754566953e+00	1.055701172225949058e+01	1.695873504965939027e-01	6.960467684129684196e-02	0.000000000000000000e+00
1.625755666443793407e-10	1.224253366104631757e+00	1.052158256315087748e+01	1.718147618049706560e-01	6.818003095326109764e-02	0.000000000000000000e+00
1.702769172225897821e-10	1.235579862500536086e+00	1.048522448932247642e+01	1.740056392872801061e-01	6.676474851055015647e-02	0.000000000000000000e+00
1.783430876931905687e-10	1.246427290543943744e+00	1.044792904098798125e+01	1.761598654829530652e-01	6.536026020633985134e-02	0.000000000000000000e+00
1.867913599020784805e-10	1.256795709742258627e+00	1.040969434204105681e+01	1.782776689778758361e-01	6.396787324694529209e-02	0.000000000000000000e+00
1.956398343517064725e-10	1.266688214240335730e+00	1.037052489440550751e+01	1.803595846090877974e-01	6.258879828382506172e-02	0.000000000000000000e+00
2.049074689815846066e-10	1.276110639931783197e+00	1.033043128008554667e+01	1.824064166305350843e-01	6.122413149146585520e-02	0.000000000000000000e+00
2.146141197858401440e-10	1.285071331279400653e+00	1.028942957300610317e+01	1.844192158560463701e-01	5.987485969914770056e-02	0.000000000000000000e+00
2.247805833548729991e-10	1.293582754461359841e+00	1.024753162104568105e+01	1.863996896887434307e-01	5.854158174052466468e-02	0.000000000000000000e+00
2.354286414322420067e-10	1.301661910831588331e+00	1.020473971252356371e+01	1.883503796428016019e-01	5.722437664725391754e-02	0.000000000000000000e+00
2.465811075822603842e-10	1.309327856765471365e+00	1.016105676379602585e+01	1.902741389836352937e-01	5.592319035254618431e-02	0.000000000000000000e+00
2.582618760682674929e-10	1.316601355843060484e+00	1.011648729644516109e+01	1.921740719825103527e-01	5.463788030882660296e-02	0.000000000000000000e+00
2.704959730463131364e-10	1.323504700270374146e+00	1.007103749333449372e+01	1.940535134140398410e-01	5.336821232177949709e-02	0.000000000000000000e+00
2.833096101839318258e-10	1.330061556270428769e+00	1.002471520452380460e+01	1.959160122886583200e-01	5.211391252017791992e-02	0.000000000000000000e+00
2.967302408188872501e-10	1.336296837618749400e+00	9.977529950685964266e+00	1.977653196388515500e-01	5.087463680352997952e-02	0.000000000000000000e+00
3.107866187782014063e-10	1.342236610177557354e+00	9.929492953510282049e+00	1.996053802749648831e-01	4.965009200126841576e-02	0.000000000000000000e+00
3.255088599835056406e-10	1.347908024609665523e+00	9.880617203920881053e+00	2.014403279197218011e-01	4.843980277186203665e-02	0.000000000000000000e+00
3.409285069746807543e-10	1.353339278975608462e+00	9.830917587892225029e+00	2.032744835924454874e-01	4.724346185221495881e-02	0.000000000000000000e+00
3.570785964900469852e-10	1.358559604912057850e+00	9.780411065239128732e+00	2.051123563870467792e-01	4.606059006286333801e-02	0.000000000000000000e+00
3.739937302478801677e-10	1.363599117475102318e+00	9.729118433716324787e+00	2.069585897520905549e-01	4.489082559727163718e-02	0.000000000000000000e+00
3.917101490809260641e-10	1.368486792169017807e+00	9.677079687366191507e+00	2.088173249370040563e-01	4.373420535463391767e-02	0.000000000000000000e+00
4.102658105827190344e-10	1.373248740730344419e+00	9.624352961245190130e+00	2.106919305921269026e-01	4.259111029401768667e-02	0.000000000000000000e+00
4.297004704320835313e-10	1.377907763476015734e+00	9.571004945481805137e+00	2.125851096559317477e-01	4.146219330178187168e-02	0.000000000000000000e+00
4.500557675700488183e-10	1.382482963998461045e+00	9.517107733463992858e+00	2.144988844065640055e-01	4.034810136298734584e-02	0.000000000000000000e+00
4.713753134116729086e-10	1.386989561854270692e+00	9.462736460341004019e+00	2.164345964324642102e-01	3.924967130348094163e-02	0.000000000000000000e+00
4.937047852839003559e-10	1.391438816281604041e+00	9.407967356682632953e+00	2.183929163054755263e-01	3.816776480521856529e-02	0.000000000000000000e+00
5.170920242896755486e-10	1.395838021250105365e+00	9.352876093035149552e+00	2.203738596915928716e-01	3.710324768071660007e-02	0.000000000000000000e+00
5.415871378079465267e-10	1.400190553421458928e+00	9.297536344244800688e+00	2.223768087988163555e-01	3.605698113580929620e-02	0.000000000000000000e+00
5.672426068491988835e-10	1.404495961478106736e+00	9.242018541381286312e+00	2.244005382670688498e-01	3.502982669481846667e-02	0.000000000000000000e+00
5.941133984965039838e-10	1.408750092951937871e+00	9.186388791276380417e+00	2.264432455204122840e-01	3.402254723832597028e-02	0.000000000000000000e+00
6.222570836730231313e-10	1.412945246988816628e+00	9.130707959069431112e+00	2.285025839670932202e-01	3.303588145222224187e-02	0.000000000000000000e+00
6.517339604882420571e-10	1.417070196544306437e+00	9.075033726842471893e+00	2.305756021377326770e-01	3.207054038624917308e-02	0.000000000000000000e+00
6.826071834272379248e-10	1.421110799913358536e+00	9.019424389965481126e+00	2.326587298097971546e-01	3.112726189549342576e-02	0.000000000000000000e+00
7.149428986597561750e-10	1.425052156941028159e+00	8.963929330293893827e+00	2.347483621536854137e-01	3.020660564004235341e-02	0.000000000000000000e+00
7.488103857590030225e-10	1.428879485231386859e+00	8.908588937040079259e+00	2.368410162968717647e-01	2.930894878286340044e-02	0.000000000000000000e+00
7.842822061337681836e-10	1.432578520112028020e+00	8.853436379112315180e+00	2.389333649268853832e-01	2.843451790984267286e-02	0.000000000000000000e+00
8.214343584919422200e-10	1.436135788476713859e+00	8.798499015620969033e+00	2.410222576691593288e-01	2.758340807470738981e-02	0.000000000000000000e+00
8.603464416684491388e-10	1.439538796849592961e+00	8.743799563671212027e+00	2.431047336816943572e-01	2.675560647203637649e-02	0.000000000000000000e+00
9.011018251665036851e-10	1.442776161279986979e+00	8.689357081895451529e+00	2.451780284391882336e-01	2.595102254253407389e-02	0.000000000000000000e+00
9.437878277775391497e-10	1.445837693205429542e+00	8.635187797320702074e+00	2.472395763266495294e-01	2.516947654806541215e-02	0.000000000000000000e+00
9.884959046625586031e-10	1.448714450740920423e+00	8.581305808543834956e+00	2.492870097524373663e-01	2.441073827281471306e-02	0.000000000000000000e+00
1.035321843295661502e-09	1.451398764015321863e+00	8.527723677783306755e+00	2.513181559365267881e-01	2.367452446479649877e-02	0.000000000000000000e+00
1.084365968689608688e-09	1.453884240057625510e+00	8.474452889238250464e+00	2.533310330837555968e-01	2.296050991816184217e-02	0.000000000000000000e+00
1.135733358343102889e-09	1.456165751055422897e+00	8.421503018924365591e+00	2.553238818220118778e-01	2.226832585126256245e-02	0.000000000000000000e+00
1.189534067370320724e-09	1.458239065191970552e+00	8.368882601655712961e+00	2.572950836657387774e-01	2.159756932159198270e-02	0.000000000000000000e+00
1.245883364295008068e-09	1.460100435582243339e+00	8.316601135934869049e+00	2.592430321123278536e-01	2.094785015604334541e-02	0.000000000000000000e+00
1.304901978014401580e-09	1.461746478948655392e+00	8.264668739645978590e+00	2.611661219864024330e-01	2.031878326188500672e-02	0.000000000000000000e+00
1.366716356462010101e-09	1.463174123629223722e+00	8.213095805903320112e+00	2.630627513923255445e-01	1.970998770455478083e-02	0.000000000000000000e+00
1.431458937523481393e-09	1.464380586678712515e+00	8.161892753030521419e+00	2.649313264893550790e-01	1.912107838829789005e-02	0.000000000000000000e+00
1.499268432786047049e-09	1.465363367546523632e+00	8.111069846948247175e+00	2.667702674755816905e-01	1.855166999701725675e-02	0.000000000000000000e+00
1.570290124729377524e-09	1.466120252806709878e+00	8.060637073726772073e+00	2.685780154255696939e-01	1.800138047415685699e-02	0.000000000000000000e+00
1.644676177994662829e-09	1.466649325902515066e+00	8.010604052911313389e+00	2.703530391235360875e-01	1.746983365419018525e-02	0.000000000000000000e+00
1.722585965398783835e-09	1.466948984778132292e+00	7.960979982030748303e+00	2.720938426694729517e-01	1.695659002928325346e-02	0.000000000000000000e+00
1.804186409392068039e-09	1.467017950605641330e+00	7.911773610350263830e+00	2.737989707593359578e-01	1.646130017707789564e-02	0.000000000000000000e+00
1.889652339691211477e-09	1.466855291757640956e+00	7.862993132808713703e+00	2.754670198331526931e-01	1.598353769903581786e-02	0.000000000000000000e+00
1.979166867853557524e-09	1.466460456943038393e+00	7.814645268785665344e+00	2.770966803740142481e-01	1.552292409331444342e-02	0.000000000000000000e+00
2.072921779595369695e-09	1.465833376761472406e+00	7.766735455775755526e+00	2.786867548526797411e-01	1.507900001456252172e-02	0.000000000000000000e+00
2.171117945694509622e-09	1.464974528343349736e+00	7.719268508570593212e+00	2.802361519708060356e-01	1.465134803302808354e-02	0.000000000000000000e+00
2.273965752357932151e-09	1.463884961492339487e+00	7.672248853764668475e+00	2.817438879204623436e-01	1.423953616326753199e-02	0.000000000000000000e+00
2.381685551976160644e-09	1.462566303402349499e+00	7.625680705060563724e+00	2.832090853393150476e-01	1.384312945662792560e-02	0.000000000000000000e+00
2.494508135230316413e-09	1.461020752816343471e+00	7.579568204694968614e+00	2.846309711290105904e-01	1.346169732199978090e-02	0.000000000000000000e+00
2.612675225563326382e-09	1.459251066834037047e+00	7.533915534748671483e+00	2.860088736368468498e-01	1.309480737647323277e-02	0.000000000000000000e+00
2.736439997074666368e-09	1.457260541906405082e+00	7.488727004132787357e+00	2.873422193101168864e-01	1.274203484346230972e-02	0.000000000000000000e+00
2.866067616948244470e-09	1.455052992305830406e+00	7.444007116187946416e+00	2.886305293070287603e-01	1.240296335795047084e-02	0.000000000000000000e+00
3.001835813575592210e-09	1.452632724357767469e+00	7.399760619191533273e+00	2.898734156669982576e-01	1.207717075148649968e-02	0.000000000000000000e+00
3.144035471591500167e-09	1.450004510348111619e+00	7.355992540510921884e+00	2.910705778096241425e-01	1.176424949471836963e-02	0.000000000000000000e+00
3.292971255097148186e-09	1.447173524696679703e+00	7.312707758817223791e+00	2.922218096561882694e-01	1.146380003363525746e-02	0.000000000000000000e+00
3.448962260405766611e-09	1.444145187996482393e+00	7.269910241460621592e+00	2.933270021328481802e-01	1.117540471087889210e-02	0.000000000000000000e+00
3.612342699709437910e-09	1.440925126999509587e+00	7.227604555295783939e+00	2.943860774142863512e-01	1.089869088122135538e-02	0.000000000000000000e+00
3.783462617131932968e-09	1.437519127901369043e+00	7.185796024363225953e+00	2.953989736573158220e-01	1.063327374897572730e-02	0.000000000000000000e+00
3.962688638701478467e-09	1.433933099696480529e+00	7.144490564778700481e+00	2.963656445748361623e-01	1.037879433197490091e-02	0.000000000000000000e+00
4.150404757850472502e-09	1.430173052162845737e+00	7.103694558872833298e+00	2.972860605797679745e-01	1.013490916696962313e-02	0.000000000000000000e+00
4.347013158125017173e-09	1.426245080579305435e+00	7.063414749651395041e+00	2.981602106534146368e-01	9.901279437988588783e-03	0.000000000000000000e+00
4.552935074866938773e-09	1.422155357875470205e+00	7.023658161081242746e+00	2.989881048434365751e-01	9.677584819287859269e-03	0.000000000000000000e+00
4.768611697714474181e-09	1.417910127940537279e+00	6.984432035822639939e+00	2.997697764110131557e-01	9.463508989925815615e-03	0.000000000000000000e+00
4.994505115855140358e-09	1.413515701201750518e+00	6.945743781474666534e+00	3.005052842073488995e-01	9.258753386181931694e-03	0.000000000000000000e+00
5.231099308056257792e-09	1.408978452560837091e+00	6.907600931228362384e+00	3.011947150311848898e-01	9.063023286170814388e-03	0.000000000000000000e+00
5.478901179593956120e-09	1.404304815882645219e+00	6.870011090635443018e+00	3.018381859397776812e-01	8.876036129473019454e-03	0.000000000000000000e+00
5.738441648302404521e-09	1.399501184608370474e+00	6.832981164219477321e+00	3.024358582282544172e-01	8.697515243624063044e-03	0.000000000000000000e+00
6.010276782070388176e-09	1.394573869193377558e+00	6.796517116019729521e+00	3.029879407464752816e-01	8.527185185051999392e-03	0.000000000000000000e+00
6.294988990221888141e-09	1.389529218672530986e+00	6.760624930152681955e+00	3.034946752769410727e-01	8.364782397634999006e-03	0.000000000000000000e+00
6.593188271333541710e-09	1.384373633279630811e+00	6.725310687715657210e+00	3.039563369142806448e-01	8.210051704653281365e-03	0.000000000000000000e+00
6.905513520162316861e-09	1.379113564762621147e+00	6.690580564011086473e+00	3.043732352922633444e-01	8.062746171186749647e-03	0.000000000000000000e+00
7.232633896483518810e-09	1.373755514457097648e+00	6.656440825786505755e+00	3.047457153125827656e-01	7.922628568119226278e-03	0.000000000000000000e+00
7.575250258771920716e-09	1.368306029687088365e+00	6.622897823669390505e+00	3.050741577027097362e-01	7.789471426363793298e-03	0.000000000000000000e+00
7.934096665797492339e-09	1.362771698450203628e+00	6.589957980022377981e+00	3.053589793751184112e-01	7.663045710466050847e-03	0.000000000000000000e+00
8.309941949353386453e-09	1.357159144309833643e+00	6.557627776504297401e+00	3.056006338119238164e-01	7.543152015863246497e-03	0.000000000000000000e+00
8.703591361485183753e-09	1.351475018245167359e+00	6.525913736389448161e+00	3.057996109686894615e-01	7.429561577895271024e-03	0.000000000000000000e+00
9.115888299750837812e-09	1.345725993231410289e+00	6.494822404355155676e+00	3.059564378629777703e-01	7.322097445974552060e-03	0.000000000000000000e+00
9.547716114208065503e-09	1.339918726240690638e+00	6.464360179811043494e+00	3.060716786158771408e-01	7.220558616211934962e-03	0.000000000000000000e+00
1.000000000000000021e-08	1.334059604515686281e+00	6.434532053205083812e+00	3.061459371321670897e-01	7.124759135929741895e-03	0.000000000000000000e+00
