pc	M	R	C	k2	j3
9.999999999999999799e-13	6.686929889078297995e-01	2.202382327279362471e+03	4.483367004795413670e-04	2.600086141158674397e-02	0.000000000000000000e+00
1.047370897959448749e-12	6.591787458922478971e-01	2.468473777961042742e+03	3.943164658341134408e-04	2.345043600018255348e-02	0.000000000000000000e+00
1.096985797892381920e-12	6.385121447711205045e-01	2.822600718931050778e+03	3.340334425116050685e-04	2.372401605329288454e-02	0.000000000000000000e+00
1.148951000187311009e-12	5.920414371408388998e-01	3.323729961049143185e+03	2.630247444037954897e-04	-2.764736680951946843e-02	0.000000000000000000e+00
1.203377840777590522e-12	4.876266777295559240e-01	4.108831908396013205e+03	1.752424506521215364e-04	-1.841550650291531302e-03	0.000000000000000000e+00
1.260382929679727463e-12	2.353828262876873356e-01	4.863680890511821417e+03	7.146278469845912550e-05	2.525014782280831583e-05	0.000000000000000000e+00
1.320088400831416649e-12	9.053822856045606882e-02	6.795803893081210845e+02	1.967258317204563121e-04	1.417102841032241191e-03	0.000000000000000000e+00
1.382622173764653478e-12	8.793785800188444468e-02	2.460817459095871982e+02	5.276752425981834230e-04	3.097456848198963707e-04	0.000000000000000000e+00
1.448118227674535917e-12	8.862519486566949878e-02	1.442512783508858547e+02	9.072098722909833352e-04	2.002514545064162585e-04	0.000000000000000000e+00
1.516716888470924089e-12	9.013010734772863852e-02	1.008539448502535549e+02	1.319614968897400015e-03	1.658706231857203222e-04	0.000000000000000000e+00
1.588565129428052692e-12	9.205669551647086002e-02	7.723938716229629620e+01	1.759895160536339466e-03	1.555997236561581349e-04	0.000000000000000000e+00
1.663816886076127415e-12	9.427341512694217829e-02	6.254641341457799086e+01	2.225650997411171908e-03	1.588703016964498340e-04	0.000000000000000000e+00
1.742633386009647278e-12	9.672234168803603427e-02	5.259235791177051311e+01	2.715653745243718463e-03	1.743542086984661604e-04	0.000000000000000000e+00
1.825183494319046040e-12	9.937447028393189830e-02	4.543932267520036561e+01	3.229335840543939417e-03	2.043675882837530137e-04	0.000000000000000000e+00
1.911644075385703708e-12	1.022140954231730431e-01	4.007281648511339966e+01	3.766440898576048444e-03	2.533224722472011406e-04	0.000000000000000000e+00
2.002200371815584363e-12	1.052325706251505538e-01	3.591228943500806992e+01	4.326904619722057865e-03	3.271332164198171395e-04	0.000000000000000000e+00
2.097046401323230665e-12	1.084252977571164428e-01	3.260247049702663702e+01	4.910778524376580544e-03	4.329400556258845259e-04	0.000000000000000000e+00
2.196385372416542332e-12	1.117902439513826646e-01	2.991414099284232009e+01	5.518202106443527433e-03	5.788295177293897387e-04	0.000000000000000000e+00
2.300430119772921506e-12	1.153272276757936893e-01	2.769293358927931692e+01	6.149405374457066198e-03	7.736418231820585845e-04	0.000000000000000000e+00
2.409403560239526876e-12	1.190373138187087315e-01	2.583127614197982069e+01	6.804676619957470730e-03	1.026737897415832840e-03	0.000000000000000000e+00
2.523539170434765862e-12	1.229214133245421642e-01	2.425238472794831779e+01	7.484164610382770116e-03	1.347655282696263871e-03	0.000000000000000000e+00
2.643081486974102692e-12	1.269803558436556346e-01	2.289985447475207181e+01	8.187928702846146434e-03	1.745875190025440943e-03	0.000000000000000000e+00
2.768286630392061017e-12	1.312153732685150676e-01	2.173114718350685948e+01	8.916046031702765801e-03	2.230547647256447483e-03	0.000000000000000000e+00
2.899422853882880921e-12	1.356279997033617568e-01	2.071360269117304753e+01	9.668607937310232103e-03	2.810312644462013842e-03	0.000000000000000000e+00
3.036771118035460378e-12	1.402199853598954105e-01	1.982174903657411491e+01	1.044571516419523852e-02	3.493065333199133274e-03	0.000000000000000000e+00
3.180625692794118977e-12	1.449932240499037239e-01	1.903544247690056324e+01	1.124747316096053398e-02	4.285770938372454771e-03	0.000000000000000000e+00
3.331294787934670055e-12	1.499496915079774895e-01	1.833855374828510776e+01	1.207398770207171283e-02	5.194332083222692048e-03	0.000000000000000000e+00
3.489101213406766494e-12	1.550915087672876946e-01	1.771800943414243790e+01	1.292538021881464542e-02	6.223495949500921359e-03	0.000000000000000000e+00
3.654383070957261569e-12	1.604213112832379717e-01	1.716306940088663779e+01	1.380185111947332573e-02	7.376852449348390676e-03	0.000000000000000000e+00
3.827494478516314936e-12	1.659420056014386524e-01	1.666486205151893785e+01	1.470363951728608301e-02	8.656771248656132747e-03	0.000000000000000000e+00
4.008806328898464320e-12	1.716566605495233322e-01	1.621600838054662930e+01	1.563100616231382148e-02	1.006434794968113187e-02	0.000000000000000000e+00
4.198707084443905621e-12	1.775684849232636586e-01	1.581032460412933105e+01	1.658423097049272280e-02	1.159952402486781955e-02	0.000000000000000000e+00
4.397603609302712498e-12	1.836808152580995390e-01	1.544259222861347247e+01	1.756361180131347025e-02	1.326093800530832659e-02	0.000000000000000000e+00
4.605922041145112927e-12	1.899970918501339978e-01	1.510837909145231883e+01	1.856946173521915183e-02	1.504611739552558919e-02	0.000000000000000000e+00
4.824108704165373984e-12	1.965208299004583270e-01	1.480389885756673429e+01	1.960210518263119997e-02	1.695146562008327182e-02	0.000000000000000000e+00
5.052631065335679604e-12	2.032553128694893907e-01	1.452590981209791998e+01	2.066183066872450194e-02	1.897228666579469855e-02	0.000000000000000000e+00
5.291978735958436557e-12	2.102036263270019023e-01	1.427161714685941085e+01	2.174889779052779221e-02	2.110283158370323403e-02	0.000000000000000000e+00
5.542664520663095602e-12	2.173689010375306763e-01	1.403858966392355789e+01	2.286357636528413978e-02	2.333648887187728810e-02	0.000000000000000000e+00
5.805225516094907684e-12	2.247543107382827809e-01	1.382470315813191597e+01	2.400614639596514860e-02	2.566589078414697328e-02	0.000000000000000000e+00
6.080224261649427052e-12	2.323630583005125705e-01	1.362809422075214627e+01	2.517689631971371800e-02	2.808299553225928127e-02	0.000000000000000000e+00
6.368249944718585906e-12	2.401983623695939929e-01	1.344712200355275833e+01	2.637612133582115104e-02	3.057920422711889533e-02	0.000000000000000000e+00
6.669919663030115058e-12	2.482634427821294176e-01	1.328033637851261517e+01	2.760412168744700787e-02	3.314547579566263363e-02	0.000000000000000000e+00
6.985879746785234820e-12	2.565616514031826556e-01	1.312644879900519967e+01	2.886122286829122946e-02	3.577243267100702062e-02	0.000000000000000000e+00
7.316807143427207274e-12	2.650966395802902831e-01	1.298430856507661701e+01	3.014780030345824355e-02	3.845054432661270533e-02	0.000000000000000000e+00
7.663410868007462274e-12	2.738721780518932891e-01	1.285288886435027855e+01	3.146425103344616808e-02	4.117011749816476551e-02	0.000000000000000000e+00
8.026433522257174683e-12	2.828921266466955520e-01	1.273127144302140046e+01	3.281098873353638368e-02	4.392143184237388975e-02	0.000000000000000000e+00
8.406652885618316356e-12	2.921604287553453694e-01	1.261863301506577173e+01	3.418844264159162649e-02	4.669472822814643709e-02	0.000000000000000000e+00
8.804883581643446547e-12	3.016811045455686791e-01	1.251423362560021069e+01	3.559705634813550845e-02	4.948040679028522376e-02	0.000000000000000000e+00
9.221978823334340144e-12	3.114582431055488154e-01	1.241740664412887263e+01	3.703728649074771589e-02	5.226888556602827390e-02	0.000000000000000000e+00
9.658832241158709141e-12	3.214957058719966065e-01	1.232755256105895114e+01	3.850955930410475403e-02	5.505076534006877326e-02	0.000000000000000000e+00
1.011637979766206976e-11	3.317965186499618468e-01	1.224413488792931837e+01	4.001418305251988605e-02	5.781663395867568667e-02	0.000000000000000000e+00
1.059560179277614774e-11	3.423634492924090833e-01	1.216666640308114111e+01	4.155143509203846480e-02	6.055732260544285928e-02	0.000000000000000000e+00
1.109752496412069864e-11	3.531991270136355943e-01	1.209470246711367025e+01	4.312158021519658935e-02	6.326397142475470581e-02	0.000000000000000000e+00
1.162322468679854125e-11	3.643060212643761120e-01	1.202783643283759574e+01	4.472486835212821643e-02	6.592808803927642514e-02	0.000000000000000000e+00
1.217382727739662020e-11	3.756864208926009585e-01	1.196569562325980485e+01	4.636153231585380535e-02	6.854157695790809302e-02	0.000000000000000000e+00
1.275051240713012859e-11	3.873424121427492817e-01	1.190793778969700689e+01	4.803178545405093619e-02	7.109675452849213706e-02	0.000000000000000000e+00
1.335451562929897339e-11	3.992760224235064048e-01	1.185424729308014768e+01	4.973584290524114826e-02	7.358642480345896353e-02	0.000000000000000000e+00
1.398713102647241439e-11	4.114897944219881865e-01	1.180433036915826683e+01	5.147400351851405542e-02	7.600390951876843937e-02	0.000000000000000000e+00
1.464971398307287854e-11	4.239863159579374541e-01	1.175791566473418825e+01	5.324658193576812387e-02	7.834315145005693592e-02	0.000000000000000000e+00
1.534368408930013065e-11	4.367680262730787577e-01	1.171475285308247116e+01	5.505388134973504544e-02	8.059848271022740374e-02	0.000000000000000000e+00
1.607052818261638620e-11	4.498404211184493517e-01	1.167460118782498490e+01	5.689664501336809399e-02	8.276521447900365980e-02	0.000000000000000000e+00
1.683180353330955093e-11	4.632193855646599134e-01	1.163721275713866987e+01	5.877707728885937788e-02	8.484052413614628918e-02	0.000000000000000000e+00
1.762914118095944293e-11	4.769240206634356438e-01	1.160236080742958897e+01	6.069781598642735865e-02	8.682209440529951860e-02	0.000000000000000000e+00
1.846424942895546448e-11	4.909731303079004072e-01	1.156984722889676753e+01	6.266143487860613426e-02	8.870730510683189074e-02	0.000000000000000000e+00
1.933891750455232057e-11	5.053729427956166198e-01	1.153952260505410443e+01	6.466873702045379535e-02	9.049195818414181025e-02	0.000000000000000000e+00
2.025501939230666486e-11	5.201228149042749216e-01	1.151125986944412105e+01	6.671957650219151326e-02	9.217141857902742819e-02	0.000000000000000000e+00
2.121451784910627571e-11	5.352210731867431681e-01	1.148493724068604749e+01	6.881368469822196632e-02	9.374172268690249277e-02	0.000000000000000000e+00
2.221946860939528424e-11	5.506649728076629113e-01	1.146043731208072103e+01	7.095066943286444661e-02	9.519925264320484859e-02	0.000000000000000000e+00
2.327202478960412005e-11	5.664506260091407563e-01	1.143764638923545007e+01	7.313000961462327865e-02	9.654101062215945939e-02	0.000000000000000000e+00
2.437444150122221807e-11	5.825729349711666893e-01	1.141645399011295225e+01	7.535105003878482532e-02	9.776457242509020706e-02	0.000000000000000000e+00
2.552908068239516723e-11	5.990255300191260623e-01	1.139675242440785752e+01	7.761299685277690819e-02	9.886803425833043391e-02	0.000000000000000000e+00
2.673841615839943880e-11	6.158007126923917829e-01	1.137843645533257764e+01	7.991491350872530208e-02	9.985004391130640478e-02	0.000000000000000000e+00
2.800503894183625342e-11	6.328894075651292361e-01	1.136140306235801134e+01	8.225571746543169915e-02	1.007097632970347517e-01	0.000000000000000000e+00
2.933166278390048099e-11	6.502811198031405171e-01	1.134555123917480124e+01	8.463417759236496751e-02	1.014469665767496753e-01	0.000000000000000000e+00
3.072112998861759207e-11	6.679639028709857262e-01	1.133078187481572385e+01	8.704891242194172374e-02	1.020618679991807942e-01	0.000000000000000000e+00
3.217641750250735458e-11	6.859243336292998316e-01	1.131699766870659829e+01	8.949838914123108002e-02	1.025552397479354977e-01	0.000000000000000000e+00
3.370064329271925032e-11	7.041475016084518534e-01	1.130410312503757986e+01	9.198092376718776386e-02	1.029283511905733778e-01	0.000000000000000000e+00
3.529707302730657668e-11	7.226170363001459540e-01	1.129200454299828849e+01	9.449468617689969763e-02	1.031829480206662708e-01	0.000000000000000000e+00
3.696912707195032437e-11	7.413196207436659746e-01	1.128060748711561878e+01	9.703831391628207903e-02	1.033212440241587371e-01	0.000000000000000000e+00
3.872038781812557004e-11	7.602503884295167547e-01	1.126981527779163983e+01	9.961163948355523934e-02	1.033458044056508318e-01	0.000000000000000000e+00
4.055460735840827506e-11	7.794056076816628931e-01	1.125953495968588491e+01	1.022146880330988966e-01	1.032593087707903701e-01	0.000000000000000000e+00
4.247571552536894126e-11	7.987816082414374019e-01	1.124967798705558408e+01	1.048475292071121556e-01	1.030644997986838729e-01	0.000000000000000000e+00
4.448782831127576069e-11	8.183747642073887496e-01	1.124016005768974757e+01	1.075102738971251692e-01	1.027643428466733511e-01	0.000000000000000000e+00
4.659525668664686662e-11	8.381814745249084320e-01	1.123090087719151953e+01	1.102030714029492570e-01	1.023616911245817246e-01	0.000000000000000000e+00
4.880251583654433574e-11	8.581981444526416425e-01	1.122182392077133350e+01	1.129261069053233146e-01	1.018595751202489713e-01	0.000000000000000000e+00
5.111433483440165318e-11	8.784193096767916042e-01	1.121285695884855294e+01	1.156793466509824092e-01	1.012611334891961867e-01	0.000000000000000000e+00
5.353566677410718816e-11	8.988316019927165001e-01	1.120393412157506674e+01	1.184617166687114836e-01	1.005698492186234139e-01	0.000000000000000000e+00
5.607169938205469661e-11	9.194188274759371726e-01	1.119499292974913196e+01	1.212717945511618683e-01	9.978954411194031204e-02	0.000000000000000000e+00
5.872786613189488850e-11	9.401638246751310435e-01	1.118597319889532749e+01	1.241080628977766775e-01	9.892402123458783614e-02	0.000000000000000000e+00
6.150985788580503926e-11	9.610484805592319768e-01	1.117681693851716318e+01	1.269689106858446215e-01	9.797760290320095544e-02	0.000000000000000000e+00
6.442363508721370414e-11	9.820537679965234412e-01	1.116746827744005444e+01	1.298526370923302475e-01	9.695453476711389518e-02	0.000000000000000000e+00
6.747544053110686101e-11	1.003159783076623235e+00	1.115787345179619372e+01	1.327574544274595369e-01	9.585929176013334441e-02	0.000000000000000000e+00
7.067181273927477085e-11	1.024345999088467352e+00	1.114798070096003713e+01	1.356815206608095181e-01	9.469632879431420791e-02	0.000000000000000000e+00
7.401959996915652408e-11	1.045592405731957442e+00	1.113773978326218028e+01	1.386230941252941662e-01	9.347026193054253085e-02	0.000000000000000000e+00
7.752597488629464062e-11	1.066878866528152781e+00	1.112710235853569074e+01	1.415804421525761747e-01	9.218562742377485464e-02	0.000000000000000000e+00
8.119844993184008328e-11	1.088184723982869473e+00	1.111602223083152552e+01	1.445517831382213403e-01	9.084700677751364473e-02	0.000000000000000000e+00
8.504489341802668113e-11	1.109488857682359386e+00	1.110445540887694804e+01	1.475352903207954869e-01	8.945896346951699718e-02	0.000000000000000000e+00
8.907354638610458163e-11	1.130769741685134333e+00	1.109236013506472140e+01	1.505290956044665895e-01	8.802605772411499496e-02	0.000000000000000000e+00
9.329304026284695888e-11	1.152005506772237009e+00	1.107969692511942306e+01	1.535312936511314952e-01	8.655280266651596555e-02	0.000000000000000000e+00
9.771241535346501225e-11	1.173174247466947762e+00	1.106642845636118366e+01	1.565399805398330901e-01	8.504365485845352679e-02	0.000000000000000000e+00
1.023411402105452712e-10	1.194255172432424628e+00	1.105251884970270382e+01	1.595534141408213036e-01	8.350289532697330319e-02	0.000000000000000000e+00
1.071891319205126445e-10	1.215227865506618654e+00	1.103793414994196276e+01	1.625699063926547283e-01	8.193467394041915874e-02	0.000000000000000000e+00
1.122667773510811312e-10	1.236071902446462589e+00	1.102264259212255304e+01	1.655877647847330547e-01	8.034304109531079097e-02	0.000000000000000000e+00
1.175849554052158201e-10	1.256767164147716498e+00	1.100661444548548928e+01	1.686053327408174596e-01	7.873190352226568101e-02	0.000000000000000000e+00
1.231550603292826197e-10	1.277294530307056419e+00	1.098982144881971301e+01	1.716210880249598447e-01	7.710495999048043447e-02	0.000000000000000000e+00
1.289890261253308184e-10	1.297635263179803378e+00	1.097223725454610133e+01	1.746335506352466038e-01	7.546578454991725859e-02	0.000000000000000000e+00
1.350993521198024986e-10	1.317770064372512095e+00	1.095383830591718954e+01	1.776411380082297820e-01	7.381784195030645368e-02	0.000000000000000000e+00
1.414991297434578731e-10	1.337677527617291418e+00	1.093460554770482140e+01	1.806419219001555998e-01	7.216467700637965721e-02	0.000000000000000000e+00
1.482020705798860072e-10	1.357336110713033950e+00	1.091452293305579779e+01	1.836339096194682385e-01	7.050970335884458595e-02	0.000000000000000000e+00
1.552225357427047968e-10	1.376724645426808280e+00	1.089357703366721708e+01	1.866151134570254722e-01	6.885620077931052518e-02	0.000000000000000000e+00
1.625755666443793407e-10	1.395822402592369116e+00	1.087175701087798529e+01	1.895835547902381402e-01	6.720730327401960857e-02	0.000000000000000000e+00
1.702769172225897821e-10	1.414609165688681225e+00	1.084905461779658431e+01	1.925372688899660290e-01	6.556595897589717614e-02	0.000000000000000000e+00
1.783430876931905687e-10	1.433065342161677025e+00	1.082546413070018509e+01	1.954743162341892881e-01	6.393492818498926200e-02	0.000000000000000000e+00
1.867913599020784805e-10	1.451173101573631996e+00	1.080098084793741542e+01	1.983929608234739350e-01	6.231678217265811115e-02	0.000000000000000000e+00
1.956398343517064725e-10	1.468916598371577065e+00	1.077560068731602527e+01	2.012917075538923350e-01	6.071374412071933041e-02	0.000000000000000000e+00
2.049074689815846066e-10	1.486280888201983119e+00	1.074932159306568380e+01	2.041691272146498315e-01	5.912787478357658943e-02	0.000000000000000000e+00
2.146141197858401440e-10	1.503251896090376016e+00	1.072214364269051856e+01	2.070238468484185967e-01	5.756106512857750435e-02	0.000000000000000000e+00
2.247805833548729991e-10	1.519816440896652354e+00	1.069406906815997615e+01	2.098545493823851527e-01	5.601504621617412610e-02	0.000000000000000000e+00
2.354286414322420067e-10	1.535962248326473212e+00	1.066510220730964775e+01	2.126599731689239881e-01	5.449139909854709002e-02	0.000000000000000000e+00
2.465811075822603842e-10	1.551678021920642747e+00	1.063524935118912573e+01	2.154389219038507775e-01	5.299152081502501999e-02	0.000000000000000000e+00
2.582618760682674929e-10	1.566953730335147510e+00	1.060451829606295249e+01	2.181903113065878363e-01	5.151666855308755649e-02	0.000000000000000000e+00
2.704959730463131364e-10	1.581780526319224611e+00	1.057291862437009833e+01	2.209131508324606308e-01	5.006790505757265780e-02	0.000000000000000000e+00
2.833096101839318258e-10	1.596150710820393614e+00	1.054046190936780647e+01	2.236065327726800833e-01	4.864618964537303220e-02	0.000000000000000000e+00
2.967302408188872501e-10	1.610057693127451506e+00	1.050716171081300665e+01	2.262696249866123499e-01	4.725232730566133327e-02	0.000000000000000000e+00
3.107866187782014063e-10	1.623495975049579210e+00	1.047303352847320213e+01	2.289016680153102279e-01	4.588700487218368151e-02	0.000000000000000000e+00
3.255088599835056406e-10	1.636461122714190752e+00	1.043809476014499893e+01	2.315019705550743767e-01	4.455079652880661323e-02	0.000000000000000000e+00
3.409285069746807543e-10	1.648949656552703980e+00	1.040236454469666860e+01	2.340698960700875186e-01	4.324416446019550136e-02	0.000000000000000000e+00
3.570785964900469852e-10	1.660958594034059432e+00	1.036586374685424339e+01	2.366047968410181224e-01	4.196748804816450434e-02	0.000000000000000000e+00
3.739937302478801677e-10	1.672485187729980227e+00	1.032861459275459382e+01	2.391059827871367116e-01	4.072109339505911724e-02	0.000000000000000000e+00
3.917101490809260641e-10	1.683526910650930741e+00	1.029064022719625449e+01	2.415727275399675300e-01	3.950519930102330823e-02	0.000000000000000000e+00
4.102658105827190344e-10	1.694081474825456013e+00	1.025196448185109332e+01	2.440042751042523494e-01	3.831998567318269100e-02	0.000000000000000000e+00
4.297004704320835313e-10	1.704146854706950709e+00	1.021261163345773326e+01	2.463998479811188302e-01	3.716553513940925452e-02	0.000000000000000000e+00
4.500557675700488183e-10	1.713721278455806685e+00	1.017260652803289389e+01	2.487586422473763714e-01	3.604187279060482030e-02	0.000000000000000000e+00
4.713753134116729086e-10	1.722803100344387328e+00	1.013197508997224183e+01	2.510797955229793765e-01	3.494896563558416713e-02	0.000000000000000000e+00
4.937047852839003559e-10	1.731390974328864907e+00	1.009074373401195857e+01	2.533624251269471772e-01	3.388675515239612107e-02	0.000000000000000000e+00
5.170920242896755486e-10	1.739483932324332516e+00	1.004893910509536248e+01	2.556056456823800893e-01	3.285509524929358660e-02	0.000000000000000000e+00
5.415871378079465267e-10	1.747081411284314711e+00	1.000658788361360152e+01	2.578085783307991208e-01	3.185379046531076896e-02	0.000000000000000000e+00
5.672426068491988835e-10	1.754183305733277631e+00	9.963716962459226778e+00	2.599703545677682359e-01	3.088258847233454896e-02	0.000000000000000000e+00
5.941133984965039838e-10	1.760789984147307141e+00	9.920353171407464643e+00	2.620901265850121287e-01	2.994119432668527689e-02	0.000000000000000000e+00
6.222570836730231313e-10	1.766902365156023835e+00	9.876523250359635853e+00	2.641670805917993303e-01	2.902924988641454943e-02	0.000000000000000000e+00
6.517339604882420571e-10	1.772521982926740014e+00	9.832253692910351006e+00	2.662004524728197041e-01	2.814635962185333892e-02	0.000000000000000000e+00
6.826071834272379248e-10	1.777651025741573854e+00	9.787571078910618283e+00	2.681895266842700964e-01	2.729208904405364122e-02	0.000000000000000000e+00
7.149428986597561750e-10	1.782292342463570378e+00	9.742502036288419376e+00	2.701336401910497953e-01	2.646595783618353737e-02	0.000000000000000000e+00
7.488103857590030225e-10	1.786449452166110730e+00	9.697073323707360970e+00	2.720321837261888698e-01	2.566746119272817622e-02	0.000000000000000000e+00
7.842822061337681836e-10	1.790126542408343457e+00	9.651311867080931250e+00	2.738846026333310313e-01	2.489607081295995214e-02	0.000000000000000000e+00
8.214343584919422200e-10	1.793328476050165321e+00	9.605244493841588849e+00	2.756904077521500351e-01	2.415122388997424652e-02	0.000000000000000000e+00
8.603464416684491388e-10	1.796060750602481049e+00	9.558897675655563475e+00	2.774491794068695838e-01	2.343234048699991204e-02	0.000000000000000000e+00
9.011018251665036851e-10	1.798329396415098147e+00	9.512298027509185516e+00	2.791605401478960413e-01	2.273882216523360686e-02	0.000000000000000000e+00
9.437878277775391497e-10	1.800140945750110522e+00	9.465472325083913674e+00	2.808241515334751748e-01	2.207004684231624742e-02	0.000000000000000000e+00
9.884959046625586031e-10	1.801502416770147219e+00	9.418447504556741734e+00	2.824397137104430744e-01	2.142547066120443350e-02	0.000000000000000000e+00
1.035321843295661502e-09	1.802421315384793887e+00	9.371250508584699546e+00	2.840069725026564962e-01	2.080439945910214639e-02	0.000000000000000000e+00
1.084365968689608688e-09	1.802905583865826111e+00	9.323908362634485414e+00	2.855257114228487714e-01	2.020624909370111882e-02	0.000000000000000000e+00
1.135733358343102889e-09	1.802963605682128323e+00	9.276447506049366964e+00	2.869957753994272776e-01	1.963040137078993219e-02	0.000000000000000000e+00
1.189534067370320724e-09	1.802604128651780657e+00	9.228894315169563711e+00	2.884170455591358873e-01	1.907622696357187675e-02	0.000000000000000000e+00
1.245883364295008068e-09	1.801836241607494671e+00	9.181275211702160988e+00	2.897894344255825261e-01	1.854310950665928256e-02	0.000000000000000000e+00
1.304901978014401580e-09	1.800669354996746518e+00	9.133616649975559554e+00	2.911128853758774837e-01	1.803043811352369671e-02	0.000000000000000000e+00
1.366716356462010101e-09	1.799113191258602917e+00	9.085945018485872993e+00	2.923873764491325411e-01	1.753761374055990557e-02	0.000000000000000000e+00
1.431458937523481393e-09	1.797177760073321862e+00	9.038286626255251477e+00	2.936129191360736801e-01	1.706405585078115197e-02	0.000000000000000000e+00
1.499268432786047049e-09	1.794873313272284499e+00	8.990667121264602102e+00	2.947895724173427157e-01	1.660911782766701095e-02	0.000000000000000000e+00
1.570290124729377524e-09	1.792210306182080215e+00	8.943111928910850494e+00	2.959174249917341792e-01	1.617227637375465502e-02	0.000000000000000000e+00
1.644676177994662829e-09	1.789199386342873455e+00	8.895646349297603450e+00	2.969965924884497843e-01	1.575294115650977683e-02	0.000000000000000000e+00
1.722585965398783835e-09	1.785851373310102908e+00	8.848295659335750685e+00	2.980272128442386093e-01	1.535055614366992970e-02	0.000000000000000000e+00
1.804186409392068039e-09	1.782177245053695680e+00	8.801085038626837331e+00	2.990094485352195464e-01	1.496458749891502182e-02	0.000000000000000000e+00
1.889652339691211477e-09	1.778188121719104897e+00	8.754039417802198741e+00	2.999434911251185332e-01	1.459449319039044825e-02	0.000000000000000000e+00
1.979166867853557524e-09	1.773895198457049904e+00	8.707183043349079554e+00	3.008295671868122523e-01	1.423975856148125899e-02	0.000000000000000000e+00
2.072921779595369695e-09	1.769309731754706405e+00	8.660539793204337755e+00	3.016679275980199693e-01	1.389987321533202314e-02	0.000000000000000000e+00
2.171117945694509622e-09	1.764443052817172841e+00	8.614133369357821479e+00	3.024588451902965325e-01	1.357434740394010408e-02	0.000000000000000000e+00
2.273965752357932151e-09	1.759306540948823327e+00	8.567987352541798884e+00	3.032026101541194785e-01	1.326270612788253526e-02	0.000000000000000000e+00
2.381685551976160644e-09	1.753911621447455271e+00	8.522125149157645296e+00	3.038995333193584836e-01	1.296448251673965046e-02	0.000000000000000000e+00
2.494508135230316413e-09	1.748269747493576443e+00	8.476569831376451702e+00	3.045499505812948593e-01	1.267922840291647001e-02	0.000000000000000000e+00
2.612675225563326382e-09	1.742392312577870861e+00	8.431343853476757744e+00	3.051542198092586089e-01	1.240646335674473397e-02	0.000000000000000000e+00
2.736439997074666368e-09	1.736290676727982429e+00	8.386469193746883377e+00	3.057127222325498606e-01	1.214591815473291779e-02	0.000000000000000000e+00
2.866067616948244470e-09	1.729976166562727347e+00	8.341967777234319925e+00	3.062258487920208605e-01	1.189700406800529332e-02	0.000000000000000000e+00
3.001835813575592210e-09	1.723460070418840973e+00	8.297861243182962809e+00	3.066940091823573411e-01	1.165941667222737330e-02	0.000000000000000000e+00
3.144035471591500167e-09	1.716753625833526753e+00	8.254171085611003988e+00	3.071176259700020283e-01	1.143276526521891899e-02	0.000000000000000000e+00
3.292971255097148186e-09	1.709867994586372175e+00	8.210918406884641030e+00	3.074971406831834009e-01	1.121668699619156329e-02	0.000000000000000000e+00
3.448962260405766611e-09	1.702814194612370935e+00	8.168123595317613450e+00	3.078330151764101519e-01	1.101080320766179531e-02	0.000000000000000000e+00
3.612342699709437910e-09	1.695603135229898584e+00	8.125806675152682956e+00	3.081257263150085079e-01	1.081484810318908245e-02	0.000000000000000000e+00
3.783462617131932968e-09	1.688245642372407707e+00	8.083987459467220305e+00	3.083757660230938002e-01	1.062842691779565009e-02	0.000000000000000000e+00
3.962688638701478467e-09	1.680752442816748404e+00	8.042685493515930872e+00	3.085836417551293676e-01	1.045124560663782641e-02	0.000000000000000000e+00
4.150404757850472502e-09	1.673134158052439036e+00	8.001920024032068923e+00	3.087498777109120573e-01	1.028301155251275766e-02	0.000000000000000000e+00
4.347013158125017173e-09	1.665401269352979385e+00	7.961709834322967971e+00	3.088750158942262791e-01	1.012343251787784990e-02	0.000000000000000000e+00
4.552935074866938773e-09	1.657564062607740141e+00	7.922073022790121932e+00	3.089596155815614309e-01	9.972231199668765700e-03	0.000000000000000000e+00
4.768611697714474181e-09	1.649632697831936889e+00	7.883027313125928082e+00	3.090042552149012134e-01	9.829142984381131209e-03	0.000000000000000000e+00
4.994505115855140358e-09	1.641617198321473792e+00	7.844590269840455932e+00	3.090095228547449779e-01	9.693911619108791511e-03	0.000000000000000000e+00
5.231099308056257792e-09	1.633527466735370082e+00	7.806779008215438687e+00	3.089760313870705821e-01	9.566297283684617112e-03	0.000000000000000000e+00
5.478901179593956120e-09	1.625373250837076400e+00	7.769610434619653283e+00	3.089044034471289946e-01	9.446063123709396228e-03	0.000000000000000000e+00
5.738441648302404521e-09	1.617164117677442947e+00	7.733100754380757280e+00	3.087952867048955330e-01	9.332986604515289969e-03	0.000000000000000000e+00
6.010276782070388176e-09	1.608909439044535983e+00	7.697265714166142025e+00	3.086493421750125532e-01	9.226864824595925815e-03	0.000000000000000000e+00
6.294988990221888141e-09	1.600618448309244934e+00	7.662120741889999920e+00	3.084672500132190076e-01	9.127461278286919458e-03	0.000000000000000000e+00
6.593188271333541710e-09	1.592300218753805119e+00	7.627680920509619433e+00	3.082497069286013192e-01	9.034612524678605275e-03	0.000000000000000000e+00
6.905513520162316861e-09	1.583963677027500960e+00	7.593960962485463817e+00	3.079974302485683491e-01	8.948122073842840890e-03	0.000000000000000000e+00
7.232633896483518810e-09	1.575617569802455709e+00	7.560975118194705580e+00	3.077111555573145418e-01	8.867810581218937838e-03	0.000000000000000000e+00
7.575250258771920716e-09	1.567270427499852792e+00	7.528736986675172105e+00	3.073916375801946654e-01	8.793508457190553004e-03	0.000000000000000000e+00
7.934096665797492339e-09	1.558930601883686595e+00	7.497259689270243221e+00	3.070396506374917789e-01	8.725051563252468265e-03	0.000000000000000000e+00
8.309941949353386453e-09	1.550606286636766473e+00	7.466555933083648178e+00	3.066559902235717616e-01	8.662285397801103293e-03	0.000000000000000000e+00
8.703591361485183753e-09	1.542305514087777052e+00	7.436637973760475973e+00	3.062414739671641684e-01	8.605059204049783986e-03	0.000000000000000000e+00
9.115888299750837812e-09	1.534036146470636464e+00	7.407517543058371068e+00	3.057969428775614840e-01	8.553230325429461364e-03	0.000000000000000000e+00
9.547716114208065503e-09	1.525805848655517272e+00	7.379205777068492900e+00	3.053232587664175268e-01	8.506664326750377342e-03	0.000000000000000000e+00
1.000000000000000021e-08	1.517622099523062928e+00	7.351713271777227554e+00	3.048213039673620117e-01	8.465226646233199939e-03	0.000000000000000000e+00
