pc	M	R	C	k2	j3
9.999999999999999799e-13	9.871053534080048708e-02	6.176114040132035399e+01	2.360034956637219964e-03	1.974271665363002315e-04	0.000000000000000000e+00
1.047370897959448749e-12	9.970277653216619296e-02	5.721763895022613156e+01	2.573046026018207394e-03	2.112114218789680334e-04	0.000000000000000000e+00
1.096985797892381920e-12	1.007342280546490304e-01	5.328032166579939855e+01	2.791775294071215541e-03	2.292938051182778888e-04	0.000000000000000000e+00
1.148951000187311009e-12	1.018018311361436057e-01	4.984056270475512207e+01	3.016080216489449174e-03	2.521990093526067854e-04	0.000000000000000000e+00
1.203377840777590522e-12	1.029030702549954546e-01	4.681323089030204443e+01	3.245861256405779046e-03	2.805161921878274157e-04	0.000000000000000000e+00
1.260382929679727463e-12	1.040360500493931056e-01	4.413060368107553444e+01	3.481081743242952879e-03	3.148684158749234688e-04	0.000000000000000000e+00
1.320088400831416649e-12	1.051995004383163845e-01	4.173822962171701079e+01	3.721773065181509330e-03	3.559516241021409735e-04	0.000000000000000000e+00
1.382622173764653478e-12	1.063927824199493860e-01	3.959190862111246645e+01	3.968039287454158161e-03	4.044926960249015623e-04	0.000000000000000000e+00
1.448118227674535917e-12	1.076158964249593342e-01	3.765545438944374723e+01	4.220061402609710972e-03	4.612888966699012715e-04	0.000000000000000000e+00
1.516716888470924089e-12	1.088694945674275327e-01	3.589901317712565287e+01	4.478101481718569504e-03	5.271700083186508720e-04	0.000000000000000000e+00
1.588565129428052692e-12	1.101548989174513243e-01	3.429778077012579729e+01	4.742507553715636683e-03	6.030481614584962211e-04	0.000000000000000000e+00
1.663816886076127415e-12	1.114743048634145167e-01	3.283081430159987235e+01	5.013757829819003205e-03	6.899278072123555617e-04	0.000000000000000000e+00
1.742633386009647278e-12	1.128304902133753229e-01	3.148055782934816449e+01	5.292419862532398399e-03	7.889030353973413949e-04	0.000000000000000000e+00
1.825183494319046040e-12	1.142258986273746307e-01	3.023286516546722069e+01	5.578989078656901648e-03	9.011245579312752909e-04	0.000000000000000000e+00
1.911644075385703708e-12	1.156623856196894035e-01	2.907630641404870886e+01	5.873853949529230477e-03	1.027753889296505966e-03	0.000000000000000000e+00
2.002200371815584363e-12	1.171409015800153608e-01	2.800170575091332026e+01	6.177237648565190621e-03	1.169915746176878419e-03	0.000000000000000000e+00
2.097046401323230665e-12	1.186621595362856718e-01	2.700120463876609733e+01	6.489322271203798627e-03	1.328712155870913087e-03	0.000000000000000000e+00
2.196385372416542332e-12	1.202271205041023500e-01	2.606778346155805792e+01	6.810336577280415478e-03	1.505287842393301066e-03	0.000000000000000000e+00
2.300430119772921506e-12	1.218370598931473731e-01	2.519516364521883389e+01	7.140563108833822108e-03	1.700811794822857260e-03	0.000000000000000000e+00
2.409403560239526876e-12	1.234935496215963519e-01	2.437775484827681893e+01	7.480330794529989856e-03	1.916481990986312585e-03	0.000000000000000000e+00
2.523539170434765862e-12	1.251982164757660110e-01	2.361067123043303440e+01	7.829969012189321592e-03	2.153505276666333075e-03	0.000000000000000000e+00
2.643081486974102692e-12	1.269526083414729833e-01	2.288965365146015785e+01	8.189787663115189950e-03	2.413071983688920823e-03	0.000000000000000000e+00
2.768286630392061017e-12	1.287581531664686862e-01	2.221096877043768458e+01	8.560073078795268561e-03	2.696338120101735361e-03	0.000000000000000000e+00
2.899422853882880921e-12	1.306162848694352174e-01	2.157127373942037707e+01	8.941116875880851175e-03	3.004447365551029918e-03	0.000000000000000000e+00
3.036771118035460378e-12	1.325292801309549684e-01	2.096731371909477204e+01	9.333387148829964258e-03	3.338649719787061074e-03	0.000000000000000000e+00
3.180625692794118977e-12	1.344999454121639793e-01	2.039607935204706735e+01	9.737459181498301156e-03	3.700286323252057613e-03	0.000000000000000000e+00
3.331294787934670055e-12	1.365313808275848972e-01	1.985487394321148358e+01	1.015396316163087558e-02	4.090763786807371724e-03	0.000000000000000000e+00
3.489101213406766494e-12	1.386270144448800423e-01	1.934127721396412269e+01	1.058358873886692739e-02	4.511543637168786286e-03	0.000000000000000000e+00
3.654383070957261569e-12	1.407904274707142689e-01	1.885315936428879979e+01	1.102704695760008125e-02	4.964121130393286604e-03	0.000000000000000000e+00
3.827494478516314936e-12	1.430230915865563224e-01	1.838908951373685241e+01	1.148460782892590445e-02	5.449507918788694567e-03	0.000000000000000000e+00
4.008806328898464320e-12	1.453246365359505132e-01	1.794806141483286765e+01	1.195616592726622164e-02	5.968212360194362701e-03	0.000000000000000000e+00
4.198707084443905621e-12	1.476940115877776460e-01	1.752914647370189982e+01	1.244148876598690640e-02	6.520435127716391055e-03	0.000000000000000000e+00
4.397603609302712498e-12	1.501294222051200722e-01	1.713147283598625137e+01	1.294021065232700204e-02	7.106044783976275120e-03	0.000000000000000000e+00
4.605922041145112927e-12	1.526282654899192570e-01	1.675421154333294638e+01	1.345182501236957297e-02	7.724514680999476461e-03	0.000000000000000000e+00
4.824108704165373984e-12	1.551870836231135087e-01	1.639656533075321931e+01	1.397567919022597339e-02	8.374898096289985078e-03	0.000000000000000000e+00
5.052631065335679604e-12	1.578015342657458631e-01	1.605775983206052615e+01	1.451097180813948166e-02	9.055833795261595404e-03	0.000000000000000000e+00
5.291978735958436557e-12	1.604713671940014574e-01	1.573646130719148495e+01	1.505777174492480865e-02	9.766841710945033811e-03	0.000000000000000000e+00
5.542664520663095602e-12	1.632152236038611481e-01	1.542941772955234470e+01	1.562001196679101492e-02	1.051249182277631464e-02	0.000000000000000000e+00
5.805225516094907684e-12	1.660609155424135619e-01	1.513320615608255970e+01	1.620342094600822277e-02	1.130015737265004788e-02	0.000000000000000000e+00
6.080224261649427052e-12	1.690432684421131482e-01	1.484468649620772673e+01	1.681500829991559864e-02	1.213948760744755842e-02	0.000000000000000000e+00
6.368249944718585906e-12	1.722025588624363224e-01	1.456128328032075991e+01	1.746265141328130419e-02	1.304203905580809779e-02	0.000000000000000000e+00
6.669919663030115058e-12	1.755682533717986549e-01	1.428233504946407884e+01	1.815168752294234536e-02	1.401651224432447392e-02	0.000000000000000000e+00
6.985879746785234820e-12	1.791674181668952148e-01	1.400793653873181732e+01	1.888665751168200693e-02	1.507096525177354512e-02	0.000000000000000000e+00
7.316807143427207274e-12	1.830298745309349717e-01	1.373837298272020213e+01	1.967238042365437867e-02	1.621419631458342892e-02	0.000000000000000000e+00
7.663410868007462274e-12	1.871877266477880164e-01	1.347411406631985109e+01	2.051385990908274545e-02	1.745565820063228746e-02	0.000000000000000000e+00
8.026433522257174683e-12	1.916748333361315837e-01	1.321579732008969366e+01	2.141617760091150957e-02	1.880513129521117766e-02	0.000000000000000000e+00
8.406652885618316356e-12	1.965262057973441168e-01	1.296420110061521669e+01	2.238437358776814920e-02	2.027251705752660185e-02	0.000000000000000000e+00
8.804883581643446547e-12	2.017773222484037787e-01	1.272020871628810390e+01	2.342331462482951168e-02	2.186743626866674214e-02	0.000000000000000000e+00
9.221978823334340144e-12	2.074633565197547824e-01	1.248476593115563915e+01	2.453755186516669295e-02	2.359883367898820555e-02	0.000000000000000000e+00
9.658832241158709141e-12	2.136183226529115020e-01	1.225883460684243609e+01	2.573117094086984150e-02	2.547454010778471556e-02	0.000000000000000000e+00
1.011637979766206976e-11	2.202741405725565649e-01	1.204334555907642823e+01	2.700763793194282600e-02	2.750076230666148591e-02	0.000000000000000000e+00
1.059560179277614774e-11	2.274596344470942166e-01	1.183915367688383213e+01	2.836964582513335290e-02	2.968148884062775036e-02	0.000000000000000000e+00
1.109752496412069864e-11	2.351994754373887830e-01	1.164699806584262909e+01	2.981896604573268383e-02	3.201808335152894758e-02	0.000000000000000000e+00
1.162322468679854125e-11	2.435130882353357673e-01	1.146746940065669662e+01	3.135631029874358378e-02	3.450867956276616744e-02	0.000000000000000000e+00
1.217382727739662020e-11	2.524135416304258972e-01	1.130098591488862603e+01	3.298120749963485282e-02	3.714784802093715893e-02	0.000000000000000000e+00
1.275051240713012859e-11	2.619064495036070861e-01	1.114777861221118904e+01	3.469190056007285389e-02	3.992617622200370087e-02	0.000000000000000000e+00
1.335451562929897339e-11	2.719889108014396650e-01	1.100788557651140742e+01	3.648526679551858387e-02	4.283018795224923653e-02	0.000000000000000000e+00
1.398713102647241439e-11	2.826485247789145006e-01	1.088115452915236503e+01	3.835676574019859092e-02	4.584222673376914942e-02	0.000000000000000000e+00
1.464971398307287854e-11	2.938625186920392762e-01	1.076725244007389115e+01	4.030041666833805020e-02	4.894069791894931770e-02	0.000000000000000000e+00
1.534368408930013065e-11	3.055970320156914388e-01	1.066568070780635580e+01	4.230880789774359163e-02	5.210036642772798710e-02	0.000000000000000000e+00
1.607052818261638620e-11	3.178066033708097926e-01	1.057579438447043785e+01	4.437313909074485502e-02	5.529291683477598890e-02	0.000000000000000000e+00
1.683180353330955093e-11	3.304339009626198753e-01	1.049682415101150035e+01	4.648329554535678837e-02	5.848759471008783961e-02	0.000000000000000000e+00
1.762914118095944293e-11	3.434097508373005203e-01	1.042789963377809137e+01	4.862795598593265545e-02	6.165206163345999385e-02	0.000000000000000000e+00
1.846424942895546448e-11	3.566534915996384947e-01	1.036807329224125418e+01	5.079473004184897889e-02	6.475323668452753756e-02	0.000000000000000000e+00
1.933891750455232057e-11	3.700736933524041983e-01	1.031634400212273839e+01	5.297032457024476032e-02	6.775823924179734392e-02	0.000000000000000000e+00
2.025501939230666486e-11	3.835692569846552158e-01	1.027167985496956604e+01	5.514073507400805985e-02	7.063527848684940380e-02	0.000000000000000000e+00
2.121451784910627571e-11	3.970308989912473274e-01	1.023303979234112759e+01	5.729145859877157049e-02	7.335451931582342988e-02	0.000000000000000000e+00
2.221946860939528424e-11	4.103430086898722240e-01	1.019939383453263915e+01	5.940772365825758294e-02	7.588882492543050362e-02	0.000000000000000000e+00
2.327202478960412005e-11	4.233871047269887611e-01	1.016973944755432768e+01	6.147492890447395220e-02	7.821464702389810397e-02	0.000000000000000000e+00
2.437444150122221807e-11	4.360623600592609117e-01	1.014309976060519070e+01	6.348164016877855254e-02	8.031571110406088287e-02	0.000000000000000000e+00
2.552908068239516723e-11	4.483039900376721287e-01	1.011856728605566325e+01	6.542199978544327443e-02	8.218579396258034186e-02	0.000000000000000000e+00
2.673841615839943880e-11	4.600806779745413855e-01	1.009536046104058826e+01	6.729493830230443008e-02	8.382708491245005611e-02	0.000000000000000000e+00
2.800503894183625342e-11	4.713908833422817413e-01	1.007284209375414719e+01	6.910339560395753478e-02	8.524851165420642418e-02	0.000000000000000000e+00
2.933166278390048099e-11	4.822593265223925618e-01	1.005051817809109771e+01	7.085368087701379713e-02	8.646369958160292357e-02	0.000000000000000000e+00
3.072112998861759207e-11	4.927338043936652090e-01	1.002802737336455330e+01	7.255495593295606394e-02	8.749012805902323109e-02	0.000000000000000000e+00
3.217641750250735458e-11	5.028828121009148999e-01	1.000512618868828696e+01	7.421889032618088355e-02	8.834748222865949907e-02	0.000000000000000000e+00
3.370064329271925032e-11	5.127929755524750499e-01	9.981663499945282680e+00	7.585939548224573947e-02	8.905661141828147276e-02	0.000000000000000000e+00
3.529707302730657668e-11	5.225476008781632098e-01	9.957566351659011161e+00	7.748950456202725878e-02	8.963618495154115906e-02	0.000000000000000000e+00
3.696912707195032437e-11	5.322168440451048310e-01	9.932818030031938861e+00	7.912001686153559421e-02	9.010163663893087926e-02	0.000000000000000000e+00
3.872038781812557004e-11	5.418591298712781557e-01	9.907434664468384611e+00	8.075983319762616852e-02	9.046548498963634388e-02	0.000000000000000000e+00
4.055460735840827506e-11	5.515223968683788947e-01	9.881450545937646268e+00	8.241621909210618269e-02	9.073777250949181805e-02	0.000000000000000000e+00
4.247571552536894126e-11	5.612449458048163198e-01	9.854908123097324335e+00	8.409498517999541845e-02	9.092636236621953749e-02	0.000000000000000000e+00
4.448782831127576069e-11	5.710559418122512776e-01	9.827850651255390702e+00	8.580060331261669948e-02	9.103725012450589182e-02	0.000000000000000000e+00
4.659525668664686662e-11	5.809751897664109377e-01	9.800317650295557570e+00	8.753619585356320343e-02	9.107473172402973105e-02	0.000000000000000000e+00
4.880251583654433574e-11	5.910093043067566887e-01	9.772354788826163485e+00	8.930285167916121591e-02	9.104186280469371562e-02	0.000000000000000000e+00
5.111433483440165318e-11	6.011589428848737038e-01	9.744005452834834102e+00	9.110076602975167304e-02	9.094106982723057508e-02	0.000000000000000000e+00
5.353566677410718816e-11	6.114251537364232547e-01	9.715302954145839109e+00	9.293026778903681895e-02	9.077458719378836416e-02	0.000000000000000000e+00
5.607169938205469661e-11	6.218097447366186525e-01	9.686274096642854659e+00	9.479185116410747403e-02	9.054453937982645528e-02	0.000000000000000000e+00
5.872786613189488850e-11	6.323154187282590266e-01	9.656941638450780019e+00	9.668617963777091651e-02	9.025299001844243330e-02	0.000000000000000000e+00
6.150985788580503926e-11	6.429458581021810781e-01	9.627326042660156347e+00	9.861408692227788264e-02	8.990198532073157001e-02	0.000000000000000000e+00
6.442363508721370414e-11	6.537057846221236979e-01	9.597446792439269458e+00	1.005765767952629258e-01	8.949356519008259958e-02	0.000000000000000000e+00
6.747544053110686101e-11	6.646010024992261567e-01	9.567323423952453609e+00	1.025748218846759957e-01	8.902977746913359747e-02	0.000000000000000000e+00
7.067181273927477085e-11	6.756384340771097730e-01	9.536976348700289208e+00	1.046101623542787101e-01	8.851263512547331846e-02	0.000000000000000000e+00
7.401959996915652408e-11	6.868261499204594278e-01	9.506427526168909736e+00	1.066841043082494278e-01	8.794419259485168616e-02	0.000000000000000000e+00
7.752597488629464062e-11	6.981733956535093322e-01	9.475701021986626671e+00	1.087983180174055542e-01	8.732647560996974201e-02	0.000000000000000000e+00
8.119844993184008328e-11	7.096906173981226695e-01	9.444823477982476234e+00	1.109546360434107426e-01	8.666149186244938296e-02	0.000000000000000000e+00
8.504489341802668113e-11	7.213894846029672570e-01	9.413824515780547131e+00	1.131550508736248739e-01	8.595127348663825217e-02	0.000000000000000000e+00
8.907354638610458163e-11	7.332829124513527974e-01	9.382737085650024511e+00	1.154017122872888351e-01	8.519777532787597973e-02	0.000000000000000000e+00
9.329304026284695888e-11	7.453850525155537587e-01	9.351597850585733340e+00	1.176969183797770269e-01	8.440297926576524612e-02	0.000000000000000000e+00
9.771241535346501225e-11	7.577092958872305717e-01	9.320451565259697091e+00	1.200427391025427060e-01	8.356888890973596107e-02	0.000000000000000000e+00
1.023411402105452712e-10	7.702645507246256296e-01	9.289353684540628819e+00	1.224403740170240396e-01	8.269770646828512872e-02	0.000000000000000000e+00
1.071891319205126445e-10	7.830551407035150069e-01	9.258362079090524333e+00	1.248902165790149038e-01	8.179158916852183325e-02	0.000000000000000000e+00
1.122667773510811312e-10	7.960805433368406403e-01	9.227532401273970564e+00	1.273918562481032857e-01	8.085261497873576231e-02	0.000000000000000000e+00
1.175849554052158201e-10	8.093351592149903295e-01	9.196914894962571196e+00	1.299440728572318071e-01	7.988273899118765453e-02	0.000000000000000000e+00
1.231550603292826197e-10	8.228081736966955662e-01	9.166551893444733423e+00	1.325448417390182598e-01	7.888381027492151476e-02	0.000000000000000000e+00
1.289890261253308184e-10	8.364834953239944637e-01	9.136475861904148843e+00	1.351913485370216383e-01	7.785760635762475901e-02	0.000000000000000000e+00
1.350993521198024986e-10	8.503397686801221766e-01	9.106707910426177222e+00	1.378800138856478841e-01	7.680578333272682079e-02	0.000000000000000000e+00
1.414991297434578731e-10	8.643504562808094205e-01	9.077256747366680756e+00	1.406065269610280444e-01	7.572995709614298299e-02	0.000000000000000000e+00
1.482020705798860072e-10	8.784839895038406565e-01	9.048118040254003347e+00	1.433658877098043238e-01	7.463172350487827511e-02	0.000000000000000000e+00
1.552225357427047968e-10	8.927039833893132270e-01	9.019274164599531574e+00	1.461524564207489219e-01	7.351265662064561390e-02	0.000000000000000000e+00
1.625755666443793407e-10	9.069695153407183463e-01	8.990694305001909470e+00	1.489600103005447318e-01	7.237435627018214135e-02	0.000000000000000000e+00
1.702769172225897821e-10	9.212354602311516594e-01	8.962334884138627444e+00	1.517818052569573917e-01	7.121846173675247527e-02	0.000000000000000000e+00
1.783430876931905687e-10	9.354528779197673893e-01	8.934140280594164096e+00	1.546106418655392445e-01	7.004666895078641431e-02	0.000000000000000000e+00
1.867913599020784805e-10	9.495699247462634496e-01	8.906043355472837320e+00	1.574390211759772451e-01	6.886071622720149610e-02	0.000000000000000000e+00
1.956398343517064725e-10	9.635370833673750912e-01	8.877964593841381813e+00	1.602600449521940640e-01	6.766222803296211008e-02	0.000000000000000000e+00
2.049074689815846066e-10	9.773121911764607317e-01	8.849817555227584620e+00	1.630681836435148857e-01	6.645262821814293397e-02	0.000000000000000000e+00
2.146141197858401440e-10	9.908611647269595091e-01	8.821516652646067769e+00	1.658592831392042277e-01	6.523336588909060818e-02	0.000000000000000000e+00
2.247805833548729991e-10	1.004157979001007783e+00	8.792982246409440705e+00	1.686304823380951889e-01	6.400578919077891393e-02	0.000000000000000000e+00
2.354286414322420067e-10	1.017184442957221213e+00	8.764143968966912723e+00	1.713801194800102790e-01	6.277133690860274562e-02	0.000000000000000000e+00
2.465811075822603842e-10	1.029929854079344453e+00	8.734942865379244026e+00	1.741076338404148605e-01	6.153146748224662399e-02	0.000000000000000000e+00
2.582618760682674929e-10	1.042390580049310955e+00	8.705332692237000458e+00	1.768134669506134793e-01	6.028762619185947663e-02	0.000000000000000000e+00
2.704959730463131364e-10	1.054569594946107358e+00	8.675280620992500857e+00	1.794989650391988489e-01	5.904129068112685952e-02	0.000000000000000000e+00
2.833096101839318258e-10	1.066475992325207400e+00	8.644767519964698721e+00	1.821662842889526790e-01	5.779394747627261686e-02	0.000000000000000000e+00
2.967302408188872501e-10	1.078124498122109864e+00	8.613787919169677565e+00	1.848183015626040926e-01	5.654696571331448846e-02	0.000000000000000000e+00
3.107866187782014063e-10	1.089536955893428471e+00	8.582343193031404027e+00	1.874590118588004006e-01	5.530151889303176055e-02	0.000000000000000000e+00
3.255088599835056406e-10	1.100740356823349142e+00	8.550433587811120617e+00	1.900933771711739717e-01	5.405833101683887865e-02	0.000000000000000000e+00
3.409285069746807543e-10	1.111757342049722430e+00	8.518067937963119007e+00	1.927254825187271481e-01	5.281826183033565963e-02	0.000000000000000000e+00
3.570785964900469852e-10	1.122604845042028954e+00	8.485260094433925815e+00	1.953583543456401395e-01	5.158241442292905987e-02	0.000000000000000000e+00
3.739937302478801677e-10	1.133294102979702123e+00	8.452025039548390239e+00	1.979940270611580677e-01	5.035187231542408159e-02	0.000000000000000000e+00
3.917101490809260641e-10	1.143830422881597197e+00	8.418377295841676045e+00	2.006335198659180696e-01	4.912785993881119140e-02	0.000000000000000000e+00
4.102658105827190344e-10	1.154210384634228648e+00	8.384341353841078259e+00	2.032760724017519116e-01	4.791201001966932660e-02	0.000000000000000000e+00
4.297004704320835313e-10	1.164426695257824607e+00	8.349945320806737570e+00	2.059201077762476684e-01	4.670610532893641059e-02	0.000000000000000000e+00
4.500557675700488183e-10	1.174472511300663324e+00	8.315213407198806195e+00	2.085641653665799844e-01	4.551168945044054004e-02	0.000000000000000000e+00
4.713753134116729086e-10	1.184341796370277144e+00	8.280167526083138441e+00	2.112069317776981703e-01	4.433012787609729582e-02	0.000000000000000000e+00
4.937047852839003559e-10	1.194029472199508612e+00	8.244828423180109667e+00	2.138472448678929161e-01	4.316263312427483928e-02	0.000000000000000000e+00
5.170920242896755486e-10	1.203531632830955767e+00	8.209215393173694864e+00	2.164841444785618463e-01	4.201026566168784143e-02	0.000000000000000000e+00
5.415871378079465267e-10	1.212844509532001069e+00	8.173347002935487993e+00	2.191166724866530913e-01	4.087396533159170370e-02	0.000000000000000000e+00
5.672426068491988835e-10	1.221963139337413518e+00	8.137242443751743437e+00	2.217435953433877505e-01	3.975465577402984008e-02	0.000000000000000000e+00
5.941133984965039838e-10	1.230881230469571097e+00	8.100920584982780781e+00	2.243633983887306504e-01	3.865323282643830238e-02	0.000000000000000000e+00
6.222570836730231313e-10	1.239591188545182687e+00	8.064399262986086114e+00	2.269743046209778126e-01	3.757053538546107491e-02	0.000000000000000000e+00
6.517339604882420571e-10	1.248083693880223999e+00	8.027697004528560498e+00	2.295741431290178325e-01	3.650737274731619131e-02	0.000000000000000000e+00
6.826071834272379248e-10	1.256347551842392996e+00	7.990834427258521444e+00	2.321602703412936342e-01	3.546466683181504626e-02	0.000000000000000000e+00
7.149428986597561750e-10	1.264370742264687708e+00	7.953830635733498688e+00	2.347298566488350557e-01	3.444321858219769744e-02	0.000000000000000000e+00
7.488103857590030225e-10	1.272140667615751397e+00	7.916702775851178764e+00	2.372799440145071104e-01	3.344375416136575324e-02	0.000000000000000000e+00
7.842822061337681836e-10	1.279644322904202713e+00	7.879465960387232570e+00	2.398074801495389541e-01	3.246690674249774755e-02	0.000000000000000000e+00
8.214343584919422200e-10	1.286868888670531730e+00	7.842132119028593529e+00	2.423094667255156764e-01	3.151319279070148582e-02	0.000000000000000000e+00
8.603464416684491388e-10	1.293802711456152998e+00	7.804709646138487500e+00	2.447831623300268655e-01	3.058296569127552308e-02	0.000000000000000000e+00
9.011018251665036851e-10	1.300435681672951871e+00	7.767205004963900983e+00	2.472261150666055229e-01	2.967645142824808929e-02	0.000000000000000000e+00
9.437878277775391497e-10	1.306759353705967852e+00	7.729623826501256900e+00	2.496361600795503899e-01	2.879376394283469573e-02	0.000000000000000000e+00
9.884959046625586031e-10	1.312766844304170677e+00	7.691971804914884636e+00	2.520113790383405883e-01	2.793493575522160849e-02	0.000000000000000000e+00
1.035321843295661502e-09	1.318451965049980190e+00	7.654256196860936612e+00	2.543498889741145907e-01	2.709996762511977797e-02	0.000000000000000000e+00
1.084365968689608688e-09	1.323808588049232515e+00	7.616485811933011441e+00	2.566497182406086153e-01	2.628885242204147613e-02	0.000000000000000000e+00
1.135733358343102889e-09	1.328830560047014497e+00	7.578670177721528844e+00	2.589088139887509854e-01	2.550156577159536433e-02	0.000000000000000000e+00
1.189534067370320724e-09	1.333512016787302690e+00	7.540817964293610842e+00	2.611251555197625640e-01	2.473802748152232819e-02	0.000000000000000000e+00
1.245883364295008068e-09	1.337848301100616366e+00	7.502935610412917455e+00	2.632969856520044893e-01	2.399805910004559548e-02	0.000000000000000000e+00
1.304901978014401580e-09	1.341836417378116542e+00	7.465028529006267455e+00	2.654228680449149391e-01	2.328139163680645329e-02	0.000000000000000000e+00
1.366716356462010101e-09	1.345475198496741243e+00	7.427101318221255966e+00	2.675017227413427623e-01	2.258767587464135737e-02	0.000000000000000000e+00
1.431458937523481393e-09	1.348765561577816907e+00	7.389155424743237610e+00	2.695329730805501312e-01	2.191644259917475968e-02	0.000000000000000000e+00
1.499268432786047049e-09	1.351710217688810722e+00	7.351191968672289079e+00	2.715164005649722823e-01	2.126715650163104113e-02	0.000000000000000000e+00
1.570290124729377524e-09	1.354313507571547337e+00	7.313213043709714256e+00	2.734520728886838392e-01	2.063925371077248924e-02	0.000000000000000000e+00
1.644676177994662829e-09	1.356581366217176843e+00	7.275220208271246491e+00	2.753404001315910010e-01	2.003212183252236697e-02	0.000000000000000000e+00
1.722585965398783835e-09	1.358521014462923171e+00	7.237215259752325380e+00	2.771820519912892022e-01	1.944511470974984862e-02	0.000000000000000000e+00
1.804186409392068039e-09	1.360140678567094419e+00	7.199201626649598396e+00	2.789778529848989663e-01	1.887759404424061913e-02	0.000000000000000000e+00
1.889652339691211477e-09	1.361449392774080946e+00	7.161184543676752057e+00	2.807287371164687295e-01	1.832892918200538374e-02	0.000000000000000000e+00
1.979166867853557524e-09	1.362456553960908590e+00	7.123171681043086068e+00	2.824356315891980440e-01	1.779852366633444608e-02	0.000000000000000000e+00
2.072921779595369695e-09	1.363171566748143215e+00	7.085172838608870372e+00	2.840993923939008070e-01	1.728581563148295572e-02	0.000000000000000000e+00
2.171117945694509622e-09	1.363603667801630559e+00	7.047200267691261288e+00	2.857207505412419080e-01	1.679028303118691723e-02	0.000000000000000000e+00
2.273965752357932151e-09	1.363761707439588466e+00	7.009269366627528086e+00	2.873002319724236586e-01	1.631146531670678648e-02	0.000000000000000000e+00
2.381685551976160644e-09	1.363653978455353633e+00	6.971396973092192972e+00	2.888381837160232113e-01	1.584893443279626613e-02	0.000000000000000000e+00
2.494508135230316413e-09	1.363288143915332373e+00	6.933602589372720892e+00	2.903347016609628128e-01	1.540230696503954409e-02	0.000000000000000000e+00
2.612675225563326382e-09	1.362671086197297043e+00	6.895910587584269891e+00	2.917894962201516562e-01	1.497128400115015426e-02	0.000000000000000000e+00
2.736439997074666368e-09	1.361808686889895759e+00	6.858346722503037896e+00	2.932019796115355459e-01	1.455561654576401423e-02	0.000000000000000000e+00
2.866067616948244470e-09	1.360705780674450027e+00	6.820936854642257963e+00	2.945713029984430298e-01	1.415505062192601478e-02	0.000000000000000000e+00
3.001835813575592210e-09	1.359366201463453327e+00	6.783706323657963999e+00	2.958963883367224379e-01	1.376936954525682585e-02	0.000000000000000000e+00
3.144035471591500167e-09	1.358182324127991558e+00	6.755481463201834735e+00	2.968738895500815933e-01	1.348558802476228051e-02	0.000000000000000000e+00
3.292971255097148186e-09	1.357121077945699028e+00	6.733948942409733185e+00	2.975904647025728877e-01	1.327543959692674067e-02	0.000000000000000000e+00
3.448962260405766611e-09	1.355902438787851993e+00	6.712923630464037394e+00	2.982544763130910992e-01	1.307665850570134507e-02	0.000000000000000000e+00
3.612342699709437910e-09	1.354509870433257657e+00	6.692332485200171099e+00	2.988648912804111601e-01	1.288860719646810205e-02	0.000000000000000000e+00
3.783462617131932968e-09	1.352935047549915781e+00	6.672118892620855668e+00	2.994217923596015907e-01	1.271066801748665757e-02	0.000000000000000000e+00
3.962688638701478467e-09	1.351174373432541875e+00	6.652237598736383539e+00	2.999258388661895092e-01	1.254225628911974019e-02	0.000000000000000000e+00
4.150404757850472502e-09	1.349227329368316575e+00	6.632651976953376938e+00	3.003780229989483352e-01	1.238281046634034065e-02	0.000000000000000000e+00
4.347013158125017173e-09	1.347095520589497442e+00	6.613332243487185735e+00	3.007795363324315407e-01	1.223186002831197321e-02	0.000000000000000000e+00
4.552935074866938773e-09	1.344782063259104099e+00	6.594254184051126622e+00	3.011316884839769781e-01	1.208891517002956204e-02	0.000000000000000000e+00
4.768611697714474181e-09	1.342291167425550436e+00	6.575398188545023892e+00	3.014358553943717878e-01	1.195355561193134873e-02	0.000000000000000000e+00
4.994505115855140358e-09	1.339627838980623986e+00	6.556748498072189513e+00	3.016934446358205957e-01	1.182539066490460866e-02	0.000000000000000000e+00
5.231099308056257792e-09	1.336797660909736507e+00	6.538292597640346315e+00	3.019058720068332202e-01	1.170405775562753312e-02	0.000000000000000000e+00
5.478901179593956120e-09	1.333806629553342837e+00	6.520020722895056409e+00	3.020745454612006609e-01	1.158922185782997744e-02	0.000000000000000000e+00
5.738441648302404521e-09	1.330661029683729124e+00	6.501925449999514051e+00	3.022008541586180819e-01	1.148057686987236439e-02	0.000000000000000000e+00
6.010276782070388176e-09	1.327367338065944091e+00	6.484001353722007366e+00	3.022861609911662306e-01	1.137783563873360874e-02	0.000000000000000000e+00
6.294988990221888141e-09	1.323932148729758840e+00	6.466244718758603405e+00	3.023317977345254537e-01	1.128073586695294353e-02	0.000000000000000000e+00
6.593188271333541710e-09	1.320362113923102099e+00	6.448653294712574535e+00	3.023390618854743805e-01	1.118903296861858271e-02	0.000000000000000000e+00
6.905513520162316861e-09	1.316663898346800865e+00	6.431226086573744283e+00	3.023092150040426196e-01	1.110249903519896532e-02	0.000000000000000000e+00
7.232633896483518810e-09	1.312844142715259066e+00	6.413963175615097434e+00	3.022434818805682655e-01	1.102092331080590029e-02	0.000000000000000000e+00
7.575250258771920716e-09	1.308909435488053274e+00	6.396865564908534196e+00	3.021430505204477091e-01	1.094409987719330984e-02	0.000000000000000000e+00
7.934096665797492339e-09	1.304866289594865725e+00	6.379935045960609230e+00	3.020090723678774958e-01	1.087187249010285357e-02	0.000000000000000000e+00
8.309941949353386453e-09	1.300721126564102548e+00	6.363174081910658586e+00	3.018426635290676341e-01	1.080404283470177973e-02	0.000000000000000000e+00
8.703591361485183753e-09	1.296480261286142133e+00	6.346585707436783963e+00	3.016449054155681542e-01	1.074045910733550935e-02	0.000000000000000000e+00
9.115888299750837812e-09	1.292149892979087777e+00	6.330173441307387350e+00	3.014168462768356815e-01	1.068097289771392615e-02	0.000000000000000000e+00
9.547716114208065503e-09	1.287736095877843656e+00	6.313941208386001591e+00	3.011595022650955800e-01	1.062544089263517053e-02	0.000000000000000000e+00
1.000000000000000021e-08	1.283244815955904228e+00	6.297893274166168176e+00	3.008738593476662504e-01	1.057373342532984956e-02	0.000000000000000000e+00
