pc	M	R	C	k2	j3
9.999999999999999799e-13	1.150635305269459702e-01	3.494422340562893226e+01	4.862196846029159976e-03	6.833389675988995726e-04	0.000000000000000000e+00
1.047370897959448749e-12	1.184992282815102577e-01	3.233922781137616909e+01	5.410733096602734528e-03	9.021821091787229907e-04	0.000000000000000000e+00
1.096985797892381920e-12	1.222118886662537929e-01	3.010312375241855065e+01	5.994764499869770225e-03	1.189217247675401897e-03	0.000000000000000000e+00
1.148951000187311009e-12	1.262174002963967201e-01	2.817065358582290102e+01	6.615955000660584187e-03	1.558710107840334579e-03	0.000000000000000000e+00
1.203377840777590522e-12	1.305328491010361303e-01	2.649096227134110748e+01	7.275993765151491342e-03	2.026194979111240694e-03	0.000000000000000000e+00
1.260382929679727463e-12	1.351764491199982376e-01	2.502385665128011638e+01	7.976585514530147233e-03	2.608272647113999993e-03	0.000000000000000000e+00
1.320088400831416649e-12	1.401674802129268538e-01	2.373716835707143247e+01	8.719439950161080727e-03	3.322354909273643377e-03	0.000000000000000000e+00
1.382622173764653478e-12	1.455262244685783801e-01	2.260485922662826397e+01	9.506260047342658323e-03	4.186285786717812082e-03	0.000000000000000000e+00
1.448118227674535917e-12	1.512738943042984674e-01	2.160563677953410178e+01	1.033872899675868443e-02	5.218074267528372348e-03	0.000000000000000000e+00
1.516716888470924089e-12	1.574325461721845787e-01	2.072192670362193923e+01	1.121849558120286382e-02	6.435449335773044989e-03	0.000000000000000000e+00
1.588565129428052692e-12	1.640249743531689008e-01	1.993909939818979637e+01	1.214715785248218771e-02	7.855484237053336413e-03	0.000000000000000000e+00
1.663816886076127415e-12	1.710745787776015714e-01	1.924488023881834309e+01	1.312624486395666881e-02	9.494201777264843489e-03	0.000000000000000000e+00
1.742633386009647278e-12	1.786052015961673012e-01	1.862889445949696565e+01	1.415719635684982436e-02	1.136616907256042530e-02	0.000000000000000000e+00
1.825183494319046040e-12	1.866409265844438947e-01	1.808231202519614911e+01	1.524134022764080457e-02	1.348412308074411342e-02	0.000000000000000000e+00
1.911644075385703708e-12	1.952058357903873331e-01	1.759756761827247118e+01	1.637986769042023422e-02	1.585861935501023737e-02	0.000000000000000000e+00
2.002200371815584363e-12	2.043237174526415789e-01	1.716813770156420560e+01	1.757380602803786107e-02	1.849769001014777564e-02	0.000000000000000000e+00
2.097046401323230665e-12	2.140177193797346000e-01	1.678836138657147359e+01	1.882398887800700374e-02	2.140660308251401966e-02	0.000000000000000000e+00
2.196385372416542332e-12	2.243099430306068065e-01	1.645329523675682992e+01	2.013102412830291774e-02	2.458755403357395022e-02	0.000000000000000000e+00
2.300430119772921506e-12	2.352209720317348929e-01	1.615859462925272538e+01	2.149525934893044277e-02	2.803949213790352113e-02	0.000000000000000000e+00
2.409403560239526876e-12	2.467693319727553292e-01	1.590041604979339951e+01	2.291674499811523907e-02	3.175800909244379244e-02	0.000000000000000000e+00
2.523539170434765862e-12	2.589708777119262839e-01	1.567533605186487833e+01	2.439519554401482770e-02	3.573511901172415212e-02	0.000000000000000000e+00
2.643081486974102692e-12	2.718381062277524518e-01	1.548028359109983931e+01	2.592994875956014869e-02	3.995924965953254887e-02	0.000000000000000000e+00
2.768286630392061017e-12	2.853793955638530555e-01	1.531248318368533390e+01	2.751992361023943012e-02	4.441515870481259343e-02	0.000000000000000000e+00
2.899422853882880921e-12	2.995980306419233630e-01	1.516940831343767826e+01	2.916356071722663035e-02	4.908388750863304506e-02	0.000000000000000000e+00
3.036771118035460378e-12	3.144918829768794111e-01	1.504873912368338473e+01	3.085883755411486171e-02	5.394300780716341365e-02	0.000000000000000000e+00
3.180625692794118977e-12	3.300568856820291219e-01	1.494831625357534577e+01	3.260368999556616243e-02	5.896813681935367951e-02	0.000000000000000000e+00
3.331294787934670055e-12	3.462880516819488164e-01	1.486613887551099822e+01	3.439612799668385901e-02	6.413379279120390297e-02	0.000000000000000000e+00
3.489101213406766494e-12	3.631793947001188405e-01	1.480036598007617599e+01	3.623422533752818780e-02	6.941365789271300435e-02	0.000000000000000000e+00
3.654383070957261569e-12	3.807238841328165480e-01	1.474931123232664909e+01	3.811611402935688453e-02	7.478093488088366492e-02	0.000000000000000000e+00
3.827494478516314936e-12	3.989134198719099245e-01	1.471143442235083931e+01	4.003998088851012938e-02	8.020864159300533647e-02	0.000000000000000000e+00
4.008806328898464320e-12	4.177388218420283739e-01	1.468533125424096575e+01	4.200406533393336028e-02	8.566984147921875847e-02	0.000000000000000000e+00
4.198707084443905621e-12	4.371898323477987347e-01	1.466972253909603552e+01	4.400665802066609095e-02	9.113787491731598078e-02	0.000000000000000000e+00
4.397603609302712498e-12	4.572551292275759960e-01	1.466344343455040011e+01	4.604610003693601628e-02	9.658657401542425358e-02	0.000000000000000000e+00
4.605922041145112927e-12	4.779223513887542185e-01	1.466543313323835207e+01	4.812078273137519041e-02	1.019903998166782344e-01	0.000000000000000000e+00
4.824108704165373984e-12	4.991781335882083392e-01	1.467472519968173117e+01	5.022914788057038921e-02	1.073246103182642075e-01	0.000000000000000000e+00
5.052631065335679604e-12	5.210081523064807874e-01	1.469043867671546799e+01	5.236968832736654811e-02	1.125653788973244723e-01	0.000000000000000000e+00
5.291978735958436557e-12	5.433971805176432968e-01	1.471176998404432013e+01	5.454094890820181812e-02	1.176899098597089660e-01	0.000000000000000000e+00
5.542664520663095602e-12	5.663291512981512010e-01	1.473798560399298552e+01	5.674152766062598441e-02	1.226765426961912570e-01	0.000000000000000000e+00
5.805225516094907684e-12	5.897872296342439036e-01	1.476841551590299062e+01	5.897007727311997377e-02	1.275048341338085589e-01	0.000000000000000000e+00
6.080224261649427052e-12	6.137538911186726232e-01	1.480244732588271539e+01	6.122530668126582865e-02	1.321556564715773152e-01	0.000000000000000000e+00
6.368249944718585906e-12	6.382110070766434662e-01	1.483952103439040471e+01	6.350598279618832609e-02	1.366112383940618902e-01	0.000000000000000000e+00
6.669919663030115058e-12	6.631399349167553803e-01	1.487912437946592270e+01	6.581093229301154812e-02	1.408552390485696137e-01	0.000000000000000000e+00
6.985879746785234820e-12	6.885216127506502692e-01	1.492078869500413063e+01	6.813904341710642909e-02	1.448728279445746225e-01	0.000000000000000000e+00
7.316807143427207274e-12	7.143366573977254497e-01	1.496408523038824256e+01	7.048926776034818154e-02	1.486506607956012138e-01	0.000000000000000000e+00
7.663410868007462274e-12	7.405654645629440314e-01	1.500862187348226762e+01	7.286062196799818202e-02	1.521769798676504415e-01	0.000000000000000000e+00
8.026433522257174683e-12	7.671883103776920843e-01	1.505404023392484980e+01	7.525218933369591523e-02	1.554416199736533277e-01	0.000000000000000000e+00
8.406652885618316356e-12	7.941854531637806414e-01	1.510001304062501326e+01	7.766312124298049846e-02	1.584360162052991516e-01	0.000000000000000000e+00
8.804883581643446547e-12	8.215372345503254570e-01	1.514624181555424087e+01	8.009263843710061337e-02	1.611532172295661869e-01	0.000000000000000000e+00
9.221978823334340144e-12	8.492241789264332041e-01	1.519245478884089451e+01	8.254003206082471955e-02	1.635878970621193751e-01	0.000000000000000000e+00
9.658832241158709141e-12	8.772270904819764459e-01	1.523840502520519280e+01	8.500466447808753545e-02	1.657363109382892497e-01	0.000000000000000000e+00
1.011637979766206976e-11	9.055271468469271445e-01	1.528386873464578599e+01	8.748596981766798564e-02	1.675962890678491524e-01	0.000000000000000000e+00
1.059560179277614774e-11	9.341059886280485003e-01	1.532864374673270902e+01	8.998345421853418125e-02	1.691672026262908968e-01	0.000000000000000000e+00
1.109752496412069864e-11	9.629458042242331484e-01	1.537254812013233618e+01	9.249669580996680573e-02	1.704499108503272908e-01	0.000000000000000000e+00
1.162322468679854125e-11	9.920294090715134905e-01	1.541541888155992091e+01	9.502534432182808966e-02	1.714467053596573642e-01	0.000000000000000000e+00
1.217382727739662020e-11	1.021340318955862969e+00	1.545711086666823242e+01	9.756912040046218648e-02	1.721612596841985421e-01	0.000000000000000000e+00
1.275051240713012859e-11	1.050862816727576643e+00	1.549749565873663215e+01	1.001278145481164089e-01	1.725984965032224261e-01	0.000000000000000000e+00
1.335451562929897339e-11	1.080582012158033400e+00	1.553646060755887071e+01	1.027012857278001984e-01	1.727646202304599365e-01	0.000000000000000000e+00
1.398713102647241439e-11	1.110483894228960100e+00	1.557390792141746338e+01	1.052894595742202566e-01	1.726668637615622337e-01	0.000000000000000000e+00
1.464971398307287854e-11	1.140555376100714113e+00	1.560975382239471365e+01	1.078923262616673789e-01	1.723135246637647333e-01	0.000000000000000000e+00
1.534368408930013065e-11	1.170784332019162433e+00	1.564392775800663316e+01	1.105099379709539170e-01	1.717138271881405442e-01	0.000000000000000000e+00
1.607052818261638620e-11	1.201159626431526961e+00	1.567637165965914647e+01	1.131424060135356874e-01	1.708777684613301817e-01	0.000000000000000000e+00
1.683180353330955093e-11	1.231671134513575794e+00	1.570703925154934311e+01	1.157898974787399671e-01	1.698160790354227845e-01	0.000000000000000000e+00
1.762914118095944293e-11	1.262309755265611733e+00	1.573589538910994179e+01	1.184526316291304310e-01	1.685400614817362808e-01	0.000000000000000000e+00
1.846424942895546448e-11	1.293067415784749929e+00	1.576291543990315525e+01	1.211308757896400051e-01	1.670615248785566886e-01	0.000000000000000000e+00
1.933891750455232057e-11	1.323937068052738919e+00	1.578808468947083554e+01	1.238249409513897531e-01	1.653926468676137074e-01	0.000000000000000000e+00
2.025501939230666486e-11	1.354912677312182678e+00	1.581139777929952928e+01	1.265351769186009168e-01	1.635458856136424166e-01	0.000000000000000000e+00
2.121451784910627571e-11	1.385989202961059874e+00	1.583285816587896200e+01	1.292619671373743950e-01	1.615338737484659226e-01	0.000000000000000000e+00
2.221946860939528424e-11	1.417162571721432007e+00	1.585247760412616280e+01	1.320057231270810039e-01	1.593693455867503939e-01	0.000000000000000000e+00
2.327202478960412005e-11	1.448429643647767495e+00	1.587027564855572059e+01	1.347668785882960019e-01	1.570650164486982192e-01	0.000000000000000000e+00
2.437444150122221807e-11	1.479788170969785766e+00	1.588627917368042297e+01	1.375458831445114660e-01	1.546335323780848314e-01	0.000000000000000000e+00
2.552908068239516723e-11	1.511236750162948228e+00	1.590052190990129510e+01	1.403431957548982589e-01	1.520873649089146962e-01	0.000000000000000000e+00
2.673841615839943880e-11	1.542774767997191265e+00	1.591304399291953686e+01	1.431592778566458113e-01	1.494387898504265788e-01	0.000000000000000000e+00
2.800503894183625342e-11	1.574402784299454794e+00	1.592389161401889552e+01	1.459946264639951641e-01	1.466997242838392890e-01	0.000000000000000000e+00
2.933166278390048099e-11	1.606123587846142398e+00	1.593311542608422293e+01	1.488498814013568539e-01	1.438815527043015019e-01	0.000000000000000000e+00
3.072112998861759207e-11	1.637938164374242334e+00	1.594076551161477617e+01	1.517254952896632814e-01	1.409952401580788772e-01	0.000000000000000000e+00
3.217641750250735458e-11	1.669844267645212987e+00	1.594688904115128025e+01	1.546216248125221737e-01	1.380513616819031286e-01	0.000000000000000000e+00
3.370064329271925032e-11	1.701836458448253708e+00	1.595152945682625756e+01	1.575381452768108981e-01	1.350600491479894416e-01	0.000000000000000000e+00
3.529707302730657668e-11	1.733906181551790215e+00	1.595472603228559549e+01	1.604746654140468132e-01	1.320309715206397227e-01	0.000000000000000000e+00
3.696912707195032437e-11	1.766041865486918550e+00	1.595651365520479992e+01	1.634305421859605090e-01	1.289733124251739860e-01	0.000000000000000000e+00
3.872038781812557004e-11	1.798229035762147321e+00	1.595692274298855295e+01	1.664048954250056389e-01	1.258957594188354623e-01	0.000000000000000000e+00
4.055460735840827506e-11	1.830450443982513553e+00	1.595597926912989628e+01	1.693966226487357007e-01	1.228064991932136529e-01	0.000000000000000000e+00
4.247571552536894126e-11	1.862686207731460986e+00	1.595370486189976766e+01	1.724044138761592904e-01	1.197132343619361078e-01	0.000000000000000000e+00
4.448782831127576069e-11	1.894913962236421723e+00	1.595011696269212642e+01	1.754267666117234892e-01	1.166231642326460427e-01	0.000000000000000000e+00
4.659525668664686662e-11	1.927109021774375153e+00	1.594522902828244781e+01	1.784620009260261264e-01	1.135430059319434137e-01	0.000000000000000000e+00
4.880251583654433574e-11	1.959244551560225922e+00	1.593905077213766219e+01	1.815082747155551124e-01	1.104790002295882728e-01	0.000000000000000000e+00
5.111433483440165318e-11	1.991291747704804216e+00	1.593158843205921471e+01	1.845635990264608006e-01	1.074369229504701789e-01	0.000000000000000000e+00
5.353566677410718816e-11	2.023220025194412131e+00	1.592284506003919553e+01	1.876258534622995966e-01	1.044220917312368574e-01	0.000000000000000000e+00
5.607169938205469661e-11	2.054997212511977978e+00	1.591282082809075860e+01	1.906928016027917006e-01	1.014394089456175235e-01	0.000000000000000000e+00
5.872786613189488850e-11	2.086589751782899071e+00	1.590151334560464313e+01	1.937621063723717618e-01	9.849331469262968819e-02	0.000000000000000000e+00
6.150985788580503926e-11	2.117962903124713581e+00	1.588891798383490617e+01	1.968313452848769463e-01	9.558786462613233503e-02	0.000000000000000000e+00
6.442363508721370414e-11	2.149080952068831429e+00	1.587502820291395977e+01	1.998980255184495125e-01	9.272671259554568501e-02	0.000000000000000000e+00
6.747544053110686101e-11	2.179907418654206896e+00	1.585983587952109986e+01	2.029595987234084908e-01	8.991313727738350914e-02	0.000000000000000000e+00
7.067181273927477085e-11	2.210405266438821847e+00	1.584333162993434385e+01	2.060134754812243674e-01	8.715005163029218571e-02	0.000000000000000000e+00
7.401959996915652408e-11	2.240537110769492468e+00	1.582550512843292978e+01	2.090570393753367895e-01	8.444002787697983681e-02	0.000000000000000000e+00
7.752597488629464062e-11	2.270265424305772939e+00	1.580634541624054457e+01	2.120876605749704158e-01	8.178530293612147617e-02	0.000000000000000000e+00
8.119844993184008328e-11	2.299552738782693950e+00	1.578584120033663396e+01	2.151027088778654783e-01	7.918780666075866947e-02	0.000000000000000000e+00
8.504489341802668113e-11	2.328361841688324940e+00	1.576398113989904637e+01	2.180995661529498142e-01	7.664917063148400656e-02	0.000000000000000000e+00
8.907354638610458163e-11	2.356655966600850416e+00	1.574075411897396037e+01	2.210756381231400725e-01	7.417074631972414567e-02	0.000000000000000000e+00
9.329304026284695888e-11	2.384398976086889999e+00	1.571614950382470077e+01	2.240283654479518216e-01	7.175362096038034876e-02	0.000000000000000000e+00
9.771241535346501225e-11	2.411555536176348546e+00	1.569015738475101251e+01	2.269552340595359929e-01	6.939863643808644178e-02	0.000000000000000000e+00
1.023411402105452712e-10	2.438091281403777177e+00	1.566276880079016820e+01	2.298537847236415688e-01	6.710639723523946498e-02	0.000000000000000000e+00
1.071891319205126445e-10	2.463972969656465395e+00	1.563397594687406134e+01	2.327216218050948138e-01	6.487729787630848455e-02	0.000000000000000000e+00
1.122667773510811312e-10	2.489168626144445895e+00	1.560377236393452982e+01	2.355564212102018440e-01	6.271152374164408461e-02	0.000000000000000000e+00
1.175849554052158201e-10	2.513647675930534842e+00	1.557215311146747894e+01	2.383559375027746730e-01	6.060908011223685443e-02	0.000000000000000000e+00
1.231550603292826197e-10	2.537381064430279665e+00	1.553911492049613408e+01	2.411180102110815626e-01	5.856979278774298442e-02	0.000000000000000000e+00
1.289890261253308184e-10	2.560341365802604852e+00	1.550465633183972081e+01	2.438405692831333293e-01	5.659333237376698578e-02	0.000000000000000000e+00
1.350993521198024986e-10	2.582502878963649273e+00	1.546877781502343829e+01	2.465216397719398322e-01	5.467922385492694770e-02	0.000000000000000000e+00
1.414991297434578731e-10	2.603841710769621010e+00	1.543148187114004344e+01	2.491593456908313131e-01	5.282685780934483905e-02	0.000000000000000000e+00
1.482020705798860072e-10	2.624335847114564135e+00	1.539277311929503789e+01	2.517519131451630976e-01	5.103550474951820681e-02	0.000000000000000000e+00
1.552225357427047968e-10	2.643965211419751604e+00	1.535265836732332190e+01	2.542976727062494224e-01	4.930432746414251804e-02	0.000000000000000000e+00
1.625755666443793407e-10	2.662711652324242007e+00	1.531114680141974738e+01	2.567950531799209068e-01	4.763243571801974163e-02	0.000000000000000000e+00
1.702769172225897821e-10	2.680557267392743803e+00	1.526825405826613036e+01	2.592423485001913996e-01	4.601886280280741148e-02	0.000000000000000000e+00
1.783430876931905687e-10	2.697483974021977815e+00	1.522400360154892240e+01	2.616376442772914146e-01	4.446296198750137457e-02	0.000000000000000000e+00
1.867913599020784805e-10	2.713475296533061076e+00	1.517842239270821914e+01	2.639790567620524664e-01	4.296390305535238013e-02	0.000000000000000000e+00
1.956398343517064725e-10	2.728516570935721752e+00	1.513154030452354881e+01	2.662647600982896989e-01	4.152071851625420418e-02	0.000000000000000000e+00
2.049074689815846066e-10	2.742595081383412126e+00	1.508338994820761236e+01	2.684930008679590197e-01	4.013255166193770845e-02	0.000000000000000000e+00
2.146141197858401440e-10	2.755700199155786123e+00	1.503400660887882623e+01	2.706621116813966998e-01	3.879831216424083074e-02	0.000000000000000000e+00
2.247805833548729991e-10	2.767823515717676042e+00	1.498342823670093260e+01	2.727705238273116506e-01	3.751692359489729178e-02	0.000000000000000000e+00
2.354286414322420067e-10	2.778958960854179594e+00	1.493169546958067784e+01	2.748167784811874625e-01	3.628723370473040805e-02	0.000000000000000000e+00
2.465811075822603842e-10	2.789102905781431385e+00	1.487885167272248665e+01	2.767995366916517486e-01	3.510804895926988856e-02	0.000000000000000000e+00
2.582618760682674929e-10	2.798254760209486047e+00	1.482493969473612871e+01	2.787177008610239870e-01	3.397805506865179265e-02	0.000000000000000000e+00
2.704959730463131364e-10	2.806417488520084547e+00	1.476999547572057558e+01	2.805705934795406087e-01	3.289574267801451124e-02	0.000000000000000000e+00
2.833096101839318258e-10	2.813595767709260453e+00	1.471405504549820975e+01	2.823576512670899485e-01	3.185958359721077077e-02	0.000000000000000000e+00
2.967302408188872501e-10	2.819795686091033371e+00	1.465715602047337995e+01	2.840783691124453836e-01	3.086807418686055363e-02	0.000000000000000000e+00
3.107866187782014063e-10	2.825024773664405853e+00	1.459933759603132408e+01	2.857323048009957622e-01	2.991973293038274057e-02	0.000000000000000000e+00
3.255088599835056406e-10	2.829292027205713822e+00	1.454064056866690535e+01	2.873190829300132920e-01	2.901310257244392454e-02	0.000000000000000000e+00
3.409285069746807543e-10	2.832607929240959610e+00	1.448110736413806521e+01	2.888383983540535604e-01	2.814674936171996170e-02	0.000000000000000000e+00
3.570785964900469852e-10	2.834984453534596494e+00	1.442078207131117118e+01	2.902900183971180437e-01	2.731927165040495126e-02	0.000000000000000000e+00
3.739937302478801677e-10	2.836435062936224938e+00	1.435971046886448477e+01	2.916737846532433398e-01	2.652929689828300089e-02	0.000000000000000000e+00
3.917101490809260641e-10	2.836974697899702136e+00	1.429794004433504462e+01	2.929896142031563344e-01	2.577546679676208374e-02	0.000000000000000000e+00
4.102658105827190344e-10	2.836619749476473107e+00	1.423552000357992142e+01	2.942374996276209687e-01	2.505648324299553434e-02	0.000000000000000000e+00
4.297004704320835313e-10	2.835388031899723771e+00	1.417250126633452290e+01	2.954175094452317629e-01	2.437106374207812648e-02	0.000000000000000000e+00
4.500557675700488183e-10	2.833298740298544782e+00	1.410893644970019523e+01	2.965297874355338759e-01	2.371796385069930430e-02	0.000000000000000000e+00
4.713753134116729086e-10	2.830372403794115144e+00	1.404487983699494968e+01	2.975745519403986128e-01	2.309597564512226933e-02	0.000000000000000000e+00
4.937047852839003559e-10	2.826630830706118314e+00	1.398038733649800491e+01	2.985520946950547816e-01	2.250392892007359313e-02	0.000000000000000000e+00
5.170920242896755486e-10	2.822097049822695158e+00	1.391551641687606988e+01	2.994627798671246066e-01	2.194068940277362628e-02	0.000000000000000000e+00
5.415871378079465267e-10	2.816795243653174463e+00	1.385032604186191207e+01	3.003070423795271005e-01	2.140515945827216326e-02	0.000000000000000000e+00
5.672426068491988835e-10	2.810750680053370587e+00	1.378487658211694544e+01	3.010853866411321578e-01	2.089628233072161889e-02	0.000000000000000000e+00
5.941133984965039838e-10	2.803989638674708296e+00	1.371922971864112029e+01	3.017983849895145010e-01	2.041303675068333739e-02	0.000000000000000000e+00
6.222570836730231313e-10	2.796539334988187075e+00	1.365344833384770773e+01	3.024466762004967557e-01	1.995443545093452883e-02	0.000000000000000000e+00
6.517339604882420571e-10	2.788427840800297375e+00	1.358759639047496215e+01	3.030309639260814758e-01	1.951954572564576149e-02	0.000000000000000000e+00
6.826071834272379248e-10	2.779683963767785926e+00	1.352173849160116070e+01	3.035520178291875038e-01	1.910744328784733104e-02	0.000000000000000000e+00
7.149428986597561750e-10	2.770335849773982506e+00	1.345592986550007630e+01	3.040107510349289166e-01	1.871719644524891604e-02	0.000000000000000000e+00
7.488103857590030225e-10	2.760410447229357356e+00	1.339021122940594566e+01	3.044082857476267390e-01	1.834781292666388258e-02	0.000000000000000000e+00
7.842822061337681836e-10	2.749935036110053410e+00	1.332461848486221534e+01	3.047459104489920190e-01	1.799830141181279000e-02	0.000000000000000000e+00
8.214343584919422200e-10	2.738937438829478044e+00	1.325918454834021531e+01	3.050250676465127708e-01	1.766768630930710265e-02	0.000000000000000000e+00
8.603464416684491388e-10	2.727445964495638808e+00	1.319394012966456486e+01	3.052473351570094695e-01	1.735501310389636620e-02	0.000000000000000000e+00
9.011018251665036851e-10	2.715489271770596513e+00	1.312891419866260811e+01	3.054144045728002799e-01	1.705935272471403863e-02	0.000000000000000000e+00
9.437878277775391497e-10	2.703096200586903031e+00	1.306413424843896998e+01	3.055280600512237377e-01	1.677980631448360016e-02	0.000000000000000000e+00
9.884959046625586031e-10	2.690295594561166848e+00	1.299962642803475710e+01	3.055901582639632408e-01	1.651550343397772264e-02	0.000000000000000000e+00
1.035321843295661502e-09	2.677116127662169554e+00	1.293541558544245440e+01	3.056026101585288535e-01	1.626563079441776041e-02	0.000000000000000000e+00
1.084365968689608688e-09	2.663586145511562808e+00	1.287152525470647113e+01	3.055673650047371903e-01	1.602937295734786077e-02	0.000000000000000000e+00
1.135733358343102889e-09	2.649733520575388468e+00	1.280797761116564182e+01	3.054863961594248001e-01	1.580597548935586127e-02	0.000000000000000000e+00
1.189534067370320724e-09	2.635585527324365351e+00	1.274479340805873484e+01	3.053616890064076994e-01	1.559471364976174057e-02	0.000000000000000000e+00
1.245883364295008068e-09	2.621168735448369258e+00	1.268199190698687495e+01	3.051952306325818598e-01	1.539489244045382128e-02	0.000000000000000000e+00
1.304901978014401580e-09	2.606508921382057586e+00	1.261959080936622968e+01	3.049890011672130030e-01	1.520585161309107036e-02	0.000000000000000000e+00
1.366716356462010101e-09	2.591630997507169187e+00	1.255760619512687093e+01	3.047449666256676903e-01	1.502696145366150607e-02	0.000000000000000000e+00
1.431458937523481393e-09	2.576558957633820146e+00	1.249605247174362965e+01	3.044650730806242045e-01	1.485762239544234121e-02	0.000000000000000000e+00
1.499268432786047049e-09	2.561315837300690568e+00	1.243494233374977220e+01	3.041512420420156015e-01	1.469726355614930577e-02	0.000000000000000000e+00
1.570290124729377524e-09	2.545923717809207787e+00	1.237428685492136715e+01	3.038053675510550278e-01	1.454533975792458508e-02	0.000000000000000000e+00
1.644676177994662829e-09	2.530404784367850990e+00	1.231409990125344933e+01	3.034293330457278337e-01	1.440134322892105273e-02	0.000000000000000000e+00
1.722585965398783835e-09	2.514781973147156346e+00	1.225440198583398832e+01	3.030249937785932657e-01	1.426481647858753032e-02	0.000000000000000000e+00
1.804186409392068039e-09	2.499077750432519895e+00	1.219521675411121819e+01	3.025941162909943638e-01	1.413535598285749206e-02	0.000000000000000000e+00
1.889652339691211477e-09	2.483313753091652032e+00	1.213656996878490268e+01	3.021383580844710925e-01	1.401258569148520518e-02	0.000000000000000000e+00
1.979166867853557524e-09	2.467510621555375039e+00	1.207848889229774336e+01	3.016592601574761279e-01	1.389618207411511160e-02	0.000000000000000000e+00
2.072921779595369695e-09	2.451687894840259840e+00	1.202100180482802827e+01	3.011582434676562947e-01	1.378585519170804664e-02	0.000000000000000000e+00
2.171117945694509622e-09	2.435863994077184902e+00	1.196413761744889648e+01	3.006366137565837371e-01	1.368135105193957549e-02	0.000000000000000000e+00
2.273965752357932151e-09	2.420056183103049818e+00	1.190792558067353113e+01	3.000955612098407665e-01	1.358243379659805107e-02	0.000000000000000000e+00
2.381685551976160644e-09	2.404280593560985224e+00	1.185239504954927803e+01	2.995361666784810972e-01	1.348891529426777224e-02	0.000000000000000000e+00
2.494508135230316413e-09	2.388552248818545998e+00	1.179757530393904652e+01	2.989594065063763129e-01	1.340062450859489870e-02	0.000000000000000000e+00
2.612675225563326382e-09	2.372885102522239276e+00	1.174349541554080822e+01	2.983661581356116810e-01	1.331741263732369104e-02	0.000000000000000000e+00
2.736439997074666368e-09	2.357292085427145079e+00	1.169018414893664470e+01	2.977572060495876638e-01	1.323914500320693896e-02	0.000000000000000000e+00
2.866067616948244470e-09	2.341785155543987695e+00	1.163766989335273117e+01	2.971332475306557308e-01	1.316571748974351350e-02	0.000000000000000000e+00
3.001835813575592210e-09	2.326375354693998254e+00	1.158598061963456871e+01	2.964948987704794647e-01	1.309703798002534100e-02	0.000000000000000000e+00
3.144035471591500167e-09	2.311072865887790151e+00	1.153514385834839295e+01	2.958427007420775245e-01	1.303303414783766809e-02	0.000000000000000000e+00
3.292971255097148186e-09	2.295887072683441943e+00	1.148518669789452495e+01	2.951771250092796173e-01	1.297364184526433178e-02	0.000000000000000000e+00
3.448962260405766611e-09	2.280826618819236540e+00	1.143613579447073292e+01	2.944985794673473101e-01	1.291881998411042141e-02	0.000000000000000000e+00
3.612342699709437910e-09	2.265899468462553301e+00	1.138801739936564061e+01	2.938074139175146926e-01	1.286853198539265712e-02	0.000000000000000000e+00
3.783462617131932968e-09	2.251112965588581982e+00	1.134085739509728441e+01	2.931039255002049204e-01	1.282275621359889317e-02	0.000000000000000000e+00
3.962688638701478467e-09	2.236473893234581567e+00	1.129468134229079901e+01	2.923883640313137411e-01	1.278148327613007687e-02	0.000000000000000000e+00
4.150404757850472502e-09	2.221988531504067499e+00	1.124951453514727007e+01	2.916609371472462242e-01	1.274471046653745734e-02	0.000000000000000000e+00
4.347013158125017173e-09	2.207662715510824825e+00	1.120538206518996382e+01	2.909218154175148841e-01	1.271244691300026618e-02	0.000000000000000000e+00
4.552935074866938773e-09	2.193501891034300044e+00	1.116230888921947262e+01	2.901711372337971717e-01	1.268471077816220836e-02	0.000000000000000000e+00
4.768611697714474181e-09	2.179511170239639473e+00	1.112031990579947127e+01	2.894090136659474566e-01	1.266152449509487000e-02	0.000000000000000000e+00
4.994505115855140358e-09	2.165695385840354259e+00	1.107944003240663022e+01	2.886355332712279842e-01	1.264293305521874307e-02	0.000000000000000000e+00
5.231099308056257792e-09	2.152059144932229717e+00	1.103969429183246831e+01	2.878507667900750966e-01	1.262896960042530006e-02	0.000000000000000000e+00
5.478901179593956120e-09	2.138897066987782480e+00	1.100193388887539570e+01	2.870721679279152339e-01	1.261983570482572668e-02	0.000000000000000000e+00
5.738441648302404521e-09	2.126727107575922204e+00	1.096759838762820571e+01	2.863323796901310891e-01	1.261551741956681676e-02	0.000000000000000000e+00
6.010276782070388176e-09	2.114722039494945083e+00	1.093432721308508881e+01	2.855824140406295064e-01	1.261548888693385904e-02	0.000000000000000000e+00
6.294988990221888141e-09	2.102880165120573963e+00	1.090212975480101676e+01	2.848219222102316706e-01	1.261982308341658837e-02	0.000000000000000000e+00
6.593188271333541710e-09	2.091200574036484738e+00	1.087101147875990748e+01	2.840507695240067632e-01	1.262855309869374831e-02	0.000000000000000000e+00
6.905513520162316861e-09	2.079683010448579950e+00	1.084097616586428714e+01	2.832689608409461046e-01	1.264169898590664608e-02	0.000000000000000000e+00
7.232633896483518810e-09	2.068327766458455841e+00	1.081202675518136758e+01	2.824766053865010451e-01	1.265926070902747766e-02	0.000000000000000000e+00
7.575250258771920716e-09	2.057135597108815883e+00	1.078416574816607287e+01	2.816738956293456941e-01	1.268124425148044535e-02	0.000000000000000000e+00
7.934096665797492339e-09	2.046107650042634507e+00	1.075739542090237855e+01	2.808610928732863665e-01	1.270763173757672067e-02	0.000000000000000000e+00
8.309941949353386453e-09	2.035245408950610901e+00	1.073171793013999320e+01	2.800385172745611939e-01	1.273841550889135213e-02	0.000000000000000000e+00
8.703591361485183753e-09	2.024550645026853779e+00	1.070713538393358810e+01	2.792065396889860662e-01	1.277357637087152623e-02	0.000000000000000000e+00
9.115888299750837812e-09	2.014025377028385577e+00	1.068364984743090851e+01	2.783655762305059511e-01	1.281309941458966609e-02	0.000000000000000000e+00
9.547716114208065503e-09	2.003671825960688491e+00	1.066126336028312593e+01	2.775160816368197891e-01	1.285696390126842004e-02	0.000000000000000000e+00
1.000000000000000021e-08	1.993492406686970142e+00	1.063997791165094498e+01	2.766585487184626269e-01	1.290515645342760892e-02	0.000000000000000000e+00
