pc	M	R	C	k2	j3
9.999999999999999799e-13	9.804744001211199156e-02	6.479148491592461312e+01	2.234542198196623562e-03	1.894329429936281823e-04	0.000000000000000000e+00
1.047370897959448749e-12	9.888435317966555449e-02	6.015701155919172294e+01	2.427233506142680713e-03	1.991082435255069755e-04	0.000000000000000000e+00
1.096985797892381920e-12	9.972094594819964908e-02	5.620502888744582037e+01	2.619880299838801135e-03	2.115962429165300831e-04	0.000000000000000000e+00
1.148951000187311009e-12	1.005539243260390458e-01	5.279495058366052262e+01	2.812398591928391527e-03	2.269851777296480520e-04	0.000000000000000000e+00
1.203377840777590522e-12	1.013807311483674867e-01	4.982196603349452602e+01	3.004725430878511447e-03	2.453630534545221285e-04	0.000000000000000000e+00
1.260382929679727463e-12	1.021993588108681544e-01	4.720641438436625492e+01	3.196814171287539353e-03	2.668467890751882732e-04	0.000000000000000000e+00
1.320088400831416649e-12	1.030082197732182930e-01	4.488671361078030486e+01	3.388631214277215784e-03	2.915362392471289527e-04	0.000000000000000000e+00
1.382622173764653478e-12	1.038060521945234210e-01	4.281453872285028694e+01	3.580153442459134850e-03	3.195196147273136910e-04	0.000000000000000000e+00
1.448118227674535917e-12	1.045918500381028404e-01	4.095145910306351311e+01	3.771366158071419190e-03	3.508829516437588099e-04	0.000000000000000000e+00
1.516716888470924089e-12	1.053648116218403041e-01	3.926654451112180055e+01	3.962261598723610528e-03	3.856882056829577239e-04	0.000000000000000000e+00
1.588565129428052692e-12	1.061242993892137360e-01	3.773463200828233255e+01	4.152837639114327802e-03	4.239748745964845122e-04	0.000000000000000000e+00
1.663816886076127415e-12	1.068698096354332300e-01	3.633504970334792716e+01	4.343096830845518536e-03	4.657750867061633861e-04	0.000000000000000000e+00
1.742633386009647278e-12	1.076009482830617286e-01	3.505066363553134323e+01	4.533045608432055909e-03	5.110890597932819237e-04	0.000000000000000000e+00
1.825183494319046040e-12	1.083174121766716236e-01	3.386715665179730195e+01	4.722693642428418652e-03	5.599233596816360773e-04	0.000000000000000000e+00
1.911644075385703708e-12	1.090189734752295692e-01	3.277247606672199964e+01	4.912053275266436807e-03	6.122431024225427230e-04	0.000000000000000000e+00
2.002200371815584363e-12	1.097054677094213559e-01	3.175640551617935614e+01	5.101139135860856613e-03	6.680141018343322854e-04	0.000000000000000000e+00
2.097046401323230665e-12	1.103767836839332633e-01	3.081023037622458460e+01	5.289967747553969701e-03	7.271750765729730493e-04	0.000000000000000000e+00
2.196385372416542332e-12	1.110328551676014880e-01	2.992647324702285871e+01	5.478557236813847396e-03	7.896689686000843509e-04	0.000000000000000000e+00
2.300430119772921506e-12	1.116736542431015639e-01	2.909868330127196145e+01	5.666927085556250007e-03	8.554123869486681504e-04	0.000000000000000000e+00
2.409403560239526876e-12	1.122991857052750564e-01	2.832126699442435935e+01	5.855097938252192165e-03	9.243154818248817397e-04	0.000000000000000000e+00
2.523539170434765862e-12	1.129094818716840087e-01	2.758935133467609901e+01	6.043091357222005883e-03	9.962842923646319116e-04	0.000000000000000000e+00
2.643081486974102692e-12	1.135045991502262874e-01	2.689867203616184099e+01	6.230929744955108519e-03	1.071206169349697788e-03	0.000000000000000000e+00
2.768286630392061017e-12	1.140846142930411755e-01	2.624548193390841888e+01	6.418636206033690242e-03	1.148979553191928739e-03	0.000000000000000000e+00
2.899422853882880921e-12	1.146496216332029416e-01	2.562647555201677463e+01	6.606234409429931689e-03	1.229478043274585082e-03	0.000000000000000000e+00
3.036771118035460378e-12	1.151997305436769647e-01	2.503872624007606262e+01	6.793748514075343553e-03	1.312582066900888330e-03	0.000000000000000000e+00
3.180625692794118977e-12	1.157350633909504656e-01	2.447963379329948097e+01	6.981203090264811312e-03	1.398160688944795598e-03	0.000000000000000000e+00
3.331294787934670055e-12	1.162557536182033946e-01	2.394688042924485671e+01	7.168623062713339565e-03	1.486085800865273024e-03	0.000000000000000000e+00
3.489101213406766494e-12	1.167619441255785956e-01	2.343839383457899572e+01	7.356033614376531957e-03	1.576226862546421673e-03	0.000000000000000000e+00
3.654383070957261569e-12	1.172537859344415789e-01	2.295231562930424829e+01	7.543460174202073869e-03	1.668446031740356298e-03	0.000000000000000000e+00
3.827494478516314936e-12	1.177314370247270481e-01	2.248697467334806532e+01	7.730928368587500557e-03	1.762616720743793910e-03	0.000000000000000000e+00
4.008806328898464320e-12	1.181950611738902535e-01	2.204086425083170653e+01	7.918463971168288734e-03	1.858593881033020808e-03	0.000000000000000000e+00
4.198707084443905621e-12	1.186448270703698987e-01	2.161262247107082146e+01	8.106092876634087008e-03	1.956249961732055287e-03	0.000000000000000000e+00
4.397603609302712498e-12	1.190809074839538906e-01	2.120101539415447789e+01	8.293841075842840402e-03	2.055452368341801651e-03	0.000000000000000000e+00
4.605922041145112927e-12	1.195034785438844477e-01	2.080492247659915250e+01	8.481734625130776459e-03	2.156066256237071811e-03	0.000000000000000000e+00
4.824108704165373984e-12	1.199127190618741456e-01	2.042332391445367179e+01	8.669799631519722535e-03	2.257964527397507502e-03	0.000000000000000000e+00
5.052631065335679604e-12	1.203088100852551801e-01	2.005528968971459847e+01	8.858062228379027375e-03	2.361007139765357744e-03	0.000000000000000000e+00
5.291978735958436557e-12	1.206919341220808045e-01	1.969996994328706919e+01	9.046548555511492451e-03	2.465084663179506735e-03	0.000000000000000000e+00
5.542664520663095602e-12	1.210622751763439364e-01	1.935658655552551366e+01	9.235284795863231075e-03	2.570061973024490194e-03	0.000000000000000000e+00
5.805225516094907684e-12	1.214200174713045144e-01	1.902442596271332675e+01	9.424297011942401811e-03	2.675821548417492077e-03	0.000000000000000000e+00
6.080224261649427052e-12	1.217653462376768886e-01	1.870283237957675126e+01	9.613611361961904231e-03	2.782244613548719332e-03	0.000000000000000000e+00
6.368249944718585906e-12	1.220984466864418333e-01	1.839120228358178721e+01	9.803253944780510390e-03	2.889219250670212180e-03	0.000000000000000000e+00
6.669919663030115058e-12	1.224195035529456049e-01	1.808897938017565465e+01	9.993250760687176840e-03	2.996621046004142429e-03	0.000000000000000000e+00
6.985879746785234820e-12	1.227287011909663078e-01	1.779565004403976047e+01	1.018362776767013124e-02	3.104358158240252703e-03	0.000000000000000000e+00
7.316807143427207274e-12	1.230262237288853311e-01	1.751073923162261181e+01	1.037441096946846615e-02	3.212307816558351500e-03	0.000000000000000000e+00
7.663410868007462274e-12	1.233122538062994128e-01	1.723380718159987879e+01	1.056562618056220218e-02	3.320383759340277390e-03	0.000000000000000000e+00
8.026433522257174683e-12	1.235869733675026561e-01	1.696444603239588389e+01	1.075729922386567394e-02	3.428481763758955535e-03	0.000000000000000000e+00
8.406652885618316356e-12	1.238505628376623674e-01	1.670227710525862008e+01	1.094945580190287600e-02	3.536504400429011340e-03	0.000000000000000000e+00
8.804883581643446547e-12	1.241032015764870350e-01	1.644694829081680609e+01	1.114212159046636119e-02	3.644357703013309871e-03	0.000000000000000000e+00
9.221978823334340144e-12	1.243450671934095420e-01	1.619813180497020255e+01	1.133532216496070145e-02	3.751962079029221714e-03	0.000000000000000000e+00
9.658832241158709141e-12	1.245763356886138984e-01	1.595552216612266427e+01	1.152908299838286375e-02	3.859222623015084227e-03	0.000000000000000000e+00
1.011637979766206976e-11	1.247971814432819043e-01	1.571883426005056528e+01	1.172342952811441553e-02	3.966067330729291379e-03	0.000000000000000000e+00
1.059560179277614774e-11	1.250077767845487187e-01	1.548780177979167938e+01	1.191838704388595294e-02	4.072411664490659285e-03	0.000000000000000000e+00
1.109752496412069864e-11	1.252082922576808477e-01	1.526217562898018976e+01	1.211398078084646029e-02	4.178183089330478155e-03	0.000000000000000000e+00
1.162322468679854125e-11	1.253988963683403957e-01	1.504172259219023822e+01	1.231023587325802242e-02	4.283304460048101107e-03	0.000000000000000000e+00
1.217382727739662020e-11	1.255797553497844943e-01	1.482622412468152540e+01	1.250717730928269100e-02	4.387719050737335334e-03	0.000000000000000000e+00
1.275051240713012859e-11	1.257510338927059212e-01	1.461547506291370802e+01	1.270483014368038385e-02	4.491356763781725533e-03	0.000000000000000000e+00
1.335451562929897339e-11	1.259128936694257628e-01	1.440928291671709260e+01	1.290321908597884433e-02	4.594150455683018199e-03	0.000000000000000000e+00
1.398713102647241439e-11	1.260654947636970780e-01	1.420746658869499868e+01	1.310236893990474050e-02	4.696044958647175444e-03	0.000000000000000000e+00
1.464971398307287854e-11	1.262089946721688671e-01	1.400985574958749247e+01	1.330230430910023763e-02	4.796986132003045258e-03	0.000000000000000000e+00
1.534368408930013065e-11	1.263435487116358613e-01	1.381628996345461857e+01	1.350304972375903668e-02	4.896919469684334406e-03	0.000000000000000000e+00
1.607052818261638620e-11	1.264693097396807908e-01	1.362661802119960441e+01	1.370462956909976153e-02	4.995792121718561213e-03	0.000000000000000000e+00
1.683180353330955093e-11	1.265864284598816614e-01	1.344069721589997002e+01	1.390706818962085187e-02	5.093555476025480797e-03	0.000000000000000000e+00
1.762914118095944293e-11	1.266950530439286682e-01	1.325839283329138674e+01	1.411038976088429577e-02	5.190171806950529335e-03	0.000000000000000000e+00
1.846424942895546448e-11	1.267953292196324355e-01	1.307957755910717168e+01	1.431461833906071471e-02	5.285588867132670274e-03	0.000000000000000000e+00
1.933891750455232057e-11	1.268874003097062997e-01	1.290413097802412423e+01	1.451977785973198980e-02	5.379777359842169600e-03	0.000000000000000000e+00
2.025501939230666486e-11	1.269714076402132519e-01	1.273193904095024109e+01	1.472589226199841339e-02	5.472688546062390476e-03	0.000000000000000000e+00
2.121451784910627571e-11	1.270474894511966768e-01	1.256289380503448250e+01	1.493298517233346279e-02	5.564292492838959943e-03	0.000000000000000000e+00
2.221946860939528424e-11	1.271157817746228214e-01	1.239689289452751275e+01	1.514108016140978431e-02	5.654558808895648013e-03	0.000000000000000000e+00
2.327202478960412005e-11	1.271764187521371714e-01	1.223383910695810251e+01	1.535020082471819265e-02	5.743455480661945750e-03	0.000000000000000000e+00
2.437444150122221807e-11	1.272295313625898538e-01	1.207364025138994279e+01	1.556037041431153865e-02	5.830943753783454815e-03	0.000000000000000000e+00
2.552908068239516723e-11	1.272752484253339977e-01	1.191620868728637461e+01	1.577161213380437119e-02	5.917009412892641936e-03	0.000000000000000000e+00
2.673841615839943880e-11	1.273136966548483739e-01	1.176146103956940259e+01	1.598394914612590034e-02	6.001622681919208460e-03	0.000000000000000000e+00
2.800503894183625342e-11	1.273449999022979451e-01	1.160931803751059022e+01	1.619740433440892968e-02	6.084759663225612798e-03	0.000000000000000000e+00
2.933166278390048099e-11	1.273692798531377290e-01	1.145970416159747174e+01	1.641200052218344183e-02	6.166397918354446853e-03	0.000000000000000000e+00
3.072112998861759207e-11	1.273866558485630962e-01	1.131254744925147371e+01	1.662776040130233696e-02	6.246521663765412097e-03	0.000000000000000000e+00
3.217641750250735458e-11	1.273972448485311548e-01	1.116777928633526074e+01	1.684470651451931700e-02	6.325115495858809819e-03	0.000000000000000000e+00
3.370064329271925032e-11	1.274011613127043752e-01	1.102533422211361369e+01	1.706286121186913543e-02	6.402150765561074285e-03	0.000000000000000000e+00
3.529707302730657668e-11	1.273985176852853729e-01	1.088514972248085222e+01	1.728224680376937855e-02	6.477622566921207616e-03	0.000000000000000000e+00
3.696912707195032437e-11	1.273894234992491992e-01	1.074716610320298038e+01	1.750288527138519831e-02	6.551518299695091758e-03	0.000000000000000000e+00
3.872038781812557004e-11	1.273739868777564177e-01	1.061132623970828348e+01	1.772479866756906941e-02	6.623830753735714290e-03	0.000000000000000000e+00
4.055460735840827506e-11	1.273523132749328490e-01	1.047757548562487706e+01	1.794800883731419508e-02	6.694533205748995873e-03	0.000000000000000000e+00
4.247571552536894126e-11	1.273245052989564474e-01	1.034586161170203233e+01	1.817253724356148251e-02	6.763625602175788940e-03	0.000000000000000000e+00
4.448782831127576069e-11	1.272906641022792940e-01	1.021613451171535125e+01	1.839840543218405899e-02	6.831103400519670209e-03	0.000000000000000000e+00
4.659525668664686662e-11	1.272508883782854927e-01	1.008834618635908242e+01	1.862563470704968124e-02	6.896956233894882722e-03	0.000000000000000000e+00
4.880251583654433574e-11	1.272052746304811188e-01	9.962450604795108688e+00	1.885424620040989860e-02	6.961180737249870500e-03	0.000000000000000000e+00
5.111433483440165318e-11	1.271539172262540762e-01	9.838403594752476167e+00	1.908426087868607748e-02	7.023769207952110412e-03	0.000000000000000000e+00
5.353566677410718816e-11	1.270969084433845597e-01	9.716162740434155509e+00	1.931569954602960909e-02	7.084717061103037485e-03	0.000000000000000000e+00
5.607169938205469661e-11	1.270343382867675508e-01	9.595687303720895400e+00	1.954858277847996290e-02	7.144033663113290127e-03	0.000000000000000000e+00
5.872786613189488850e-11	1.269662947862831015e-01	9.476938114432542193e+00	1.978293100274635188e-02	7.201696643066451270e-03	0.000000000000000000e+00
6.150985788580503926e-11	1.268928644493018953e-01	9.359877473608447573e+00	2.001876459254819593e-02	7.257728264711987322e-03	0.000000000000000000e+00
6.442363508721370414e-11	1.268141306227241749e-01	9.244469157347468879e+00	2.025610343119877560e-02	7.312114484532558807e-03	0.000000000000000000e+00
6.747544053110686101e-11	1.267301756253227940e-01	9.130678232894435808e+00	2.049496747025800203e-02	7.364856773856762878e-03	0.000000000000000000e+00
7.067181273927477085e-11	1.266410794877800283e-01	9.018471064273631654e+00	2.073537636726406619e-02	7.415962856606133149e-03	0.000000000000000000e+00
7.401959996915652408e-11	1.265469202455393738e-01	8.907815224402988008e+00	2.097734957122020585e-02	7.465433495262342040e-03	0.000000000000000000e+00
7.752597488629464062e-11	1.264477741679625733e-01	8.798679434814809852e+00	2.122090635061065281e-02	7.513271803402047332e-03	0.000000000000000000e+00
8.119844993184008328e-11	1.263437155730766648e-01	8.691033508482972181e+00	2.146606575433058703e-02	7.559487170874150917e-03	0.000000000000000000e+00
8.504489341802668113e-11	1.262348169652168783e-01	8.584848301315599173e+00	2.171284661187346254e-02	7.604069413871113355e-03	0.000000000000000000e+00
8.907354638610458163e-11	1.261211490005775815e-01	8.480095654262234106e+00	2.196126753520743005e-02	7.647044141477833332e-03	0.000000000000000000e+00
9.329304026284695888e-11	1.260027806037321008e-01	8.376748350073203397e+00	2.221134691774721490e-02	7.688401014720340487e-03	0.000000000000000000e+00
9.771241535346501225e-11	1.258797788864641498e-01	8.274780067900383784e+00	2.246310291060010095e-02	7.728157673514247233e-03	0.000000000000000000e+00
1.023411402105452712e-10	1.257522093711932742e-01	8.174165334444660758e+00	2.271655346901837319e-02	7.766312417763286680e-03	0.000000000000000000e+00
1.071891319205126445e-10	1.256201357170768085e-01	8.074879498131693367e+00	2.297171625407006326e-02	7.802880905203988041e-03	0.000000000000000000e+00
1.122667773510811312e-10	1.254836198493950727e-01	7.976898680998035118e+00	2.322860867053255438e-02	7.837870156059903101e-03	0.000000000000000000e+00
1.175849554052158201e-10	1.253427228847756036e-01	7.880199718791007335e+00	2.348724810045215577e-02	7.871283846461865630e-03	0.000000000000000000e+00
1.231550603292826197e-10	1.251975029189902611e-01	7.784760202426928899e+00	2.374765126070664534e-02	7.903138025167105035e-03	0.000000000000000000e+00
1.289890261253308184e-10	1.250480174786329224e-01	7.690558357811147161e+00	2.400983490364800785e-02	7.933438550281430787e-03	0.000000000000000000e+00
1.350993521198024986e-10	1.248943228980652770e-01	7.597573045804521641e+00	2.427381561277492522e-02	7.962201786650281721e-03	0.000000000000000000e+00
1.414991297434578731e-10	1.247364726253812062e-01	7.505783789358687841e+00	2.453960928250911375e-02	7.989420153293987428e-03	0.000000000000000000e+00
1.482020705798860072e-10	1.245745199159428440e-01	7.415170651319468398e+00	2.480723192629443602e-02	8.015121432663491891e-03	0.000000000000000000e+00
1.552225357427047968e-10	1.244085159470780522e-01	7.325714283906119562e+00	2.507669906034921611e-02	8.039314377410004819e-03	0.000000000000000000e+00
1.625755666443793407e-10	1.242385108015858358e-01	7.237395859073152415e+00	2.534802603221259290e-02	8.062005544034956533e-03	0.000000000000000000e+00
1.702769172225897821e-10	1.240645529549397469e-01	7.150197067180061872e+00	2.562122783526001035e-02	8.083225464358386250e-03	0.000000000000000000e+00
1.783430876931905687e-10	1.238866904471611352e-01	7.064100084268883251e+00	2.589631937635427164e-02	8.102947431176172124e-03	0.000000000000000000e+00
1.867913599020784805e-10	1.237049680330142287e-01	6.979087597149895572e+00	2.617331470268499313e-02	8.121216418109700186e-03	0.000000000000000000e+00
1.956398343517064725e-10	1.235194309458452488e-01	6.895142696021781425e+00	2.645222808953741345e-02	8.138035892919044320e-03	0.000000000000000000e+00
2.049074689815846066e-10	1.233301224304302612e-01	6.812248931867189050e+00	2.673307323738114208e-02	8.153422950458835347e-03	0.000000000000000000e+00
2.146141197858401440e-10	1.231370847877520242e-01	6.730390260048016771e+00	2.701586362164482349e-02	8.167383181656643135e-03	0.000000000000000000e+00
2.247805833548729991e-10	1.229403589583561995e-01	6.649551039137712394e+00	2.730061233119481998e-02	8.179936898662316935e-03	0.000000000000000000e+00
2.354286414322420067e-10	1.227399847744697070e-01	6.569716011302421776e+00	2.758733212251539973e-02	8.191094212541077946e-03	0.000000000000000000e+00
2.465811075822603842e-10	1.225360009010605239e-01	6.490870288111984188e+00	2.787603538869038930e-02	8.200866265970090802e-03	0.000000000000000000e+00
2.582618760682674929e-10	1.223284451304513798e-01	6.412999324166822390e+00	2.816673426450983300e-02	8.209275206666227787e-03	0.000000000000000000e+00
2.704959730463131364e-10	1.221173537697304995e-01	6.336088931854424011e+00	2.845944035006240519e-02	8.216334142290945136e-03	0.000000000000000000e+00
2.833096101839318258e-10	1.219027624191946213e-01	6.260125237908061635e+00	2.875416500497865110e-02	8.222041535288014680e-03	0.000000000000000000e+00
2.967302408188872501e-10	1.216847055828768065e-01	6.185094685066944820e+00	2.905091918594894518e-02	8.226435127633111369e-03	0.000000000000000000e+00
3.107866187782014063e-10	1.214632167303970056e-01	6.110984022937183902e+00	2.934971343235867267e-02	8.229511730413989826e-03	0.000000000000000000e+00
3.255088599835056406e-10	1.212383284516797693e-01	6.037780289416605939e+00	2.965055792248058944e-02	8.231296438098376078e-03	0.000000000000000000e+00
3.409285069746807543e-10	1.210100723252337390e-01	5.965470805947303390e+00	2.995346239892533041e-02	8.231804462079113371e-03	0.000000000000000000e+00
3.570785964900469852e-10	1.207784788894952083e-01	5.894043170295215184e+00	3.025843612842562397e-02	8.231055062197081829e-03	0.000000000000000000e+00
3.739937302478801677e-10	1.205435787680092657e-01	5.823485211088091695e+00	3.056548835417919815e-02	8.229037616263371741e-03	0.000000000000000000e+00
3.917101490809260641e-10	1.203054002400464201e-01	5.753785057209738873e+00	3.087462726717110639e-02	8.225794731733017742e-03	0.000000000000000000e+00
4.102658105827190344e-10	1.200639717630483522e-01	5.684931048114981067e+00	3.118586103799505724e-02	8.221333257623333196e-03	0.000000000000000000e+00
4.297004704320835313e-10	1.198193207809633426e-01	5.616911766811309548e+00	3.149919729041685684e-02	8.215667425526198761e-03	0.000000000000000000e+00
4.500557675700488183e-10	1.195714739707813973e-01	5.549716022853115049e+00	3.181464319386538564e-02	8.208816815392851185e-03	0.000000000000000000e+00
4.713753134116729086e-10	1.193204573600901708e-01	5.483332844250855764e+00	3.213220548172754376e-02	8.200794821985329594e-03	0.000000000000000000e+00
4.937047852839003559e-10	1.190662961180164181e-01	5.417751473996577083e+00	3.245189035716207482e-02	8.191614436177455105e-03	0.000000000000000000e+00
5.170920242896755486e-10	1.188090149217054109e-01	5.352961356316586539e+00	3.277370361494787165e-02	8.181296717573281405e-03	0.000000000000000000e+00
5.415871378079465267e-10	1.185486376000463443e-01	5.288952138997678354e+00	3.309765047501081470e-02	8.169854334589431513e-03	0.000000000000000000e+00
5.672426068491988835e-10	1.182851875640351935e-01	5.225713657144562596e+00	3.342373574396024366e-02	8.157301994874367398e-03	0.000000000000000000e+00
5.941133984965039838e-10	1.180186874339168857e-01	5.163235936552529104e+00	3.375196363685107476e-02	8.143657809333777406e-03	0.000000000000000000e+00
6.222570836730231313e-10	1.177491594715177059e-01	5.101509178838131042e+00	3.408233793956927382e-02	8.128937982768862092e-03	0.000000000000000000e+00
6.517339604882420571e-10	1.174766251087785568e-01	5.040523767766551977e+00	3.441486177967670312e-02	8.113157297991708747e-03	0.000000000000000000e+00
6.826071834272379248e-10	1.172011055854994127e-01	4.980270248356415408e+00	3.474953789686305999e-02	8.096330464047288983e-03	0.000000000000000000e+00
7.149428986597561750e-10	1.169226214085107574e-01	4.920739336350599125e+00	3.508636837182662477e-02	8.078478242889063077e-03	0.000000000000000000e+00
7.488103857590030225e-10	1.166411927498330059e-01	4.861921904228140079e+00	3.542535478752761174e-02	8.059612649367445952e-03	0.000000000000000000e+00
7.842822061337681836e-10	1.163568390408786096e-01	4.803808987210834935e+00	3.576649801251714084e-02	8.039748186888847487e-03	0.000000000000000000e+00
8.214343584919422200e-10	1.160695798726034123e-01	4.746391756683279617e+00	3.610979862023883796e-02	8.018907046742311875e-03	0.000000000000000000e+00
8.603464416684491388e-10	1.157794338142058566e-01	4.689661546542675197e+00	3.645525628418429254e-02	7.997103852279627278e-03	0.000000000000000000e+00
9.011018251665036851e-10	1.154864193885076357e-01	4.633609825002860561e+00	3.680287023753729680e-02	7.974344196245632121e-03	0.000000000000000000e+00
9.437878277775391497e-10	1.151905545869264524e-01	4.578228202348440412e+00	3.715263901718685730e-02	7.950660594085520380e-03	0.000000000000000000e+00
9.884959046625586031e-10	1.148918574871959780e-01	4.523508418250322904e+00	3.750456071496510724e-02	7.926056801871316643e-03	0.000000000000000000e+00
1.035321843295661502e-09	1.145903451585097987e-01	4.469442354363847514e+00	3.785863247365864326e-02	7.900552364535271682e-03	0.000000000000000000e+00
1.084365968689608688e-09	1.142860350442429368e-01	4.416022009221994615e+00	3.821485109505387556e-02	7.874164055122086919e-03	0.000000000000000000e+00
1.135733358343102889e-09	1.139789438701430957e-01	4.363239515309346395e+00	3.857321249510976130e-02	7.846908465625274109e-03	0.000000000000000000e+00
1.189534067370320724e-09	1.136690870595090386e-01	4.311087147259387464e+00	3.893371136460560544e-02	7.818801609895372276e-03	0.000000000000000000e+00
1.245883364295008068e-09	1.133564848303269534e-01	4.259557200203592409e+00	3.929634431607029882e-02	7.789863984994799435e-03	0.000000000000000000e+00
1.304901978014401580e-09	1.130411484625079011e-01	4.208642255427908374e+00	3.966110271654142011e-02	7.760095329005504104e-03	0.000000000000000000e+00
1.366716356462010101e-09	1.127230985752462611e-01	4.158334824061985735e+00	4.002798220870591034e-02	7.729527807934653133e-03	0.000000000000000000e+00
1.431458937523481393e-09	1.124023478941330312e-01	4.108627674298232613e+00	4.039697364146052627e-02	7.698165850392141123e-03	0.000000000000000000e+00
1.499268432786047049e-09	1.120789127544432190e-01	4.059513610941493766e+00	4.076806910614427099e-02	7.666039147622116280e-03	0.000000000000000000e+00
1.570290124729377524e-09	1.117528094234196967e-01	4.010985544355924581e+00	4.114125998514344545e-02	7.633153265235529880e-03	0.000000000000000000e+00
1.644676177994662829e-09	1.114240519601286811e-01	3.963036524981516262e+00	4.151653574990637335e-02	7.599524882783129445e-03	0.000000000000000000e+00
1.722585965398783835e-09	1.110926585500308650e-01	3.915659631144107866e+00	4.189388741766453261e-02	7.565174349696571210e-03	0.000000000000000000e+00
1.804186409392068039e-09	1.107586419182299275e-01	3.868848131771879029e+00	4.227330224737942121e-02	7.530106865714870402e-03	0.000000000000000000e+00
1.889652339691211477e-09	1.104220182093724884e-01	3.822595333483722158e+00	4.265476860461779596e-02	7.494347844625698536e-03	0.000000000000000000e+00
1.979166867853557524e-09	1.100828027202168519e-01	3.776894650760877603e+00	4.303827359695861637e-02	7.457906533368858885e-03	0.000000000000000000e+00
2.072921779595369695e-09	1.097410105466922747e-01	3.731739593904455532e+00	4.342380339233999076e-02	7.420805098244605096e-03	0.000000000000000000e+00
2.171117945694509622e-09	1.093966567178338428e-01	3.687123764570649609e+00	4.381134327402898265e-02	7.383053353827381121e-03	0.000000000000000000e+00
2.273965752357932151e-09	1.090497569427152647e-01	3.643040842530258949e+00	4.420087805819364335e-02	7.344667908667111209e-03	0.000000000000000000e+00
2.381685551976160644e-09	1.087003260351685763e-01	3.599484608732508750e+00	4.459239114871689502e-02	7.305665269494681160e-03	0.000000000000000000e+00
2.494508135230316413e-09	1.083483795729907745e-01	3.556448919088873062e+00	4.498586547421847687e-02	7.266058663571362507e-03	0.000000000000000000e+00
2.612675225563326382e-09	1.079939326037496761e-01	3.513927721719969366e+00	4.538128271013127518e-02	7.225867201446112796e-03	0.000000000000000000e+00
2.736439997074666368e-09	1.076370010859437759e-01	3.471915033849378940e+00	4.577862412771224743e-02	7.185096995703182422e-03	0.000000000000000000e+00
2.866067616948244470e-09	1.072776002697771042e-01	3.430404965799725758e+00	4.617786957079378363e-02	7.143773904576993135e-03	0.000000000000000000e+00
3.001835813575592210e-09	1.069157456864276712e-01	3.389391703950869417e+00	4.657899804124664145e-02	7.101906710146601957e-03	0.000000000000000000e+00
3.144035471591500167e-09	1.065514526738252088e-01	3.348869515954901566e+00	4.698198738339871838e-02	7.059508759508517639e-03	0.000000000000000000e+00
3.292971255097148186e-09	1.061847390292973009e-01	3.308832714712710565e+00	4.738681592822275440e-02	7.016600915298445984e-03	0.000000000000000000e+00
3.448962260405766611e-09	1.058156188510434303e-01	3.269275739875944886e+00	4.779345858707592654e-02	6.973189877554814703e-03	0.000000000000000000e+00
3.612342699709437910e-09	1.054441090908405099e-01	3.230193068069783902e+00	4.820189096438777521e-02	6.929297366981822595e-03	0.000000000000000000e+00
3.783462617131932968e-09	1.050702260246926534e-01	3.191579259691852410e+00	4.861208709900310260e-02	6.884935501379514308e-03	0.000000000000000000e+00
3.962688638701478467e-09	1.046939863662660897e-01	3.153428942798181200e+00	4.902402015426645526e-02	6.840121349173763909e-03	0.000000000000000000e+00
4.150404757850472502e-09	1.043154071448467723e-01	3.115736813736907251e+00	4.943766232166651314e-02	6.794859298520409228e-03	0.000000000000000000e+00
4.347013158125017173e-09	1.039345049268832755e-01	3.078497646437406754e+00	4.985298426241344116e-02	6.749173256942118428e-03	0.000000000000000000e+00
4.552935074866938773e-09	1.035512973597998432e-01	3.041706271024677832e+00	5.026995613581552308e-02	6.703075388913684422e-03	0.000000000000000000e+00
4.768611697714474181e-09	1.031658017386433146e-01	3.005357591747138013e+00	5.068854659608881819e-02	6.656577476535661085e-03	0.000000000000000000e+00
4.994505115855140358e-09	1.027780359178759317e-01	2.969446574268431061e+00	5.110872339424808730e-02	6.609696394736176879e-03	0.000000000000000000e+00
5.231099308056257792e-09	1.023880174213614019e-01	2.933968255341367737e+00	5.153045273638356266e-02	6.562441196438504806e-03	0.000000000000000000e+00
5.478901179593956120e-09	1.019957657783486377e-01	2.898917715510465953e+00	5.195370089314443190e-02	6.514836369731762979e-03	0.000000000000000000e+00
5.738441648302404521e-09	1.016012982530669212e-01	2.864290126144513948e+00	5.237843118695219291e-02	6.466884007052522629e-03	0.000000000000000000e+00
6.010276782070388176e-09	1.012046343499822254e-01	2.830080698169555653e+00	5.280460712944810842e-02	6.418605222108956197e-03	0.000000000000000000e+00
6.294988990221888141e-09	1.008057930049227335e-01	2.796284712822469487e+00	5.323219041439889582e-02	6.370010632276519071e-03	0.000000000000000000e+00
6.593188271333541710e-09	1.004047938021389169e-01	2.762897506934355984e+00	5.366114176921115558e-02	6.321109849018471082e-03	0.000000000000000000e+00
6.905513520162316861e-09	1.000016564212913017e-01	2.729914478577080139e+00	5.409142052340910195e-02	6.271922433285430191e-03	0.000000000000000000e+00
7.232633896483518810e-09	9.959640111139052288e-02	2.697331080999966435e+00	5.452298493971603766e-02	6.222460959857991671e-03	0.000000000000000000e+00
7.575250258771920716e-09	9.918904826942645525e-02	2.665142826534951048e+00	5.495579187473981914e-02	6.172734860709309414e-03	0.000000000000000000e+00
7.934096665797492339e-09	9.877961877894367304e-02	2.633345282135065357e+00	5.538979701390495808e-02	6.122761478974939574e-03	0.000000000000000000e+00
8.309941949353386453e-09	9.836813352255131815e-02	2.601934073574839967e+00	5.582495447451241849e-02	6.072552286950087114e-03	0.000000000000000000e+00
8.703591361485183753e-09	9.795461466961977171e-02	2.570904872789008255e+00	5.626121776512216233e-02	6.022118429970710861e-03	0.000000000000000000e+00
9.115888299750837812e-09	9.753908348078828283e-02	2.540253417037356076e+00	5.669853809394725941e-02	5.971476450849277917e-03	0.000000000000000000e+00
9.547716114208065503e-09	9.712156244274026962e-02	2.509975489156412554e+00	5.713686596753451974e-02	5.920637025181184690e-03	0.000000000000000000e+00
1.000000000000000021e-08	9.670207418594520266e-02	2.480066926429253193e+00	5.757615034944567334e-02	5.869610422581411635e-03	0.000000000000000000e+00
