pc	M	R	C	k2	j3
9.999999999999999799e-13	9.895203000955092587e-02	5.992143679858917693e+01	2.438443655483375685e-03	2.048956180193381752e-04	0.000000000000000000e+00
1.047370897959448749e-12	9.989066209381543271e-02	5.585322904295667712e+01	2.640868891117975625e-03	2.195273060755655416e-04	0.000000000000000000e+00
1.096985797892381920e-12	1.008534423604316860e-01	5.230267628043205974e+01	2.847325053117004661e-03	2.380770020723066861e-04	0.000000000000000000e+00
1.148951000187311009e-12	1.018411628432191324e-01	4.917031794295206026e+01	3.058373824455706477e-03	2.610114470973368128e-04	0.000000000000000000e+00
1.203377840777590522e-12	1.028564303675137542e-01	4.637847323442399983e+01	3.274803420966458916e-03	2.889279718451503824e-04	0.000000000000000000e+00
1.260382929679727463e-12	1.039037737812515960e-01	4.386565402525583579e+01	3.497654822417083868e-03	3.225542302148507790e-04	0.000000000000000000e+00
1.320088400831416649e-12	1.049898276151901289e-01	4.158260235338118349e+01	3.728256575469903605e-03	3.628405681452471728e-04	0.000000000000000000e+00
1.382622173764653478e-12	1.061236002314442650e-01	3.948944163910856275e+01	3.968270028742202499e-03	4.109798733758555337e-04	0.000000000000000000e+00
1.448118227674535917e-12	1.073168471151042108e-01	3.755360678242834638e+01	4.219747703041990330e-03	4.685120428598596801e-04	0.000000000000000000e+00
1.516716888470924089e-12	1.085845702429715232e-01	3.574833392560377376e+01	4.485207563415621185e-03	5.374528431547077314e-04	0.000000000000000000e+00
1.588565129428052692e-12	1.099452691325118747e-01	3.405197192090889047e+01	4.767651640293400252e-03	6.204361482982683395e-04	0.000000000000000000e+00
1.663816886076127415e-12	1.114197681841044146e-01	3.244858892853450527e+01	5.070335181566723928e-03	7.208006247443119038e-04	0.000000000000000000e+00
1.742633386009647278e-12	1.130303933023345808e-01	3.092734481319314099e+01	5.396632412474443655e-03	8.427207880787478036e-04	0.000000000000000000e+00
1.825183494319046040e-12	1.148007403784680469e-01	2.948130629086031007e+01	5.750004719540119727e-03	9.913139076481922423e-04	0.000000000000000000e+00
1.911644075385703708e-12	1.167554235632733556e-01	2.810647932299591645e+01	6.133958739805179909e-03	1.172861537773637990e-03	0.000000000000000000e+00
2.002200371815584363e-12	1.189197268258200824e-01	2.680100935559184450e+01	6.551986404562895432e-03	1.394868935494895370e-03	0.000000000000000000e+00
2.097046401323230665e-12	1.213191221757828064e-01	2.556450558180575428e+01	7.007483702711204444e-03	1.666253048100660526e-03	0.000000000000000000e+00
2.196385372416542332e-12	1.239786211950892336e-01	2.439746614635802757e+01	7.503645585030988691e-03	1.997375218715167523e-03	0.000000000000000000e+00
2.300430119772921506e-12	1.269219318759425008e-01	2.330079473875116847e+01	8.043335326164720647e-03	2.399966915855394466e-03	0.000000000000000000e+00
2.409403560239526876e-12	1.301703922716432038e-01	2.227540627220712111e+01	8.628927397881186109e-03	2.886963646537596666e-03	0.000000000000000000e+00
2.523539170434765862e-12	1.337416561831603623e-01	2.132192180966830364e+01	9.262123885299573811e-03	3.472079339489007963e-03	0.000000000000000000e+00
2.643081486974102692e-12	1.376479440038452795e-01	2.044048644604871612e+01	9.943716569729300209e-03	4.169113718122048270e-03	0.000000000000000000e+00
2.768286630392061017e-12	1.418939391513798498e-01	1.963068484304271877e+01	1.067329786442020034e-02	4.990904653762540631e-03	0.000000000000000000e+00
2.899422853882880921e-12	1.464805022122557532e-01	1.889066597473264864e+01	1.144992880944829643e-02	5.949226640353689512e-03	0.000000000000000000e+00
3.036771118035460378e-12	1.514072467513140063e-01	1.821719978623426073e+01	1.227256316309430044e-02	7.054722820418276967e-03	0.000000000000000000e+00
3.180625692794118977e-12	1.566731192413297613e-01	1.760618098451803704e+01	1.314012701128208782e-02	8.316598906353212667e-03	0.000000000000000000e+00
3.331294787934670055e-12	1.622769420056683343e-01	1.705302671398214187e+01	1.405159350728087467e-02	9.742395737707600784e-03	0.000000000000000000e+00
3.489101213406766494e-12	1.682179427944356931e-01	1.655297475928293238e+01	1.500605381935335957e-02	1.133784598596560174e-02	0.000000000000000000e+00
3.654383070957261569e-12	1.744962749548805425e-01	1.610129706614848999e+01	1.600278360566686695e-02	1.310687630215096218e-02	0.000000000000000000e+00
3.827494478516314936e-12	1.811135352777914209e-01	1.569344484690067532e+01	1.704130531950086291e-02	1.505163172600068947e-02	0.000000000000000000e+00
4.008806328898464320e-12	1.880732867584611889e-01	1.532514094360218593e+01	1.812144694983863422e-02	1.717266215755819045e-02	0.000000000000000000e+00
4.198707084443905621e-12	1.953815956306036716e-01	1.499243314503500990e+01	1.924339817656094132e-02	1.946916073319388332e-02	0.000000000000000000e+00
4.397603609302712498e-12	2.030475927396755698e-01	1.469171972762291389e+01	2.040776503063611649e-02	2.193923944477749882e-02	0.000000000000000000e+00
4.605922041145112927e-12	2.110840343577157774e-01	1.441975664289840786e+01	2.161561966085665323e-02	2.458028352394478477e-02	0.000000000000000000e+00
4.824108704165373984e-12	2.195064075665721093e-01	1.417368436037385315e+01	2.286834208456679438e-02	2.738876726967632083e-02	0.000000000000000000e+00
5.052631065335679604e-12	2.283309809891692910e-01	1.395103306373995267e+01	2.416733207378201492e-02	3.035968337922407417e-02	0.000000000000000000e+00
5.291978735958436557e-12	2.375745076269930589e-01	1.374966055521671393e+01	2.551397327258300013e-02	3.348646283453508149e-02	0.000000000000000000e+00
5.542664520663095602e-12	2.472541579656662714e-01	1.356769677612876279e+01	2.690962896745842381e-02	3.676100137623469072e-02	0.000000000000000000e+00
5.805225516094907684e-12	2.573874354252047580e-01	1.340349964284681583e+01	2.835563455566332894e-02	4.017367825369186352e-02	0.000000000000000000e+00
6.080224261649427052e-12	2.679920760858146012e-01	1.325561915298150062e+01	2.985328797087293332e-02	4.371343199590450174e-02	0.000000000000000000e+00
6.368249944718585906e-12	2.790859338975276160e-01	1.312276781614706067e+01	3.140383873678927185e-02	4.736780320436156239e-02	0.000000000000000000e+00
6.669919663030115058e-12	2.906868492949060134e-01	1.300379605870440436e+01	3.300847573676730928e-02	5.112301399657191020e-02	0.000000000000000000e+00
6.985879746785234820e-12	3.028125008592594258e-01	1.289767159121760365e+01	3.466831392883892166e-02	5.496409152310031271e-02	0.000000000000000000e+00
7.316807143427207274e-12	3.154802383228514917e-01	1.280346197760142957e+01	3.638438002943204796e-02	5.887488259610666047e-02	0.000000000000000000e+00
7.663410868007462274e-12	3.287068576203172610e-01	1.272032003390737565e+01	3.815759214578772623e-02	6.283826350569202135e-02	0.000000000000000000e+00
8.026433522257174683e-12	3.425064314966884682e-01	1.264748047967186473e+01	3.998848476209758418e-02	6.683567053720566864e-02	0.000000000000000000e+00
8.406652885618316356e-12	3.568889690292787464e-01	1.258424562275400760e+01	4.187705895176026955e-02	7.084698730084852680e-02	0.000000000000000000e+00
8.804883581643446547e-12	3.718627167915824483e-01	1.252995886296492323e+01	4.382311330961050078e-02	7.485159030335893082e-02	0.000000000000000000e+00
9.221978823334340144e-12	3.874341414933879513e-01	1.248399872184649517e+01	4.582625933562364806e-02	7.882871351067707866e-02	0.000000000000000000e+00
9.658832241158709141e-12	4.036076817498716607e-01	1.244577474652017024e+01	4.788590746541730725e-02	8.275750260405478897e-02	0.000000000000000000e+00
1.011637979766206976e-11	4.203854928624157772e-01	1.241472379149641547e+01	5.000125372396753420e-02	8.661745881791660384e-02	0.000000000000000000e+00
1.059560179277614774e-11	4.377671897836971637e-01	1.239030667020159093e+01	5.217126748363003913e-02	9.038842933982606243e-02	0.000000000000000000e+00
1.109752496412069864e-11	4.557495887700228065e-01	1.237200517218687423e+01	5.439468017808178624e-02	9.405097671975617968e-02	0.000000000000000000e+00
1.162322468679854125e-11	4.743264531666629424e-01	1.235931942688398877e+01	5.666997541220256812e-02	9.758646972377485462e-02	0.000000000000000000e+00
1.217382727739662020e-11	4.934882452631805805e-01	1.235176560238140198e+01	5.899538041134176625e-02	1.009773773929921042e-01	0.000000000000000000e+00
1.275051240713012859e-11	5.132218905049448221e-01	1.234887391979123095e+01	6.136885925821213006e-02	1.042073076519809682e-01	0.000000000000000000e+00
1.335451562929897339e-11	5.335104633717978606e-01	1.235018696999331134e+01	6.378809670254172171e-02	1.072612589383643011e-01	0.000000000000000000e+00
1.398713102647241439e-11	5.543326340687877440e-01	1.235525893533827890e+01	6.625044963479055637e-02	1.101256559365192955e-01	0.000000000000000000e+00
1.464971398307287854e-11	5.756646648509706754e-01	1.236365801146413368e+01	6.875318536761983179e-02	1.127888658335508970e-01	0.000000000000000000e+00
1.534368408930013065e-11	5.974815253105890678e-01	1.237496967714037233e+01	7.129360451118012254e-02	1.152414310077648635e-01	0.000000000000000000e+00
1.607052818261638620e-11	6.197569510481256705e-01	1.238879864892448879e+01	7.386903862359922579e-02	1.174760179693250389e-01	0.000000000000000000e+00
1.683180353330955093e-11	6.424635071601662029e-01	1.240476998067251202e+01	7.647684859846108629e-02	1.194873411802772484e-01	0.000000000000000000e+00
1.762914118095944293e-11	6.655726627341265189e-01	1.242252960586400690e+01	7.911442396684714717e-02	1.212721132257563450e-01	0.000000000000000000e+00
1.846424942895546448e-11	6.890548737689442538e-01	1.244174449235648083e+01	8.177918264720202002e-02	1.228289090257211336e-01	0.000000000000000000e+00
1.933891750455232057e-11	7.128796728648509884e-01	1.246210252689904685e+01	8.446857088890602494e-02	1.241580642658319522e-01	0.000000000000000000e+00
2.025501939230666486e-11	7.370157643851352747e-01	1.248331220768188565e+01	8.718006329054941994e-02	1.252615136784699656e-01	0.000000000000000000e+00
2.121451784910627571e-11	7.614311242049567330e-01	1.250510220694880736e+01	8.991116281398965626e-02	1.261426915253202607e-01	0.000000000000000000e+00
2.221946860939528424e-11	7.860931029454651942e-01	1.252722084426447680e+01	9.265940074314799046e-02	1.268063537351795944e-01	0.000000000000000000e+00
2.327202478960412005e-11	8.109708118562742873e-01	1.254943761399511004e+01	9.542258877953223306e-02	1.272584735797098465e-01	0.000000000000000000e+00
2.437444150122221807e-11	8.360427785108771603e-01	1.257155036950634930e+01	9.819963989087640566e-02	1.275061271017401965e-01	0.000000000000000000e+00
2.552908068239516723e-11	8.612925035509669813e-01	1.259338235847905629e+01	1.009900326806968396e-01	1.275570846320099594e-01	0.000000000000000000e+00
2.673841615839943880e-11	8.867066953820769148e-01	1.261478049322151840e+01	1.037935879439230852e-01	1.274196556502427968e-01	0.000000000000000000e+00
2.800503894183625342e-11	9.122752374466744918e-01	1.263561452479619440e+01	1.066104443016288178e-01	1.271025370766810936e-01	0.000000000000000000e+00
2.933166278390048099e-11	9.379911541351562132e-01	1.265577597541552635e+01	1.094410369038131964e-01	1.266146815446267393e-01	0.000000000000000000e+00
3.072112998861759207e-11	9.638505747579839689e-01	1.267517697426764656e+01	1.122860782951038694e-01	1.259652183149873872e-01	0.000000000000000000e+00
3.217641750250735458e-11	9.898526955017484807e-01	1.269374907323288859e+01	1.151465409347792734e-01	1.251633320928383919e-01	0.000000000000000000e+00
3.370064329271925032e-11	1.015999738483049919e+00	1.271144208360543892e+01	1.180236409336740122e-01	1.242181884368952632e-01	0.000000000000000000e+00
3.529707302730657668e-11	1.042296908430337954e+00	1.272822296394923747e+01	1.209188227431307328e-01	1.231388666773459012e-01	0.000000000000000000e+00
3.696912707195032437e-11	1.068752346222924920e+00	1.274407477178796100e+01	1.238337444756203165e-01	1.219343156424000929e-01	0.000000000000000000e+00
3.872038781812557004e-11	1.095377082036809391e+00	1.275899568767614412e+01	1.267702639468832049e-01	1.206132726404005873e-01	0.000000000000000000e+00
4.055460735840827506e-11	1.122184465750068361e+00	1.277299727811906571e+01	1.297303733466036169e-01	1.191842656643552906e-01	0.000000000000000000e+00
4.247571552536894126e-11	1.149186612528251050e+00	1.278609806853425113e+01	1.327158405319862899e-01	1.176555903407134479e-01	0.000000000000000000e+00
4.448782831127576069e-11	1.176392178786862530e+00	1.279831767495678108e+01	1.357280087394741319e-01	1.160352909622635320e-01	0.000000000000000000e+00
4.659525668664686662e-11	1.203806263100585028e+00	1.280967434374916358e+01	1.387678132533960718e-01	1.143311237723481505e-01	0.000000000000000000e+00
4.880251583654433574e-11	1.231430433008879888e+00	1.282018349717875161e+01	1.418358043905880994e-01	1.125505533002244957e-01	0.000000000000000000e+00
5.111433483440165318e-11	1.259262765908406356e+00	1.282985676053509039e+01	1.449321682806174461e-01	1.107007496011251230e-01	0.000000000000000000e+00
5.353566677410718816e-11	1.287297900075781376e+00	1.283870130244322816e+01	1.480567462367662346e-01	1.087885961682064501e-01	0.000000000000000000e+00
5.607169938205469661e-11	1.315527093404974757e+00	1.284671939231480842e+01	1.512090531253194037e-01	1.068206946309519789e-01	0.000000000000000000e+00
5.872786613189488850e-11	1.343938291151051123e+00	1.285390812267170979e+01	1.543882951983089058e-01	1.048033956609959044e-01	0.000000000000000000e+00
6.150985788580503926e-11	1.372516203123570477e+00	1.286025925704348083e+01	1.575933876765518993e-01	1.027427953929103688e-01	0.000000000000000000e+00
6.442363508721370414e-11	1.401242391209393867e+00	1.286575918029444487e+01	1.608229722760142200e-01	1.006447411220371957e-01	0.000000000000000000e+00
6.747544053110686101e-11	1.430095133456710688e+00	1.287038890474025266e+01	1.640754082790184532e-01	9.851487283742559053e-02	0.000000000000000000e+00
7.067181273927477085e-11	1.459047629653009714e+00	1.287412448335242843e+01	1.673485679367657797e-01	9.635878236134912123e-02	0.000000000000000000e+00
7.401959996915652408e-11	1.488070390462071346e+00	1.287693943956333165e+01	1.706400843153308977e-01	9.418192542221294483e-02	0.000000000000000000e+00
7.752597488629464062e-11	1.517133319278567205e+00	1.287880650053763532e+01	1.739475688717920798e-01	9.198951035687205624e-02	0.000000000000000000e+00
8.119844993184008328e-11	1.546205866241603610e+00	1.287969835572895150e+01	1.772686183421115502e-01	8.978652154461866375e-02	0.000000000000000000e+00
8.504489341802668113e-11	1.575257138371409571e+00	1.287958818368059610e+01	1.806008185590197990e-01	8.757771716397205752e-02	0.000000000000000000e+00
8.907354638610458163e-11	1.604256002231647660e+00	1.287845005208498073e+01	1.839417482867489184e-01	8.536764077805317208e-02	0.000000000000000000e+00
9.329304026284695888e-11	1.633171183442413188e+00	1.287625923427431118e+01	1.872889831711182507e-01	8.316061620002572485e-02	0.000000000000000000e+00
9.771241535346501225e-11	1.661971364762887315e+00	1.287299246605152092e+01	1.906400998072288744e-01	8.096075164873690888e-02	0.000000000000000000e+00
1.023411402105452712e-10	1.690625283956269431e+00	1.286862815733958776e+01	1.939926799664619117e-01	7.877193554973320466e-02	0.000000000000000000e+00
1.071891319205126445e-10	1.719101830700393130e+00	1.286314656637749465e+01	1.973443148781359180e-01	7.659784018808599160e-02	0.000000000000000000e+00
1.122667773510811312e-10	1.747370143458651937e+00	1.285652994439675467e+01	2.006926096342048216e-01	7.444190890583868292e-02	0.000000000000000000e+00
1.175849554052158201e-10	1.775399419525155453e+00	1.284876269645272018e+01	2.040351541084871323e-01	7.230739716649446647e-02	0.000000000000000000e+00
1.231550603292826197e-10	1.803157699401326974e+00	1.283983126647677508e+01	2.073693799662649218e-01	7.019742463805685173e-02	0.000000000000000000e+00
1.289890261253308184e-10	1.830611920290219130e+00	1.282972316843764560e+01	2.106925772066993441e-01	6.811496248988177515e-02	0.000000000000000000e+00
1.350993521198024986e-10	1.857728201037301297e+00	1.281842646134104413e+01	2.140019312981156774e-01	6.606277928912973607e-02	0.000000000000000000e+00
1.414991297434578731e-10	1.884472039258055176e+00	1.280592958678351678e+01	2.172945448299700155e-01	6.404344366819172962e-02	0.000000000000000000e+00
1.482020705798860072e-10	1.910808531145367972e+00	1.279222135090462054e+01	2.205674594925241261e-01	6.205930868038909282e-02	0.000000000000000000e+00
1.552225357427047968e-10	1.936702601087354036e+00	1.277729099023786752e+01	2.238176777407743512e-01	6.011250965061390450e-02	0.000000000000000000e+00
1.625755666443793407e-10	1.962119236208724971e+00	1.276112829292812201e+01	2.270421839780081830e-01	5.820496638056578409e-02	0.000000000000000000e+00
1.702769172225897821e-10	1.987023718386371929e+00	1.274372375016401904e+01	2.302379647971423970e-01	5.633836860243009170e-02	0.000000000000000000e+00
1.783430876931905687e-10	2.011381854725947438e+00	1.272506873536134542e+01	2.334020284298732317e-01	5.451420488842419199e-02	0.000000000000000000e+00
1.867913599020784805e-10	2.035160199659073132e+00	1.270515569105264753e+01	2.365314229802163992e-01	5.273374415557385148e-02	0.000000000000000000e+00
1.956398343517064725e-10	2.058326273223278324e+00	1.268397831900972150e+01	2.396232540885027684e-01	5.099805125778334586e-02	0.000000000000000000e+00
2.049074689815846066e-10	2.080849048132337842e+00	1.266153156197115770e+01	2.426747379203996746e-01	4.930797352802138850e-02	0.000000000000000000e+00
2.146141197858401440e-10	2.102699545618649690e+00	1.263781181561164857e+01	2.456832631286016144e-01	4.766412560749253707e-02	0.000000000000000000e+00
2.247805833548729991e-10	2.123850848014796178e+00	1.261281771674808816e+01	2.486463738154094938e-01	4.606693653137856198e-02	0.000000000000000000e+00
2.354286414322420067e-10	2.144278197184005030e+00	1.258655053226510567e+01	2.515617695625831374e-01	4.451665087335517079e-02	0.000000000000000000e+00
2.465811075822603842e-10	2.163959078036242545e+00	1.255901439194220082e+01	2.544273066947466688e-01	4.301335256168671572e-02	0.000000000000000000e+00
2.582618760682674929e-10	2.182873278349597879e+00	1.253021644524329048e+01	2.572409984110979875e-01	4.155698028450337950e-02	0.000000000000000000e+00
2.704959730463131364e-10	2.201002930126216839e+00	1.250016696279142181e+01	2.600010141083480275e-01	4.014733587303716267e-02	0.000000000000000000e+00
2.833096101839318258e-10	2.218332535041399378e+00	1.246887939626216202e+01	2.627056780061076680e-01	3.878409736556370085e-02	0.000000000000000000e+00
2.967302408188872501e-10	2.234848976292824307e+00	1.243637040584232523e+01	2.653534672220946855e-01	3.746682831339166742e-02	0.000000000000000000e+00
3.107866187782014063e-10	2.250541516959933652e+00	1.240265985587220499e+01	2.679430093457943474e-01	3.619499101740034780e-02	0.000000000000000000e+00
3.255088599835056406e-10	2.265401787534593758e+00	1.236777079043691963e+01	2.704730796119724223e-01	3.496795847065656965e-02	0.000000000000000000e+00
3.409285069746807543e-10	2.279423843129926297e+00	1.233172916071038827e+01	2.729426123834083895e-01	3.378502015339285985e-02	0.000000000000000000e+00
3.570785964900469852e-10	2.292604779088645905e+00	1.229456142934247254e+01	2.753508282628846504e-01	3.264532408343810699e-02	0.000000000000000000e+00
3.739937302478801677e-10	2.304943828584504306e+00	1.225629500657552740e+01	2.776971197732965857e-01	3.154791762227226321e-02	0.000000000000000000e+00
3.917101490809260641e-10	2.316441610010684826e+00	1.221695931799681212e+01	2.799809384306902182e-01	3.049184249381434522e-02	0.000000000000000000e+00
4.102658105827190344e-10	2.327100092871575487e+00	1.217658559612919511e+01	2.822017954379267279e-01	2.947610873173035773e-02	0.000000000000000000e+00
4.297004704320835313e-10	2.336922586384190481e+00	1.213520672778536280e+01	2.843592643309851842e-01	2.849970758800947704e-02	0.000000000000000000e+00
4.500557675700488183e-10	2.345913732386563755e+00	1.209285714440164838e+01	2.864529835894889520e-01	2.756161014833262077e-02	0.000000000000000000e+00
4.713753134116729086e-10	2.354079492042775001e+00	1.204957273825364972e+01	2.884826582650166782e-01	2.666078061593287613e-02	0.000000000000000000e+00
4.937047852839003559e-10	2.361427134522736893e+00	1.200539079266435571e+01	2.904480618530023706e-01	2.579616923019681027e-02	0.000000000000000000e+00
5.170920242896755486e-10	2.367965216173062881e+00	1.196034992117125562e+01	2.923490370918184200e-01	2.496672269135579228e-02	0.000000000000000000e+00
5.415871378079465267e-10	2.373703556131786296e+00	1.191449001385501916e+01	2.941854964210459666e-01	2.417138594841880539e-02	0.000000000000000000e+00
5.672426068491988835e-10	2.378653205688192163e+00	1.186785217980068019e+01	2.959574220083253104e-01	2.340910476880257718e-02	0.000000000000000000e+00
5.941133984965039838e-10	2.382826416347803455e+00	1.182047869701666087e+01	2.976648656576176832e-01	2.267882922226702874e-02	0.000000000000000000e+00
6.222570836730231313e-10	2.386236594726700133e+00	1.177241295519857012e+01	2.993079474551019747e-01	2.197952289903313747e-02	0.000000000000000000e+00
6.517339604882420571e-10	2.388898262754993063e+00	1.172369939164906860e+01	3.008868554274546914e-01	2.131015537585968442e-02	0.000000000000000000e+00
6.826071834272379248e-10	2.390827006128361631e+00	1.167438343686105107e+01	3.024018436455784276e-01	2.066970758028784452e-02	0.000000000000000000e+00
7.149428986597561750e-10	2.392039424877182352e+00	1.162451144418585258e+01	3.038532311315551571e-01	2.005718324474936934e-02	0.000000000000000000e+00
7.488103857590030225e-10	2.392553074496657217e+00	1.157413061348578864e+01	3.052413998530557615e-01	1.947160119444676235e-02	0.000000000000000000e+00
7.842822061337681836e-10	2.392386411768353760e+00	1.152328893112798980e+01	3.065667929785468315e-01	1.891199514866603870e-02	0.000000000000000000e+00
8.214343584919422200e-10	2.391558733026466932e+00	1.147203507391537158e+01	3.078299131980219983e-01	1.837742325207105537e-02	0.000000000000000000e+00
8.603464416684491388e-10	2.390090111386007354e+00	1.142041833916990790e+01	3.090313202786346691e-01	1.786696986353420585e-02	0.000000000000000000e+00
9.011018251665036851e-10	2.388001335423340699e+00	1.136848855012543602e+01	3.101716295008247748e-01	1.737973552944889824e-02	0.000000000000000000e+00
9.437878277775391497e-10	2.385313843446558835e+00	1.131629596948106098e+01	3.112515093320023518e-01	1.691484804630784960e-02	0.000000000000000000e+00
9.884959046625586031e-10	2.382553884922841814e+00	1.127147958347223167e+01	3.121275029218744668e-01	1.653433450188802195e-02	0.000000000000000000e+00
1.035321843295661502e-09	2.380389725801544287e+00	1.124112870479887505e+01	3.126859603989909364e-01	1.628755089802267492e-02	0.000000000000000000e+00
1.084365968689608688e-09	2.377942853818966640e+00	1.121116771482984653e+01	3.131993117802065463e-01	1.605422407063914966e-02	0.000000000000000000e+00
1.135733358343102889e-09	2.375187982521646202e+00	1.118149880262090612e+01	3.136665452860863956e-01	1.583367833645856967e-02	0.000000000000000000e+00
1.189534067370320724e-09	2.372114009602300566e+00	1.115205376247380187e+01	3.140877070440911689e-01	1.562522987090927615e-02	0.000000000000000000e+00
1.245883364295008068e-09	2.368717456723324233e+00	1.112278264069207268e+01	3.144633562457813114e-01	1.542821757960061504e-02	0.000000000000000000e+00
1.304901978014401580e-09	2.364999634346011792e+00	1.109364840428512800e+01	3.147943402406027658e-01	1.524201476159670401e-02	0.000000000000000000e+00
1.366716356462010101e-09	2.360965070283697287e+00	1.106462374795420800e+01	3.150816757349285124e-01	1.506604203383816142e-02	0.000000000000000000e+00
1.431458937523481393e-09	2.356620533482924440e+00	1.103568895614345280e+01	3.153264788261803120e-01	1.489976003191254006e-02	0.000000000000000000e+00
1.499268432786047049e-09	2.351974377894749058e+00	1.100683035962997813e+01	3.155299206680740598e-01	1.474266924922977388e-02	0.000000000000000000e+00
1.570290124729377524e-09	2.347036086380358100e+00	1.097803918672277845e+01	3.156931985961439202e-01	1.459430944579157528e-02	0.000000000000000000e+00
1.644676177994662829e-09	2.341815936429292311e+00	1.094931066095728944e+01	3.158175165545957230e-01	1.445425144420858961e-02	0.000000000000000000e+00
1.722585965398783835e-09	2.336324754376104096e+00	1.092064329422991165e+01	3.159040718521235469e-01	1.432210588140714162e-02	0.000000000000000000e+00
1.804186409392068039e-09	2.330573729819468198e+00	1.089203831473318651e+01	3.159540461997571992e-01	1.419749928824852979e-02	0.000000000000000000e+00
1.889652339691211477e-09	2.324574273402420399e+00	1.086349919998074043e+01	3.159685996210689352e-01	1.408009850616767991e-02	0.000000000000000000e+00
1.979166867853557524e-09	2.318337907172477230e+00	1.083503129092837192e+01	3.159488664699525717e-01	1.396958852830145446e-02	0.000000000000000000e+00
2.072921779595369695e-09	2.311876179934794440e+00	1.080664147092117311e+01	3.158959529972421021e-01	1.386567603579288641e-02	0.000000000000000000e+00
2.171117945694509622e-09	2.305200600543763745e+00	1.077833789519059948e+01	3.158109359186847542e-01	1.376809066051959060e-02	0.000000000000000000e+00
2.273965752357932151e-09	2.298322589459655951e+00	1.075012977747338816e+01	3.156948618332118262e-01	1.367657850993315646e-02	0.000000000000000000e+00
2.381685551976160644e-09	2.291253432654360545e+00	1.072202717016938500e+01	3.155487471716049708e-01	1.359090575112659703e-02	0.000000000000000000e+00
2.494508135230316413e-09	2.284004256701358315e+00	1.069404082859129801e+01	3.153735785993245777e-01	1.351085074751247513e-02	0.000000000000000000e+00
2.612675225563326382e-09	2.276586002296591804e+00	1.066618205964116228e+01	3.151703136733506327e-01	1.343620900372919855e-02	0.000000000000000000e+00
2.736439997074666368e-09	2.269009406301448095e+00	1.063846260290765322e+01	3.149398817261308547e-01	1.336678796543007593e-02	0.000000000000000000e+00
2.866067616948244470e-09	2.261284988808943908e+00	1.061089452972979785e+01	3.146831849188540531e-01	1.330240824439713268e-02	0.000000000000000000e+00
3.001835813575592210e-09	2.253423043196267184e+00	1.058349015510509084e+01	3.144010993316126434e-01	1.324289962896669885e-02	0.000000000000000000e+00
3.144035471591500167e-09	2.245433630434007899e+00	1.055626196283933282e+01	3.140944762541553192e-01	1.318811035545269621e-02	0.000000000000000000e+00
3.292971255097148186e-09	2.237326573210871583e+00	1.052922253677399667e+01	3.137641432699704303e-01	1.313787811317175709e-02	0.000000000000000000e+00
3.448962260405766611e-09	2.229111454713756935e+00	1.050238451019671082e+01	3.134109054471151956e-01	1.309207899499397441e-02	0.000000000000000000e+00
3.612342699709437910e-09	2.220797618094664916e+00	1.047576051114691253e+01	3.130355467459335350e-01	1.305056984408684527e-02	0.000000000000000000e+00
3.783462617131932968e-09	2.212394166776996851e+00	1.044936312461238614e+01	3.126388310378058755e-01	1.301323582245726002e-02	0.000000000000000000e+00
3.962688638701478467e-09	2.203909966825057687e+00	1.042320485231187632e+01	3.122215034823528912e-01	1.297995325255778265e-02	0.000000000000000000e+00
4.150404757850472502e-09	2.195353647700203137e+00	1.039729808449061288e+01	3.117842913127418236e-01	1.295061516799931624e-02	0.000000000000000000e+00
4.347013158125017173e-09	2.186733607885410713e+00	1.037165507265664033e+01	3.113279052763869847e-01	1.292511797266202196e-02	0.000000000000000000e+00
4.552935074866938773e-09	2.178058014542709309e+00	1.034628789148081474e+01	3.108530405494739357e-01	1.290336049212673607e-02	0.000000000000000000e+00
4.768611697714474181e-09	2.169334817552576844e+00	1.032120846704350292e+01	3.103603777023018484e-01	1.288525292771901601e-02	0.000000000000000000e+00
4.994505115855140358e-09	2.160571736398696707e+00	1.029642847342979373e+01	3.098505837399511686e-01	1.287070768884784888e-02	0.000000000000000000e+00
5.231099308056257792e-09	2.151776282482064317e+00	1.027195939774462374e+01	3.093243131341415486e-01	1.285963531189217995e-02	0.000000000000000000e+00
5.478901179593956120e-09	2.142955752464497543e+00	1.024781248459045457e+01	3.087822083326103861e-01	1.285196211334759323e-02	0.000000000000000000e+00
5.738441648302404521e-09	2.134117241946418275e+00	1.022399875364681776e+01	3.082249009772042858e-01	1.284761362169043776e-02	0.000000000000000000e+00
6.010276782070388176e-09	2.125267639607995473e+00	1.020052894247583453e+01	3.076530125579716168e-01	1.284651383340504154e-02	0.000000000000000000e+00
6.294988990221888141e-09	2.116413641422703495e+00	1.017741354402992293e+01	3.070671550982274622e-01	1.284859692045931152e-02	0.000000000000000000e+00
6.593188271333541710e-09	2.107561752072162786e+00	1.015466278023591329e+01	3.064679319164302362e-01	1.285379757377115226e-02	0.000000000000000000e+00
6.905513520162316861e-09	2.098718288918317576e+00	1.013228659096762740e+01	3.058559382842245822e-01	1.286205293536498220e-02	0.000000000000000000e+00
7.232633896483518810e-09	2.089889388280726568e+00	1.011029463520138982e+01	3.052317620452297264e-01	1.287330463768606922e-02	0.000000000000000000e+00
7.575250258771920716e-09	2.081081010114402385e+00	1.008869628585947176e+01	3.045959841863192241e-01	1.288749767399123385e-02	0.000000000000000000e+00
7.934096665797492339e-09	2.072298941436871988e+00	1.006750061854978640e+01	3.039491794030604321e-01	1.290457134697728554e-02	0.000000000000000000e+00
8.309941949353386453e-09	2.063548801924246945e+00	1.004671641351186651e+01	3.032919165763295899e-01	1.292447943965519160e-02	0.000000000000000000e+00
8.703591361485183753e-09	2.054836047805699728e+00	1.002635214830179677e+01	3.026247592731417524e-01	1.294716888727653198e-02	0.000000000000000000e+00
9.115888299750837812e-09	2.046165976398144792e+00	1.000641599560660211e+01	3.019482661793786993e-01	1.297258936158598823e-02	0.000000000000000000e+00
9.547716114208065503e-09	2.037543729804848880e+00	9.986915818756214591e+00	3.012629914720207913e-01	1.300069774617067415e-02	0.000000000000000000e+00
1.000000000000000021e-08	2.028974299174334028e+00	9.967859168620323729e+00	3.005694852249246596e-01	1.303144526614019930e-02	0.000000000000000000e+00
