pc	M	R	C	k2	j3
9.999999999999999799e-13	9.111647658757121571e-02	9.303894833206156534e+01	1.446113431505039772e-03	1.668082103901472588e-04	0.000000000000000000e+00
1.047370897959448749e-12	9.200007961707837301e-02	8.123702897088834618e+01	1.672262328334081375e-03	1.641809122058995386e-04	0.000000000000000000e+00
1.096985797892381920e-12	9.302347009688627377e-02	7.168215087510995431e+01	1.916248125467225538e-03	1.664071260561860322e-04	0.000000000000000000e+00
1.148951000187311009e-12	9.418550592662060239e-02	6.383787867906232805e+01	2.178591791427097590e-03	1.738889441093262800e-04	0.000000000000000000e+00
1.203377840777590522e-12	9.548392245933691458e-02	5.732883976161498651e+01	2.459389610027985350e-03	1.875478734912400713e-04	0.000000000000000000e+00
1.260382929679727463e-12	9.691413143260323160e-02	5.188323276390652694e+01	2.758228962502121996e-03	2.087651741454308208e-04	0.000000000000000000e+00
1.320088400831416649e-12	9.846970049239947564e-02	4.729526147125817914e+01	3.074363541143537628e-03	2.393417159417492016e-04	0.000000000000000000e+00
1.382622173764653478e-12	1.001438804055777426e-01	4.340317950776086775e+01	3.407007625483860110e-03	2.814496311549417006e-04	0.000000000000000000e+00
1.448118227674535917e-12	1.019301078426794183e-01	4.007887543307810319e+01	3.755408556896714951e-03	3.375911654789907402e-04	0.000000000000000000e+00
1.516716888470924089e-12	1.038223135270551073e-01	3.722038804559652903e+01	4.118888548374442446e-03	4.105505566044811245e-04	0.000000000000000000e+00
1.588565129428052692e-12	1.058151875448535839e-01	3.474615568729166171e+01	4.496881877010405586e-03	5.033235937598806373e-04	0.000000000000000000e+00
1.663816886076127415e-12	1.079044166692946782e-01	3.259059098997104087e+01	4.888968289625720588e-03	6.190778006403928465e-04	0.000000000000000000e+00
1.742633386009647278e-12	1.100869023060693924e-01	3.070066952187877973e+01	5.294903381885575355e-03	7.611211764245815609e-04	0.000000000000000000e+00
1.825183494319046040e-12	1.123609667710942922e-01	2.903329388131963285e+01	5.714646782279312817e-03	9.328831330624101767e-04	0.000000000000000000e+00
1.911644075385703708e-12	1.147265680354948858e-01	2.755324321542778421e+01	6.148391470493072899e-03	1.137940949565562944e-03	0.000000000000000000e+00
2.002200371815584363e-12	1.171855144302196977e-01	2.623157082052537703e+01	6.596595706188551449e-03	1.380034377119564344e-03	0.000000000000000000e+00
2.097046401323230665e-12	1.197407926851264959e-01	2.504470224081021712e+01	7.059866539886492862e-03	1.663074105059707958e-03	0.000000000000000000e+00
2.196385372416542332e-12	1.223960954052014521e-01	2.397346298878736803e+01	7.538883388600372930e-03	1.991073907938477328e-03	0.000000000000000000e+00
2.300430119772921506e-12	1.251557999444125879e-01	2.300211740971629482e+01	8.034399072321996710e-03	2.368176306647589314e-03	0.000000000000000000e+00
2.409403560239526876e-12	1.280249760684898652e-01	2.211764470577886854e+01	8.547243192629332131e-03	2.798615316511858346e-03	0.000000000000000000e+00
2.523539170434765862e-12	1.310094073775488199e-01	2.130918968254808732e+01	9.078326163284092254e-03	3.286752743718305246e-03	0.000000000000000000e+00
2.643081486974102692e-12	1.341156239044379861e-01	2.056764113743441413e+01	9.628643851762415037e-03	3.837066162785552487e-03	0.000000000000000000e+00
2.768286630392061017e-12	1.373509862601819675e-01	1.988529664391692009e+01	1.019929006603345970e-02	4.454166925774551491e-03	0.000000000000000000e+00
2.899422853882880921e-12	1.407243997287588588e-01	1.925549176522063632e+01	1.079157976977431800e-02	5.142963882454047730e-03	0.000000000000000000e+00
3.036771118035460378e-12	1.442459349221422160e-01	1.867252289622968320e+01	1.140698360342014793e-02	5.908599647035543689e-03	0.000000000000000000e+00
3.180625692794118977e-12	1.479259643310018024e-01	1.813161298468686766e+01	1.204698039540577637e-02	6.756302227294014827e-03	0.000000000000000000e+00
3.331294787934670055e-12	1.517750780092324558e-01	1.762873251839696920e+01	1.271304579902138646e-02	7.691263874738028805e-03	0.000000000000000000e+00
3.489101213406766494e-12	1.558040203982282990e-01	1.716045560091513522e+01	1.340664412053000493e-02	8.718605780977717323e-03	0.000000000000000000e+00
3.654383070957261569e-12	1.600236144208888323e-01	1.672384677215861259e+01	1.412921815714169096e-02	9.843243046903095775e-03	0.000000000000000000e+00
3.827494478516314936e-12	1.644446702760919976e-01	1.631637104388052606e+01	1.488217696760290101e-02	1.106978453844393272e-02	0.000000000000000000e+00
4.008806328898464320e-12	1.690778728996827351e-01	1.593582184307540039e+01	1.566688099999990688e-02	1.240242526113610744e-02	0.000000000000000000e+00
4.198707084443905621e-12	1.739326407105722394e-01	1.558033262706361199e+01	1.648445526916367948e-02	1.384446373791031575e-02	0.000000000000000000e+00
4.397603609302712498e-12	1.790154545936995523e-01	1.524838973707831435e+01	1.733551615545549096e-02	1.539766232353758854e-02	0.000000000000000000e+00
4.605922041145112927e-12	1.843323101336721281e-01	1.493857969831886656e+01	1.822058818621329068e-02	1.706282542409539443e-02	0.000000000000000000e+00
4.824108704165373984e-12	1.898891868306953612e-01	1.464955415647843218e+01	1.914018195836738809e-02	1.883989213377069635e-02	0.000000000000000000e+00
5.052631065335679604e-12	1.956920353398438894e-01	1.438003279866662076e+01	2.009479169803366286e-02	2.072792366014577364e-02	0.000000000000000000e+00
5.291978735958436557e-12	2.017467581383494690e-01	1.412880427152477480e+01	2.108489249331780419e-02	2.272507204226837871e-02	0.000000000000000000e+00
5.542664520663095602e-12	2.080591857508799769e-01	1.389472564827470968e+01	2.211093732342547455e-02	2.482856795508883718e-02	0.000000000000000000e+00
5.805225516094907684e-12	2.146350465522041395e-01	1.367672091617063934e+01	2.317335352072661184e-02	2.703474289222298696e-02	0.000000000000000000e+00
6.080224261649427052e-12	2.214799320171197961e-01	1.347377869695028707e+01	2.427253894920371191e-02	2.933905911677133285e-02	0.000000000000000000e+00
6.368249944718585906e-12	2.285992566854638530e-01	1.328494946857616199e+01	2.540885776334144905e-02	3.173606944654888684e-02	0.000000000000000000e+00
6.669919663030115058e-12	2.359982129239219795e-01	1.310934245045303825e+01	2.658263577805390632e-02	3.421954104754726389e-02	0.000000000000000000e+00
6.985879746785234820e-12	2.436817206044203377e-01	1.294612227909728830e+01	2.779415549254204282e-02	3.678242931331530963e-02	0.000000000000000000e+00
7.316807143427207274e-12	2.516543718093854909e-01	1.279450559135477938e+01	2.904365077435044212e-02	3.941696767383593564e-02	0.000000000000000000e+00
7.663410868007462274e-12	2.599203704581585783e-01	1.265375758755356728e+01	3.033130122277781851e-02	4.211472803291012312e-02	0.000000000000000000e+00
8.026433522257174683e-12	2.684834672739526695e-01	1.252318863795578885e+01	3.165722627126757449e-02	4.486665069604491712e-02	0.000000000000000000e+00
8.406652885618316356e-12	2.773469680403798376e-01	1.240214998108142908e+01	3.302149097839798819e-02	4.766317071660007565e-02	0.000000000000000000e+00
8.804883581643446547e-12	2.865146910490229404e-01	1.229001949843458519e+01	3.442425565862494014e-02	5.049459201648116846e-02	0.000000000000000000e+00
9.221978823334340144e-12	2.959910541206791090e-01	1.218620495897101641e+01	3.586578511831298860e-02	5.335120978609193126e-02	0.000000000000000000e+00
9.658832241158709141e-12	3.057805579140713825e-01	1.209015164068243386e+01	3.734636657383787889e-02	5.622316066369638377e-02	0.000000000000000000e+00
1.011637979766206976e-11	3.158877645973341419e-01	1.200134103413457787e+01	3.886630572940399236e-02	5.910054900804237454e-02	0.000000000000000000e+00
1.059560179277614774e-11	3.263172859608564624e-01	1.191928907312079211e+01	4.042592468924720295e-02	6.197349443139824748e-02	0.000000000000000000e+00
1.109752496412069864e-11	3.370737701984099499e-01	1.184354418196613423e+01	4.202555999875502712e-02	6.483218848081447050e-02	0.000000000000000000e+00
1.162322468679854125e-11	3.481618872335163206e-01	1.177368527030480116e+01	4.366556063899611206e-02	6.766695311894425913e-02	0.000000000000000000e+00
1.217382727739662020e-11	3.595863123035116793e-01	1.170931972521183617e+01	4.534628594538940571e-02	7.046828481917905007e-02	0.000000000000000000e+00
1.275051240713012859e-11	3.713517085965767350e-01	1.165008145207623791e+01	4.706810349479719630e-02	7.322693314627611028e-02	0.000000000000000000e+00
1.335451562929897339e-11	3.834627082857308689e-01	1.159562896812993849e+01	4.883138695840215371e-02	7.593391393866154304e-02	0.000000000000000000e+00
1.398713102647241439e-11	3.959238914658925190e-01	1.154564359220644221e+01	5.063651375329392135e-02	7.858054921059275111e-02	0.000000000000000000e+00
1.464971398307287854e-11	4.087397657117899930e-01	1.149982773405570136e+01	5.248386285433816884e-02	8.115853998415015202e-02	0.000000000000000000e+00
1.534368408930013065e-11	4.219145541015304479e-01	1.145790383743351448e+01	5.437378539714094600e-02	8.365991822755997065e-02	0.000000000000000000e+00
1.607052818261638620e-11	4.354513333783998630e-01	1.141961492718131765e+01	5.630648283578562618e-02	8.607695319206226658e-02	0.000000000000000000e+00
1.683180353330955093e-11	4.493527512038802407e-01	1.138472030143117308e+01	5.828211113411069927e-02	8.840239317775340500e-02	0.000000000000000000e+00
1.762914118095944293e-11	4.636213903894516042e-01	1.135299360283397085e+01	6.030083236208660241e-02	9.062951870943741772e-02	0.000000000000000000e+00
1.846424942895546448e-11	4.782597553595330231e-01	1.132422219165621158e+01	6.236281209189670910e-02	9.275218515572007660e-02	0.000000000000000000e+00
1.933891750455232057e-11	4.932702583203884550e-01	1.129820648920933834e+01	6.446821680742741145e-02	9.476485387013064421e-02	0.000000000000000000e+00
2.025501939230666486e-11	5.086552031565704235e-01	1.127475928586162190e+01	6.661721120172600652e-02	9.666251930740324405e-02	0.000000000000000000e+00
2.121451784910627571e-11	5.244167683905923694e-01	1.125370506896749667e+01	6.880995530634008428e-02	9.844079360342054830e-02	0.000000000000000000e+00
2.221946860939528424e-11	5.405569886744790997e-01	1.123487935313102248e+01	7.104660152596267708e-02	1.000959600945645622e-01	0.000000000000000000e+00
2.327202478960412005e-11	5.570777347933861812e-01	1.121812803596150765e+01	7.332729147942392001e-02	1.016246810544251394e-01	0.000000000000000000e+00
2.437444150122221807e-11	5.739806936282152439e-01	1.120330676996015207e+01	7.565215292028115712e-02	1.030243442899208967e-01	0.000000000000000000e+00
2.552908068239516723e-11	5.912685549705832821e-01	1.119027950598706056e+01	7.802146191459799485e-02	1.042929228736872993e-01	0.000000000000000000e+00
2.673841615839943880e-11	6.089472068062867782e-01	1.117891700402029542e+01	8.043594082674973555e-02	1.054290897734728727e-01	0.000000000000000000e+00
2.800503894183625342e-11	6.270229224455614592e-01	1.116909876066547724e+01	8.289637160511008351e-02	1.064318880067928325e-01	0.000000000000000000e+00
2.933166278390048099e-11	6.455017365231316973e-01	1.116071234512937949e+01	8.540351295284887012e-02	1.073006912930327822e-01	0.000000000000000000e+00
3.072112998861759207e-11	6.643894131006174986e-01	1.115365238214290855e+01	8.795809877372312569e-02	1.080351339573441399e-01	0.000000000000000000e+00
3.217641750250735458e-11	6.836914120649911775e-01	1.114781968163643455e+01	9.056083630284395003e-02	1.086352424671062633e-01	0.000000000000000000e+00
3.370064329271925032e-11	7.034128538200481451e-01	1.114312047903125169e+01	9.321240404960133563e-02	1.091011502948665141e-01	0.000000000000000000e+00
3.529707302730657668e-11	7.235584839316600014e-01	1.113946576527275312e+01	9.591344982595596813e-02	1.094335010917986545e-01	0.000000000000000000e+00
3.696912707195032437e-11	7.441326332836042390e-01	1.113677070434722793e+01	9.866458819042472905e-02	1.096331046894374883e-01	0.000000000000000000e+00
3.872038781812557004e-11	7.651390399364960127e-01	1.113495411358011289e+01	1.014663796819241515e-01	1.097010124994768354e-01	0.000000000000000000e+00
4.055460735840827506e-11	7.865765423589077265e-01	1.113393807440981220e+01	1.043187619149522349e-01	1.096386388679263940e-01	0.000000000000000000e+00
4.247571552536894126e-11	8.084378402743807035e-01	1.113364665241097029e+01	1.072208965135868913e-01	1.094477970652526500e-01	0.000000000000000000e+00
4.448782831127576069e-11	8.307139068937224868e-01	1.113400490933294051e+01	1.101717651254502939e-01	1.091307692486730985e-01	0.000000000000000000e+00
4.659525668664686662e-11	8.533942139063087629e-01	1.113493874070713829e+01	1.131702035238811577e-01	1.086903114196352133e-01	0.000000000000000000e+00
4.880251583654433574e-11	8.764666909170646392e-01	1.113637479955597875e+01	1.162148997846357001e-01	1.081295758087130465e-01	0.000000000000000000e+00
5.111433483440165318e-11	8.999176932045801491e-01	1.113824045752185476e+01	1.193043931898555149e-01	1.074521953236314553e-01	0.000000000000000000e+00
5.353566677410718816e-11	9.237319774909072967e-01	1.114046380051374641e+01	1.224370737528044095e-01	1.066620911396390092e-01	0.000000000000000000e+00
5.607169938205469661e-11	9.478926878907921738e-01	1.114297364782609634e+01	1.256111826787659758e-01	1.057636025110465366e-01	0.000000000000000000e+00
5.872786613189488850e-11	9.723813503703194749e-01	1.114569960245551172e+01	1.288248133731307310e-01	1.047613684199509981e-01	0.000000000000000000e+00
6.150985788580503926e-11	9.971778790545881010e-01	1.114857211537183801e+01	1.320759135477169721e-01	1.036603611282640308e-01	0.000000000000000000e+00
6.442363508721370414e-11	1.022260592533199342e+00	1.115152257458032103e+01	1.353622879858356609e-01	1.024657711781432473e-01	0.000000000000000000e+00
6.747544053110686101e-11	1.047606242509841357e+00	1.115448340998295862e+01	1.386816023043735135e-01	1.011830506397307650e-01	0.000000000000000000e+00
7.067181273927477085e-11	1.073190052893589375e+00	1.115738821001390946e+01	1.420313874469802673e-01	9.981784169978913379e-02	0.000000000000000000e+00
7.401959996915652408e-11	1.098985772542065087e+00	1.116017185634287756e+01	1.454090451967772757e-01	9.837594869568669353e-02	0.000000000000000000e+00
7.752597488629464062e-11	1.124965739869857151e+00	1.116277067079805541e+01	1.488118544851100566e-01	9.686331038591809717e-02	0.000000000000000000e+00
8.119844993184008328e-11	1.151100957504811673e+00	1.116512255405785581e+01	1.522369784862538378e-01	9.528592851459041779e-02	0.000000000000000000e+00
8.504489341802668113e-11	1.177361785101559866e+00	1.116716720895244386e+01	1.556815516138549682e-01	9.364993002443058878e-02	0.000000000000000000e+00
8.907354638610458163e-11	1.203722076583481071e+00	1.116884662544555518e+01	1.591432172772188902e-01	9.196102110796242068e-02	0.000000000000000000e+00
9.329304026284695888e-11	1.230157256392502507e+00	1.117010515579686114e+01	1.626198687409195209e-01	9.022480976917761353e-02	0.000000000000000000e+00
9.771241535346501225e-11	1.256642500597890066e+00	1.117088962720757017e+01	1.661094032376453089e-01	8.844679225817218826e-02	0.000000000000000000e+00
1.023411402105452712e-10	1.283152780505370627e+00	1.117114945296371609e+01	1.696097220150084295e-01	8.663236618193871641e-02	0.000000000000000000e+00
1.071891319205126445e-10	1.309662919968726635e+00	1.117083672290506158e+01	1.731187320689163700e-01	8.478677758648398011e-02	0.000000000000000000e+00
1.122667773510811312e-10	1.336147651410529269e+00	1.116990624304401791e+01	1.766343481207298671e-01	8.291519218625945098e-02	0.000000000000000000e+00
1.175849554052158201e-10	1.362581667160694288e+00	1.116831553496313667e+01	1.801544943497740137e-01	8.102256587978703961e-02	0.000000000000000000e+00
1.231550603292826197e-10	1.388939684973473643e+00	1.116602488151637296e+01	1.836771070612899237e-01	7.911371364958441621e-02	0.000000000000000000e+00
1.289890261253308184e-10	1.415196496457271413e+00	1.116299726782350987e+01	1.872001366070657757e-01	7.719327456490650274e-02	0.000000000000000000e+00
1.350993521198024986e-10	1.441327032732969027e+00	1.115919840218458425e+01	1.907215501963702431e-01	7.526571632852424587e-02	0.000000000000000000e+00
1.414991297434578731e-10	1.467306417161701404e+00	1.115459666033621744e+01	1.942393341791640304e-01	7.333527129452538373e-02	0.000000000000000000e+00
1.482020705798860072e-10	1.493110028679209833e+00	1.114916308059180317e+01	1.977514968473585433e-01	7.140599956085599831e-02	0.000000000000000000e+00
1.552225357427047968e-10	1.518713541289401947e+00	1.114287125809666712e+01	2.012560698422349859e-01	6.948174146957881991e-02	0.000000000000000000e+00
1.625755666443793407e-10	1.544092529853791307e+00	1.113569758104589624e+01	2.047510459147784123e-01	6.756618311531836785e-02	0.000000000000000000e+00
1.702769172225897821e-10	1.569222323176789669e+00	1.112762146678984365e+01	2.082343487540413707e-01	6.566280124469306423e-02	0.000000000000000000e+00
1.783430876931905687e-10	1.594078961504073355e+00	1.111862539028453156e+01	2.117039527630470708e-01	6.377490419844310254e-02	0.000000000000000000e+00
1.867913599020784805e-10	1.618639349575415221e+00	1.110869498961739055e+01	2.151578948915853495e-01	6.190553652560009529e-02	0.000000000000000000e+00
1.956398343517064725e-10	1.642881285242505873e+00	1.109781897369648718e+01	2.185942737443782313e-01	6.005753323248085723e-02	0.000000000000000000e+00
2.049074689815846066e-10	1.666783507674284737e+00	1.108598915835812271e+01	2.220112489928064148e-01	5.823350379094115181e-02	0.000000000000000000e+00
2.146141197858401440e-10	1.690325735927752371e+00	1.107320045878114456e+01	2.254070404395907556e-01	5.643584059995736257e-02	0.000000000000000000e+00
2.247805833548729991e-10	1.713488680013038890e+00	1.105945068275796039e+01	2.287799276762504941e-01	5.466670934999547093e-02	0.000000000000000000e+00
2.354286414322420067e-10	1.736254084629925698e+00	1.104474057156551225e+01	2.321282494340505820e-01	5.292805613971163919e-02	0.000000000000000000e+00
2.465811075822603842e-10	1.758604756943039193e+00	1.102907376767555903e+01	2.354504024461534506e-01	5.122164852052595030e-02	0.000000000000000000e+00
2.582618760682674929e-10	1.780524564868834370e+00	1.101245651054660613e+01	2.387448424803295666e-01	4.954902595074642258e-02	0.000000000000000000e+00
2.704959730463131364e-10	1.801998605683190924e+00	1.099489764432884265e+01	2.420101021259176144e-01	4.791153407569866823e-02	0.000000000000000000e+00
2.833096101839318258e-10	1.823013776249015283e+00	1.097640763577916445e+01	2.452448850861339291e-01	4.631021419360607794e-02	0.000000000000000000e+00
2.967302408188872501e-10	1.843557946554189364e+00	1.095699850524829699e+01	2.484479544949906304e-01	4.474615600966579121e-02	0.000000000000000000e+00
3.107866187782014063e-10	1.863619536036879021e+00	1.093668375304372731e+01	2.516180749095450198e-01	4.321994844190110013e-02	0.000000000000000000e+00
3.255088599835056406e-10	1.883187557253658717e+00	1.091547815027702129e+01	2.547540203079041166e-01	4.173224259814879711e-02	0.000000000000000000e+00
3.409285069746807543e-10	1.902251644765079464e+00	1.089339755417978139e+01	2.578545800598781579e-01	4.028352481010177844e-02	0.000000000000000000e+00
3.570785964900469852e-10	1.920802092475743850e+00	1.087045879702175100e+01	2.609185647734808544e-01	3.887411891759812860e-02	0.000000000000000000e+00
3.739937302478801677e-10	1.938829890845070292e+00	1.084667956283959356e+01	2.639448127914249542e-01	3.750422666414412326e-02	0.000000000000000000e+00
3.917101490809260641e-10	1.956326761915476942e+00	1.082207834167076577e+01	2.669321948832814595e-01	3.617392740990191952e-02	0.000000000000000000e+00
4.102658105827190344e-10	1.973285188518474342e+00	1.079667430612874846e+01	2.698796203392884729e-01	3.488318284693626287e-02	0.000000000000000000e+00
4.297004704320835313e-10	1.989698406304850398e+00	1.077048741780417629e+01	2.727860325550264808e-01	3.363185889176313614e-02	0.000000000000000000e+00
4.500557675700488183e-10	2.005559334483497658e+00	1.074353982834603549e+01	2.756502254144180264e-01	3.241979567538893353e-02	0.000000000000000000e+00
4.713753134116729086e-10	2.020860027748077048e+00	1.071585628057284900e+01	2.784707525401958761e-01	3.124685146306578273e-02	0.000000000000000000e+00
4.937047852839003559e-10	2.035592490152575706e+00	1.068746185080307853e+01	2.812460926389672156e-01	3.011281018467060547e-02	0.000000000000000000e+00
5.170920242896755486e-10	2.049748793725865159e+00	1.065838147367030864e+01	2.839746771943308379e-01	2.901739360512673935e-02	0.000000000000000000e+00
5.415871378079465267e-10	2.063321188864131184e+00	1.062863969047131896e+01	2.866549121930866972e-01	2.796024003026981869e-02	0.000000000000000000e+00
5.672426068491988835e-10	2.076302226768770964e+00	1.059826053836280479e+01	2.892851984530154796e-01	2.694092125518377304e-02	0.000000000000000000e+00
5.941133984965039838e-10	2.088684887052617345e+00	1.056726751858866820e+01	2.918639510331003106e-01	2.595894094933288987e-02	0.000000000000000000e+00
6.222570836730231313e-10	2.100462701247566510e+00	1.053568362846575468e+01	2.943896167143669196e-01	2.501373361705257897e-02	0.000000000000000000e+00
6.517339604882420571e-10	2.111629869083775812e+00	1.050353129227513804e+01	2.968606936405216445e-01	2.410467718368057219e-02	0.000000000000000000e+00
6.826071834272379248e-10	2.122181367136661390e+00	1.047083265319268364e+01	2.992757400820920677e-01	2.323109117929661807e-02	0.000000000000000000e+00
7.149428986597561750e-10	2.132113045765000603e+00	1.043760940660599879e+01	3.016333946288322632e-01	2.239224621818560260e-02	0.000000000000000000e+00
7.488103857590030225e-10	2.141421715418167615e+00	1.040388310715265696e+01	3.039323817324204313e-01	2.158737277009568911e-02	0.000000000000000000e+00
7.842822061337681836e-10	2.150105222468090549e+00	1.036967518386756559e+01	3.061715241662240072e-01	2.081565515126203997e-02	0.000000000000000000e+00
8.214343584919422200e-10	2.158162509654849348e+00	1.033500708646208821e+01	3.083497497079334959e-01	2.007625487333672756e-02	0.000000000000000000e+00
8.603464416684491388e-10	2.165593667895293173e+00	1.029990041381216592e+01	3.104660971814055537e-01	1.936830611206639616e-02	0.000000000000000000e+00
9.011018251665036851e-10	2.172399976685685630e+00	1.026437694664110900e+01	3.125197238609479511e-01	1.869091465660154341e-02	0.000000000000000000e+00
9.437878277775391497e-10	2.178583927178144197e+00	1.022845890232127708e+01	3.145099037856567414e-01	1.804318162249776009e-02	0.000000000000000000e+00
9.884959046625586031e-10	2.184149495000098362e+00	1.019216719276368543e+01	3.164361240523296814e-01	1.742415823640439121e-02	0.000000000000000000e+00
1.035321843295661502e-09	2.189102392660077445e+00	1.015551887337752035e+01	3.182982076333528698e-01	1.683283496237637789e-02	0.000000000000000000e+00
1.084365968689608688e-09	2.193449382643072099e+00	1.011853060238934887e+01	3.200961144070163522e-01	1.626819527610306668e-02	0.000000000000000000e+00
1.135733358343102889e-09	2.197198156310286699e+00	1.008121958892593284e+01	3.218298970537082360e-01	1.572924295900093514e-02	0.000000000000000000e+00
1.189534067370320724e-09	2.200357315931268598e+00	1.004360364973884678e+01	3.234996989186906258e-01	1.521499804850100918e-02	0.000000000000000000e+00
1.245883364295008068e-09	2.202936345629130432e+00	1.000570128585783714e+01	3.251057495822753940e-01	1.472450443952445787e-02	0.000000000000000000e+00
1.304901978014401580e-09	2.204945573301659412e+00	9.967531744088388379e+00	3.266483595100151960e-01	1.425682914908407359e-02	0.000000000000000000e+00
1.366716356462010101e-09	2.206396129963977604e+00	9.929115060392112113e+00	3.281279148317550187e-01	1.381105694773375643e-02	0.000000000000000000e+00
1.431458937523481393e-09	2.207299904463994267e+00	9.890472069396148314e+00	3.295448724892479642e-01	1.338631014372445270e-02	0.000000000000000000e+00
1.499268432786047049e-09	2.207669498326765289e+00	9.851624408872826422e+00	3.308997555359413645e-01	1.298173165964163107e-02	0.000000000000000000e+00
1.570290124729377524e-09	2.207518177253029013e+00	9.812594518823793521e+00	3.321931480797457037e-01	1.259648842519257503e-02	0.000000000000000000e+00
1.644676177994662829e-09	2.206859821287249890e+00	9.773405616849448307e+00	3.334256907849705853e-01	1.222976701535151249e-02	0.000000000000000000e+00
1.722585965398783835e-09	2.205708881190070247e+00	9.734081648747244131e+00	3.345980781399381376e-01	1.188083714414151122e-02	0.000000000000000000e+00
1.804186409392068039e-09	2.204080318797928317e+00	9.694647303633907143e+00	3.357110510730831332e-01	1.154890659445675927e-02	0.000000000000000000e+00
1.889652339691211477e-09	2.201989568410397169e+00	9.655127919107414414e+00	3.367653964720326853e-01	1.123327149921410709e-02	0.000000000000000000e+00
1.979166867853557524e-09	2.199452483306452155e+00	9.615549440979972218e+00	3.377619425861951852e-01	1.093324344332136273e-02	0.000000000000000000e+00
2.072921779595369695e-09	2.196485287999348834e+00	9.575938400391470040e+00	3.387015546313305592e-01	1.064815543467875769e-02	0.000000000000000000e+00
2.171117945694509622e-09	2.193104532165243370e+00	9.536321812575906165e+00	3.395851333587260323e-01	1.037737308153796438e-02	0.000000000000000000e+00
2.273965752357932151e-09	2.189327044004564460e+00	9.496727139771769188e+00	3.404136112586880758e-01	1.012027898553110455e-02	0.000000000000000000e+00
2.381685551976160644e-09	2.185169885142478563e+00	9.457182209751715973e+00	3.411879505188062378e-01	9.876292199781875128e-03	0.000000000000000000e+00
2.494508135230316413e-09	2.180650306882001122e+00	9.417715146749864985e+00	3.419091407126444437e-01	9.644844578365154020e-03	0.000000000000000000e+00
2.612675225563326382e-09	2.175785705800817205e+00	9.378354319239948111e+00	3.425781957118322341e-01	9.425410009481076032e-03	0.000000000000000000e+00
2.736439997074666368e-09	2.170593585806719350e+00	9.339128221697915677e+00	3.431961539493315616e-01	9.217463762706294347e-03	0.000000000000000000e+00
2.866067616948244470e-09	2.165091512585541444e+00	9.300065452612917838e+00	3.437640739205855001e-01	9.020515080561940582e-03	0.000000000000000000e+00
3.001835813575592210e-09	2.159297079386781615e+00	9.261194598254594013e+00	3.442830348302259313e-01	8.834094152156525895e-03	0.000000000000000000e+00
3.144035471591500167e-09	2.153227866611882035e+00	9.222544174495121538e+00	3.447541340649671326e-01	8.657750322369376500e-03	0.000000000000000000e+00
3.292971255097148186e-09	2.147457054010001087e+00	9.187448778916524006e+00	3.451435736456231473e-01	8.505089330747452395e-03	0.000000000000000000e+00
3.448962260405766611e-09	2.143237935573121700e+00	9.162825679639283294e+00	3.453911444864487534e-01	8.402572722048366055e-03	0.000000000000000000e+00
3.612342699709437910e-09	2.138911811179585509e+00	9.138593102419671155e+00	3.456079890115610342e-01	8.306024324140228940e-03	0.000000000000000000e+00
3.783462617131932968e-09	2.134463029443359083e+00	9.114705623811506285e+00	3.457930219582628917e-01	8.215296059494628378e-03	0.000000000000000000e+00
3.962688638701478467e-09	2.129884064952400902e+00	9.091130717941400263e+00	3.459459868933980053e-01	8.130185187423000573e-03	0.000000000000000000e+00
4.150404757850472502e-09	2.125171806687374154e+00	9.067844062156625640e+00	3.460670395338532601e-01	8.050450284461215661e-03	0.000000000000000000e+00
4.347013158125017173e-09	2.120325978121162969e+00	9.044827315403857426e+00	3.461565786124947697e-01	7.975945894236124295e-03	0.000000000000000000e+00
4.552935074866938773e-09	2.115348270367344519e+00	9.022066758843596546e+00	3.462151581356469054e-01	7.906385244692318640e-03	0.000000000000000000e+00
4.768611697714474181e-09	2.110241780125087008e+00	8.999552356239204798e+00	3.462434324297896659e-01	7.841585057289060523e-03	0.000000000000000000e+00
4.994505115855140358e-09	2.105010635842684774e+00	8.977277071553382726e+00	3.462421215958747522e-01	7.781349097094667280e-03	0.000000000000000000e+00
5.231099308056257792e-09	2.099659731623093162e+00	8.955236322487120759e+00	3.462119891075916001e-01	7.725490361764682234e-03	0.000000000000000000e+00
5.478901179593956120e-09	2.094194522845758133e+00	8.933427576373288659e+00	3.461538238770608955e-01	7.673831361836282172e-03	0.000000000000000000e+00
5.738441648302404521e-09	2.088620879822145948e+00	8.911849991746464639e+00	3.460684299864446589e-01	7.626204693597683770e-03	0.000000000000000000e+00
6.010276782070388176e-09	2.082944971098135589e+00	8.890504139104136172e+00	3.459566181766853266e-01	7.582452063369372192e-03	0.000000000000000000e+00
6.294988990221888141e-09	2.077173169501128847e+00	8.869391777403555110e+00	3.458191988741527445e-01	7.542424312164215314e-03	0.000000000000000000e+00
6.593188271333541710e-09	2.071311984504219161e+00	8.848515635621156505e+00	3.456569793462338502e-01	7.505982500232346449e-03	0.000000000000000000e+00
6.905513520162316861e-09	2.065368000594671738e+00	8.827879272679156841e+00	3.454707587744043629e-01	7.472992662545816303e-03	0.000000000000000000e+00
7.232633896483518810e-09	2.059347838252292728e+00	8.807486887846271983e+00	3.452613290073739405e-01	7.443329770359294849e-03	0.000000000000000000e+00
7.575250258771920716e-09	2.053258106768767632e+00	8.787343267043031148e+00	3.450294686174547598e-01	7.416876689652703199e-03	0.000000000000000000e+00
7.934096665797492339e-09	2.047105387103089758e+00	8.767453591334504637e+00	3.447759473652124984e-01	7.393522585812493594e-03	0.000000000000000000e+00
8.309941949353386453e-09	2.040896195645857780e+00	8.747823434161903222e+00	3.445015200520911702e-01	7.373161417683049210e-03	0.000000000000000000e+00
8.703591361485183753e-09	2.034636976752108861e+00	8.728458593331133386e+00	3.442069316830148051e-01	7.355694100445662499e-03	0.000000000000000000e+00
9.115888299750837812e-09	2.028334076090852367e+00	8.709365106449494576e+00	3.438929121755226470e-01	7.341026642369513112e-03	0.000000000000000000e+00
9.547716114208065503e-09	2.021993738751012071e+00	8.690549111994634757e+00	3.435601813149126715e-01	7.329071534482139473e-03	0.000000000000000000e+00
1.000000000000000021e-08	2.015622092249814479e+00	8.672016850117628906e+00	3.432094456431526441e-01	7.319741407667756591e-03	0.000000000000000000e+00
