pc	M	R	C	k2	j3
9.999999999999999799e-13	8.757529838090899466e-02	2.650196603847435028e+01	4.879482532031974990e-03	9.701633410273272692e-04	0.000000000000000000e+00
1.047370897959448749e-12	9.105491586082876954e-02	2.480150466341976312e+01	5.421202162887331193e-03	1.362281907295661903e-03	0.000000000000000000e+00
1.096985797892381920e-12	9.466993080597403687e-02	2.338032691748940906e+01	5.979043530181581655e-03	1.861616586020378456e-03	0.000000000000000000e+00
1.148951000187311009e-12	9.842360965449567511e-02	2.217730368088116322e+01	6.553311021980937068e-03	2.481002750490045924e-03	0.000000000000000000e+00
1.203377840777590522e-12	1.023194956464656691e-01	2.114789864697720745e+01	7.144328335593331039e-03	3.232183108603570599e-03	0.000000000000000000e+00
1.260382929679727463e-12	1.063613470529379129e-01	2.025890674474149478e+01	7.752433662980945731e-03	4.125537851918568109e-03	0.000000000000000000e+00
1.320088400831416649e-12	1.105530978042413015e-01	1.948507117044914594e+01	8.377976831885449935e-03	5.169911796477786627e-03	0.000000000000000000e+00
1.382622173764653478e-12	1.148988353159517556e-01	1.880684160923976833e+01	9.021318054297063765e-03	6.372490848355750852e-03	0.000000000000000000e+00
1.448118227674535917e-12	1.194027841639869608e-01	1.820885001462145425e+01	9.682826941649602323e-03	7.738714781034982185e-03	0.000000000000000000e+00
1.516716888470924089e-12	1.240692939126864791e-01	1.767884977023929949e+01	1.036288169893602451e-02	9.272247426746734258e-03	0.000000000000000000e+00
1.588565129428052692e-12	1.289028294911566952e-01	1.720696176993928717e+01	1.106186850749793331e-02	1.097499150826459352e-02	0.000000000000000000e+00
1.663816886076127415e-12	1.339079634761384252e-01	1.678512885693286449e+01	1.178018092538229630e-02	1.284712370358585820e-02	0.000000000000000000e+00
1.742633386009647278e-12	1.390893689145400736e-01	1.640671428337593696e+01	1.251821933184210991e-02	1.488715922647129188e-02	0.000000000000000000e+00
1.825183494319046040e-12	1.444517978571132066e-01	1.606620263449406494e+01	1.327638831237041780e-02	1.709204367824221013e-02	0.000000000000000000e+00
1.911644075385703708e-12	1.500000402144243405e-01	1.575897371642532363e+01	1.405509156738200469e-02	1.945724259500210621e-02	0.000000000000000000e+00
2.002200371815584363e-12	1.557389027895291767e-01	1.548112751332236137e+01	1.485472984424300938e-02	2.197682353760161203e-02	0.000000000000000000e+00
2.097046401323230665e-12	1.616731964573379643e-01	1.522934820502307751e+01	1.567569999926604618e-02	2.464365796776941606e-02	0.000000000000000000e+00
2.196385372416542332e-12	1.678077226407637124e-01	1.500079784760537827e+01	1.651839397250109628e-02	2.744942986213096126e-02	0.000000000000000000e+00
2.300430119772921506e-12	1.741472587006346051e-01	1.479303239393306058e+01	1.738319769229591458e-02	3.038485438062105484e-02	0.000000000000000000e+00
2.409403560239526876e-12	1.806965428591069678e-01	1.460393477670848306e+01	1.827048995867087272e-02	3.343973310210854311e-02	0.000000000000000000e+00
2.523539170434765862e-12	1.874602568094204114e-01	1.443166119811717252e+01	1.918064105179074011e-02	3.660333646997068063e-02	0.000000000000000000e+00
2.643081486974102692e-12	1.944430357880150007e-01	1.427459701245615875e+01	2.011401508635520322e-02	3.986406753313465751e-02	0.000000000000000000e+00
2.768286630392061017e-12	2.016496420513171628e-01	1.413131865415842192e+01	2.107099290331477040e-02	4.321003128313709307e-02	0.000000000000000000e+00
2.899422853882880921e-12	2.090851489671996244e-01	1.400056449771224010e+01	2.205199447371862173e-02	4.662941388584340013e-02	0.000000000000000000e+00
3.036771118035460378e-12	2.167549827191962986e-01	1.388121384992876983e+01	2.305748208533934043e-02	5.010996336770099507e-02	0.000000000000000000e+00
3.180625692794118977e-12	2.246649523784340630e-01	1.377226920735875204e+01	2.408796212929242495e-02	5.363981101745506075e-02	0.000000000000000000e+00
3.331294787934670055e-12	2.328212785228096771e-01	1.367284113494220499e+01	2.514398663028903982e-02	5.720713592661488822e-02	0.000000000000000000e+00
3.489101213406766494e-12	2.412306207151914128e-01	1.358213525636244157e+01	2.622615468060435218e-02	6.080043679170192561e-02	0.000000000000000000e+00
3.654383070957261569e-12	2.499001050256367262e-01	1.349944108284602962e+01	2.733511377722259300e-02	6.440849652961903871e-02	0.000000000000000000e+00
3.827494478516314936e-12	2.588373160944698048e-01	1.342412261466455448e+01	2.847155667025034684e-02	6.802047021734453081e-02	0.000000000000000000e+00
4.008806328898464320e-12	2.680497249054243913e-01	1.335561287010806630e+01	2.963614963592224941e-02	7.162567534190775187e-02	0.000000000000000000e+00
4.198707084443905621e-12	2.775435426657080207e-01	1.329340754211873765e+01	3.082939791266608998e-02	7.521313043426276768e-02	0.000000000000000000e+00
4.397603609302712498e-12	2.873233214599119623e-01	1.323705204379182021e+01	3.205160905843174729e-02	7.877156241744205645e-02	0.000000000000000000e+00
4.605922041145112927e-12	2.973917456490221545e-01	1.318613011611271446e+01	3.330287967836927793e-02	8.228943078875365635e-02	0.000000000000000000e+00
4.824108704165373984e-12	3.077493547283424169e-01	1.314025486608282733e+01	3.458307425953661973e-02	8.575490404081091700e-02	0.000000000000000000e+00
5.052631065335679604e-12	3.183941775103471539e-01	1.309906149916228912e+01	3.589179438138878631e-02	8.915599905998843056e-02	0.000000000000000000e+00
5.291978735958436557e-12	3.293212592674370498e-01	1.306220112404129274e+01	3.722833694488277001e-02	9.248049842399903853e-02	0.000000000000000000e+00
5.542664520663095602e-12	3.405220619381191804e-01	1.302933527968379579e+01	3.859163954457820594e-02	9.571589345613175370e-02	0.000000000000000000e+00
5.805225516094907684e-12	3.519850911261417914e-01	1.300012918691069252e+01	3.998037245052731004e-02	9.885003002364023406e-02	0.000000000000000000e+00
6.080224261649427052e-12	3.636996196219955402e-01	1.297424876732184096e+01	4.139337720345213217e-02	1.018721112437485504e-01	0.000000000000000000e+00
6.368249944718585906e-12	3.756578896500690212e-01	1.295136911372050648e+01	4.282990080052820336e-02	1.047732614599764245e-01	0.000000000000000000e+00
6.669919663030115058e-12	3.878560394482120643e-01	1.293118396572924667e+01	4.428967599441945013e-02	1.075473063679417002e-01	0.000000000000000000e+00
6.985879746785234820e-12	4.002948326278399915e-01	1.291341323697341181e+01	4.577297814002148635e-02	1.101895671809947908e-01	0.000000000000000000e+00
7.316807143427207274e-12	4.129801185443133793e-01	1.289780867619525573e+01	4.728065117215608099e-02	1.126976352603710901e-01	0.000000000000000000e+00
7.663410868007462274e-12	4.259229895599447313e-01	1.288415757878984635e+01	4.881410032177500163e-02	1.150709022506658935e-01	0.000000000000000000e+00
8.026433522257174683e-12	4.391390258039716832e-01	1.287228448713895190e+01	5.037518333213077126e-02	1.173098904959861133e-01	0.000000000000000000e+00
8.406652885618316356e-12	4.526441552032614557e-01	1.286204791751529086e+01	5.196572954461449456e-02	1.194156391800670208e-01	0.000000000000000000e+00
8.804883581643446547e-12	4.664515674033842818e-01	1.285332960224698873e+01	5.358721013727894139e-02	1.213885541871373708e-01	0.000000000000000000e+00
9.221978823334340144e-12	4.805716309048325696e-01	1.284602540397336945e+01	5.524075281485033712e-02	1.232286953911667510e-01	0.000000000000000000e+00
9.658832241158709141e-12	4.950119377532478104e-01	1.284003932467321896e+01	5.692716466812899195e-02	1.249358361345286050e-01	0.000000000000000000e+00
1.011637979766206976e-11	5.097772700802648549e-01	1.283527922411933808e+01	5.864694328740741730e-02	1.265095126035536421e-01	0.000000000000000000e+00
1.059560179277614774e-11	5.248694872981811699e-01	1.283165360863860194e+01	6.040027751289433339e-02	1.279490396991608825e-01	0.000000000000000000e+00
1.109752496412069864e-11	5.402873453741647847e-01	1.282906910568559233e+01	6.218704007025038089e-02	1.292537591075179071e-01	0.000000000000000000e+00
1.162322468679854125e-11	5.560269196065406039e-01	1.282742888689283411e+01	6.400684747865524604e-02	1.304229980054836258e-01	0.000000000000000000e+00
1.217382727739662020e-11	5.720835635239090999e-01	1.282663425363734255e+01	6.585928236610708031e-02	1.314563732577487543e-01	0.000000000000000000e+00
1.275051240713012859e-11	5.884528229509571329e-01	1.282658744355671487e+01	6.774398799738352850e-02	1.323539959691713841e-01	0.000000000000000000e+00
1.335451562929897339e-11	6.051305341913876257e-01	1.282719326351110745e+01	6.966067274826417965e-02	1.331164228626675883e-01	0.000000000000000000e+00
1.398713102647241439e-11	6.221128919025307180e-01	1.282836017351798930e+01	7.160911252730117749e-02	1.337446128342447971e-01	0.000000000000000000e+00
1.464971398307287854e-11	6.393965116778391744e-01	1.283000101294295803e+01	7.358915345102051697e-02	1.342399943664915052e-01	0.000000000000000000e+00
1.534368408930013065e-11	6.569784830435498879e-01	1.283203353110602762e+01	7.560071367597952230e-02	1.346043137452608285e-01	0.000000000000000000e+00
1.607052818261638620e-11	6.748563771027283886e-01	1.283438069870202014e+01	7.764378061338132742e-02	1.348397068264597654e-01	0.000000000000000000e+00
1.683180353330955093e-11	6.930277944141702839e-01	1.283697040672025835e+01	7.971835854246614450e-02	1.349485656357956587e-01	0.000000000000000000e+00
1.762914118095944293e-11	7.114897042722838627e-01	1.283973429211276951e+01	8.182439794764327645e-02	1.349335120162628854e-01	0.000000000000000000e+00
1.846424942895546448e-11	7.302383126551035275e-01	1.284260692696460282e+01	8.396178434772254284e-02	1.347973879117188023e-01	0.000000000000000000e+00
1.933891750455232057e-11	7.492690333101726941e-01	1.284552531797475261e+01	8.613033760262528427e-02	1.345431291742364144e-01	0.000000000000000000e+00
2.025501939230666486e-11	7.685764624049009619e-01	1.284842854878548835e+01	8.832981104915610393e-02	1.341739086843229123e-01	0.000000000000000000e+00
2.121451784910627571e-11	7.881543544123933431e-01	1.285125750782577114e+01	9.055989044432743995e-02	1.336930626219946239e-01	0.000000000000000000e+00
2.221946860939528424e-11	8.079955994264497177e-01	1.285395468345260639e+01	9.282019277333379559e-02	1.331039542776152329e-01	0.000000000000000000e+00
2.327202478960412005e-11	8.280922661773709725e-01	1.285646402060894999e+01	9.511027226714537097e-02	1.324102609828234078e-01	0.000000000000000000e+00
2.437444150122221807e-11	8.484358035884004279e-01	1.285873108076170190e+01	9.742964237318917087e-02	1.316155825476719443e-01	0.000000000000000000e+00
2.552908068239516723e-11	8.690171537293339687e-01	1.286070321516390713e+01	9.977778714885904288e-02	1.307236734856441207e-01	0.000000000000000000e+00
2.673841615839943880e-11	8.898267596195562623e-01	1.286232964217152741e+01	1.021541610358616819e-01	1.297385631927276961e-01	0.000000000000000000e+00
2.800503894183625342e-11	9.108545720258909295e-01	1.286356147379497550e+01	1.045581887324429360e-01	1.286640926647429350e-01	0.000000000000000000e+00
2.933166278390048099e-11	9.320900567962184802e-01	1.286435172059900722e+01	1.069892651603661232e-01	1.275044305486780216e-01	0.000000000000000000e+00
3.072112998861759207e-11	9.535222028381107329e-01	1.286465529647186123e+01	1.094467553827629669e-01	1.262636086166584459e-01	0.000000000000000000e+00
3.217641750250735458e-11	9.751395268980292963e-01	1.286442900825097624e+01	1.119299941614487204e-01	1.249457556874007114e-01	0.000000000000000000e+00
3.370064329271925032e-11	9.969300324908019206e-01	1.286363150617899187e+01	1.144382804914581275e-01	1.235551528698955598e-01	0.000000000000000000e+00
3.529707302730657668e-11	1.018881157803094073e+00	1.286222318588863089e+01	1.169708712453111088e-01	1.220959245896330730e-01	0.000000000000000000e+00
3.696912707195032437e-11	1.040979780727370629e+00	1.286016611732737402e+01	1.195269811146889849e-01	1.205724371401044326e-01	0.000000000000000000e+00
3.872038781812557004e-11	1.063212226982605868e+00	1.285742401543375557e+01	1.221057824700977207e-01	1.189888004528527055e-01	0.000000000000000000e+00
4.055460735840827506e-11	1.085564288078414208e+00	1.285396220528032885e+01	1.247064063160223113e-01	1.173492724514507146e-01	0.000000000000000000e+00
4.247571552536894126e-11	1.108021237408611581e+00	1.284974760544642614e+01	1.273279427708498002e-01	1.156581008766474489e-01	0.000000000000000000e+00
4.448782831127576069e-11	1.130567850274404318e+00	1.284474871330438717e+01	1.299694418781739969e-01	1.139194020734018570e-01	0.000000000000000000e+00
4.659525668664686662e-11	1.153188431445359763e+00	1.283893559847083665e+01	1.326299150995779441e-01	1.121372989443614049e-01	0.000000000000000000e+00
4.880251583654433574e-11	1.175866854600992051e+00	1.283227990772519611e+01	1.353083379465248592e-01	1.103159202441867104e-01	0.000000000000000000e+00
5.111433483440165318e-11	1.198586592371772452e+00	1.282475487370798817e+01	1.380036513749008653e-01	1.084592253865376693e-01	0.000000000000000000e+00
5.353566677410718816e-11	1.221330748000419852e+00	1.281633531396834869e+01	1.407147633532928599e-01	1.065712506731312237e-01	0.000000000000000000e+00
5.607169938205469661e-11	1.244082081048975219e+00	1.280699764264552520e+01	1.434405495011781273e-01	1.046558221116104109e-01	0.000000000000000000e+00
5.872786613189488850e-11	1.266823044117136865e+00	1.279671986248860094e+01	1.461798551042523819e-01	1.027167417542798195e-01	0.000000000000000000e+00
6.150985788580503926e-11	1.289535814959665405e+00	1.278548157065405100e+01	1.489314963559015825e-01	1.007576851268623536e-01	0.000000000000000000e+00
6.442363508721370414e-11	1.312202331505634145e+00	1.277326395887778432e+01	1.516942619030527684e-01	9.878231778844323574e-02	0.000000000000000000e+00
6.747544053110686101e-11	1.334804323450423658e+00	1.276004981056054000e+01	1.544669139494204146e-01	9.679408664192068468e-02	0.000000000000000000e+00
7.067181273927477085e-11	1.357323347264325575e+00	1.274582349619149646e+01	1.572481896990829409e-01	9.479649823087717142e-02	0.000000000000000000e+00
7.401959996915652408e-11	1.379740825024988293e+00	1.273057097013352390e+01	1.600368031610491237e-01	9.279276588443133300e-02	0.000000000000000000e+00
7.752597488629464062e-11	1.402038086051359045e+00	1.271427976529956716e+01	1.628314472485942188e-01	9.078599883229519774e-02	0.000000000000000000e+00
8.119844993184008328e-11	1.424196408401732006e+00	1.269693898827545908e+01	1.656307958123161839e-01	8.877939365494971757e-02	0.000000000000000000e+00
8.504489341802668113e-11	1.446197061032053366e+00	1.267853931561675118e+01	1.684335056972450506e-01	8.677577283105003536e-02	0.000000000000000000e+00
8.907354638610458163e-11	1.468021346830652440e+00	1.265907298637237055e+01	1.712382189233539742e-01	8.477796125526192161e-02	0.000000000000000000e+00
9.329304026284695888e-11	1.489650638585469311e+00	1.263853379553343714e+01	1.740435640129490980e-01	8.278864391827195357e-02	0.000000000000000000e+00
9.771241535346501225e-11	1.511066416570411519e+00	1.261691707644805049e+01	1.768481576469981553e-01	8.081039235594657255e-02	0.000000000000000000e+00
1.023411402105452712e-10	1.532250310908569002e+00	1.259421968635283129e+01	1.796506068481861507e-01	7.884552903392703926e-02	0.000000000000000000e+00
1.071891319205126445e-10	1.553184145274868255e+00	1.257043999457029848e+01	1.824495113042881866e-01	7.689642408294619647e-02	0.000000000000000000e+00
1.122667773510811312e-10	1.573849981740599757e+00	1.254557786166243005e+01	1.852434659890162261e-01	7.496514306489826529e-02	0.000000000000000000e+00
1.175849554052158201e-10	1.594230164312808506e+00	1.251963462264737892e+01	1.880310636233053223e-01	7.305370417573663067e-02	0.000000000000000000e+00
1.231550603292826197e-10	1.614307361100024707e+00	1.249261307276275623e+01	1.908108969937974408e-01	7.116404954396705895e-02	0.000000000000000000e+00
1.289890261253308184e-10	1.634064605279065274e+00	1.246451744238979664e+01	1.935815613610103181e-01	6.929785501872171016e-02	0.000000000000000000e+00
1.350993521198024986e-10	1.653485331665435876e+00	1.243535337987845679e+01	1.963416563097320766e-01	6.745671330297364765e-02	0.000000000000000000e+00
1.414991297434578731e-10	1.672553416749179345e+00	1.240512792112017593e+01	1.990897883048027006e-01	6.564219492408303325e-02	0.000000000000000000e+00
1.482020705798860072e-10	1.691253216201170639e+00	1.237384946529445529e+01	2.018245729615748274e-01	6.385558037821785493e-02	0.000000000000000000e+00
1.552225357427047968e-10	1.709569603077131017e+00	1.234152774521025719e+01	2.045446376036392511e-01	6.209812272123797772e-02	0.000000000000000000e+00
1.625755666443793407e-10	1.727488002515316534e+00	1.230817379514733823e+01	2.072486235769340213e-01	6.037092718807522684e-02	0.000000000000000000e+00
1.702769172225897821e-10	1.744994425947715699e+00	1.227379992685391841e+01	2.099351885089990877e-01	5.867497812122998702e-02	0.000000000000000000e+00
1.783430876931905687e-10	1.762075500680682749e+00	1.223841968742385333e+01	2.126030084640722073e-01	5.701115668950740983e-02	0.000000000000000000e+00
1.867913599020784805e-10	1.778718497272367971e+00	1.220204783104341395e+01	2.152507797563517900e-01	5.538023323643523343e-02	0.000000000000000000e+00
1.956398343517064725e-10	1.794911353667659748e+00	1.216470028068392395e+01	2.178772207017663498e-01	5.378287352371986796e-02	0.000000000000000000e+00
2.049074689815846066e-10	1.810642701656141274e+00	1.212639408644734118e+01	2.204810738835367989e-01	5.221956737417897398e-02	0.000000000000000000e+00
2.146141197858401440e-10	1.825901888953118002e+00	1.208714738588186144e+01	2.230611080364148513e-01	5.069081550434775124e-02	0.000000000000000000e+00
2.247805833548729991e-10	1.840678998400147037e+00	1.204697936231947786e+01	2.256161198001383483e-01	4.919696718264121582e-02	0.000000000000000000e+00
2.354286414322420067e-10	1.854964866820871139e+00	1.200591020119714081e+01	2.281449356584155097e-01	4.773828370420974548e-02	0.000000000000000000e+00
2.465811075822603842e-10	1.868751098484612294e+00	1.196396104855798370e+01	2.306464133701306707e-01	4.631494566658873185e-02	0.000000000000000000e+00
2.582618760682674929e-10	1.882030076266494545e+00	1.192115396530139471e+01	2.331194433878908678e-01	4.492703951955927255e-02	0.000000000000000000e+00
2.704959730463131364e-10	1.894794971252972138e+00	1.187751188253010426e+01	2.355629502582019252e-01	4.357454067333838693e-02	0.000000000000000000e+00
2.833096101839318258e-10	1.907039748029164761e+00	1.183305855248876526e+01	2.379758937677534381e-01	4.225753998144353429e-02	0.000000000000000000e+00
2.967302408188872501e-10	1.918759171128798346e+00	1.178781850477939130e+01	2.403572703244484798e-01	4.097575494904366622e-02	0.000000000000000000e+00
3.107866187782014063e-10	1.929948803040075545e+00	1.174181699502345744e+01	2.427061136283011900e-01	3.972906169367056151e-02	0.000000000000000000e+00
3.255088599835056406e-10	1.940605007769530266e+00	1.169507995718782922e+01	2.450214961547723391e-01	3.851720191447174924e-02	0.000000000000000000e+00
3.409285069746807543e-10	1.950724940198726776e+00	1.164763396309422383e+01	2.473025288853871739e-01	3.733990197301151337e-02	0.000000000000000000e+00
3.570785964900469852e-10	1.960306532140161817e+00	1.159950618991168092e+01	2.495483605940850558e-01	3.619677361601914695e-02	0.000000000000000000e+00
3.739937302478801677e-10	1.969348476554474203e+00	1.155072436982266915e+01	2.517581774106560366e-01	3.508744012497733156e-02	0.000000000000000000e+00
3.917101490809260641e-10	1.977850218179170616e+00	1.150131672664828386e+01	2.539312036422043950e-01	3.401145935100762657e-02	0.000000000000000000e+00
4.102658105827190344e-10	1.985811941396267155e+00	1.145131193383787149e+01	2.560667019503325981e-01	3.296835670604853635e-02	0.000000000000000000e+00
4.297004704320835313e-10	1.993234556494421605e+00	1.140073905710672086e+01	2.581639738120964367e-01	3.195762355332428667e-02	0.000000000000000000e+00
4.500557675700488183e-10	2.000119685477292020e+00	1.134962750847602564e+01	2.602223598244878811e-01	3.097871739679381245e-02	0.000000000000000000e+00
4.713753134116729086e-10	2.006469643955609339e+00	1.129800698903801681e+01	2.622412399007365003e-01	3.003104464333017365e-02	0.000000000000000000e+00
4.937047852839003559e-10	2.012287430590536719e+00	1.124590745708257700e+01	2.642200340078556531e-01	2.911410318688513119e-02	0.000000000000000000e+00
5.170920242896755486e-10	2.017576704606658389e+00	1.119335904613191701e+01	2.661582026494467845e-01	2.822719391792667676e-02	0.000000000000000000e+00
5.415871378079465267e-10	2.022341767980540439e+00	1.114039206081425704e+01	2.680552462627771582e-01	2.736971656728568597e-02	0.000000000000000000e+00
5.672426068491988835e-10	2.026587540585941039e+00	1.108703692155238940e+01	2.699107049731557795e-01	2.654100847986881270e-02	0.000000000000000000e+00
5.941133984965039838e-10	2.030319538633643006e+00	1.103332412205007529e+01	2.717241585801349335e-01	2.574048810294928685e-02	0.000000000000000000e+00
6.222570836730231313e-10	2.033543848224536710e+00	1.097928419637322506e+01	2.734952257402635811e-01	2.496741901769704286e-02	0.000000000000000000e+00
6.517339604882420571e-10	2.036267097923435632e+00	1.092494768585938658e+01	2.752235630747495998e-01	2.422115276275354709e-02	0.000000000000000000e+00
6.826071834272379248e-10	2.038496430278710747e+00	1.087034512448468071e+01	2.769088637078720438e-01	2.350101501366961762e-02	0.000000000000000000e+00
7.149428986597561750e-10	2.040239469060025623e+00	1.081550698789936860e+01	2.785508561597334620e-01	2.280634494648676319e-02	0.000000000000000000e+00
7.488103857590030225e-10	2.041504294622289883e+00	1.076046366821562117e+01	2.801493037246030604e-01	2.213645720165963518e-02	0.000000000000000000e+00
7.842822061337681836e-10	2.042299410521126291e+00	1.070524544351241225e+01	2.817040028068685253e-01	2.149067568941112616e-02	0.000000000000000000e+00
8.214343584919422200e-10	2.042633721185209694e+00	1.064988242933604390e+01	2.832147832603219006e-01	2.086833652912701079e-02	0.000000000000000000e+00
8.603464416684491388e-10	2.042516502649390109e+00	1.059440455880785059e+01	2.846815070543283754e-01	2.026877029515484346e-02	0.000000000000000000e+00
9.011018251665036851e-10	2.041957374405395154e+00	1.053884155233265574e+01	2.861040673583010174e-01	1.969133592744250552e-02	0.000000000000000000e+00
9.437878277775391497e-10	2.040966272159101091e+00	1.048322290330618145e+01	2.874823873106124861e-01	1.913536551145237144e-02	0.000000000000000000e+00
9.884959046625586031e-10	2.039553416407357656e+00	1.042757786390388297e+01	2.888164181603215530e-01	1.860022469074121276e-02	0.000000000000000000e+00
1.035321843295661502e-09	2.037729288629739788e+00	1.037193539387549635e+01	2.901061394699487317e-01	1.808528013062388543e-02	0.000000000000000000e+00
1.084365968689608688e-09	2.035504603554004532e+00	1.031632417225571530e+01	2.913515570105599251e-01	1.758992052497532904e-02	0.000000000000000000e+00
1.135733358343102889e-09	2.032890284697217886e+00	1.026077254293047147e+01	2.925527029188610406e-01	1.711352890404673616e-02	0.000000000000000000e+00
1.189534067370320724e-09	2.029897438941897558e+00	1.020530851196565436e+01	2.937096342465582710e-01	1.665550993870163268e-02	0.000000000000000000e+00
1.245883364295008068e-09	2.026537333487581360e+00	1.014995972058652285e+01	2.948224324901058679e-01	1.621528218299255267e-02	0.000000000000000000e+00
1.304901978014401580e-09	2.022821373653307386e+00	1.009475344208786396e+01	2.958912025159547987e-01	1.579226438417641321e-02	0.000000000000000000e+00
1.366716356462010101e-09	2.018761078982275858e+00	1.003971655637864657e+01	2.969160718306929625e-01	1.538592100702286698e-02	0.000000000000000000e+00
1.431458937523481393e-09	2.014368062147367411e+00	9.984875522593949171e+00	2.978971902783612014e-01	1.499568635200213863e-02	0.000000000000000000e+00
1.499268432786047049e-09	2.009654009535812413e+00	9.930256402048968312e+00	2.988347284386952962e-01	1.462103837926053557e-02	0.000000000000000000e+00
1.570290124729377524e-09	2.004630660162363132e+00	9.875884814601947781e+00	2.997288776879279415e-01	1.426147123545568572e-02	0.000000000000000000e+00
1.644676177994662829e-09	2.000153315041175883e+00	9.830182325488852513e+00	3.004498201404940394e-01	1.396926288003346242e-02	0.000000000000000000e+00
1.722585965398783835e-09	1.996685354754445418e+00	9.796862246223987825e+00	3.009489733007559842e-01	1.376299285834763769e-02	0.000000000000000000e+00
1.804186409392068039e-09	1.993062227009601450e+00	9.764263465371152861e+00	3.014057991960863991e-01	1.356786078622502709e-02	0.000000000000000000e+00
1.889652339691211477e-09	1.989258776773229709e+00	9.732297665654943586e+00	3.018186932124454214e-01	1.338338647865177332e-02	0.000000000000000000e+00
1.979166867853557524e-09	1.985261438124936051e+00	9.700896483356132194e+00	3.021872048634969832e-01	1.320903502830129798e-02	0.000000000000000000e+00
2.072921779595369695e-09	1.981063200242020317e+00	9.670005220982249128e+00	3.025114777969812319e-01	1.304431426528840886e-02	0.000000000000000000e+00
2.171117945694509622e-09	1.976661336222307108e+00	9.639579561490634774e+00	3.027920095847114190e-01	1.288872767377674533e-02	0.000000000000000000e+00
2.273965752357932151e-09	1.972056104830636203e+00	9.609583425244487387e+00	3.030295214711521412e-01	1.274179887437988830e-02	0.000000000000000000e+00
2.381685551976160644e-09	1.967249926949316885e+00	9.579987499925167072e+00	3.032248783417012539e-01	1.260310548950564942e-02	0.000000000000000000e+00
2.494508135230316413e-09	1.962246814996098987e+00	9.550768049518177705e+00	3.033790380691809840e-01	1.247224345039910955e-02	0.000000000000000000e+00
2.612675225563326382e-09	1.957051971684141689e+00	9.521906042868005571e+00	3.034930165084643305e-01	1.234883565990967970e-02	0.000000000000000000e+00
2.736439997074666368e-09	1.951671488715448932e+00	9.493386420247061253e+00	3.035678633832702977e-01	1.223253876094027894e-02	0.000000000000000000e+00
2.866067616948244470e-09	1.946112121451551991e+00	9.465197512580514783e+00	3.036046450186831724e-01	1.212302623524571035e-02	0.000000000000000000e+00
3.001835813575592210e-09	1.940381112529152352e+00	9.437330523401945115e+00	3.036044326657678649e-01	1.201999703218586089e-02	0.000000000000000000e+00
3.144035471591500167e-09	1.934486056537061849e+00	9.409779142995180479e+00	3.035682930079095510e-01	1.192317780688031438e-02	0.000000000000000000e+00
3.292971255097148186e-09	1.928434794583998579e+00	9.382539173928696741e+00	3.034972830041604008e-01	1.183230485123947830e-02	0.000000000000000000e+00
3.448962260405766611e-09	1.922235327972881658e+00	9.355608259196952048e+00	3.033924444636570961e-01	1.174713566853761992e-02	0.000000000000000000e+00
3.612342699709437910e-09	1.915895748196999593e+00	9.328985598846653460e+00	3.032548015912961969e-01	1.166744514929205639e-02	0.000000000000000000e+00
3.783462617131932968e-09	1.909424187269421314e+00	9.302671747330169438e+00	3.030853591693610793e-01	1.159304449209788875e-02	0.000000000000000000e+00
3.962688638701478467e-09	1.902828768909367030e+00	9.276668418810354311e+00	3.028851006505688392e-01	1.152371545753735731e-02	0.000000000000000000e+00
4.150404757850472502e-09	1.896117577464345061e+00	9.250978312703995954e+00	3.026549884360658083e-01	1.145927194967234948e-02	0.000000000000000000e+00
4.347013158125017173e-09	1.889298628747058562e+00	9.225604989631612796e+00	3.023959628469573002e-01	1.139957278812881239e-02	0.000000000000000000e+00
4.552935074866938773e-09	1.882379847301932418e+00	9.200552728036480943e+00	3.021089427746029843e-01	1.134443693312715308e-02	0.000000000000000000e+00
4.768611697714474181e-09	1.875369047717854176e+00	9.175826410080503592e+00	3.017948260442799846e-01	1.129371802084917602e-02	0.000000000000000000e+00
4.994505115855140358e-09	1.868273923073597187e+00	9.151431448969898241e+00	3.014544895804016078e-01	1.124727851754881748e-02	0.000000000000000000e+00
5.231099308056257792e-09	1.861102032815900031e+00	9.127373672797167714e+00	3.010887909276206975e-01	1.120498844105346711e-02	0.000000000000000000e+00
5.478901179593956120e-09	1.853860792703429849e+00	9.103659280941444720e+00	3.006985677278425917e-01	1.116673005179039287e-02	0.000000000000000000e+00
5.738441648302404521e-09	1.846557472136982181e+00	9.080294753881677394e+00	3.002846399359312968e-01	1.113238055008135968e-02	0.000000000000000000e+00
6.010276782070388176e-09	1.839199185763048972e+00	9.057286797525764044e+00	2.998478099815319875e-01	1.110183914378965603e-02	0.000000000000000000e+00
6.294988990221888141e-09	1.831792894019436790e+00	9.034642301105998641e+00	2.993888639377486061e-01	1.107499883430853281e-02	0.000000000000000000e+00
6.593188271333541710e-09	1.824345398897268877e+00	9.012368295273670782e+00	2.989085719103056760e-01	1.105176571347463166e-02	0.000000000000000000e+00
6.905513520162316861e-09	1.816863344089675758e+00	8.990471886858941275e+00	2.984076899179972098e-01	1.103204994262293841e-02	0.000000000000000000e+00
7.232633896483518810e-09	1.809353214727620784e+00	8.968960244088973965e+00	2.978869600364981163e-01	1.101575973838790287e-02	0.000000000000000000e+00
7.575250258771920716e-09	1.801821338189018462e+00	8.947840551063285019e+00	2.973471117371891403e-01	1.100283329836005373e-02	0.000000000000000000e+00
7.934096665797492339e-09	1.794273883943142689e+00	8.927119986598347268e+00	2.967888622570059587e-01	1.099318066518849800e-02	0.000000000000000000e+00
8.309941949353386453e-09	1.786716867636883865e+00	8.906805690685938970e+00	2.962129180774631387e-01	1.098673246205676864e-02	0.000000000000000000e+00
8.703591361485183753e-09	1.779156151297726085e+00	8.886904748640558793e+00	2.956199751730592684e-01	1.098341100414153976e-02	0.000000000000000000e+00
9.115888299750837812e-09	1.771597445277619753e+00	8.867424160197913352e+00	2.950107200419516684e-01	1.098318453932562583e-02	0.000000000000000000e+00
9.547716114208065503e-09	1.764046311375490728e+00	8.848370823975185928e+00	2.943858304172248808e-01	1.098596016763902887e-02	0.000000000000000000e+00
1.000000000000000021e-08	1.756508166419617378e+00	8.829751520426576405e+00	2.937459761010161041e-01	1.099169162686005133e-02	0.000000000000000000e+00
