pc	M	R	C	k2	j3
9.999999999999999799e-13	1.090280212083230421e-01	1.574180489271006600e+01	1.022713148897700687e-02	3.270562156311693225e-02	0.000000000000000000e+00
1.047370897959448749e-12	1.120642443028702778e-01	1.548129090814106945e+01	1.068882902639423614e-02	3.449552453134579338e-02	0.000000000000000000e+00
1.096985797892381920e-12	1.152795706572980194e-01	1.523665121189738159e+01	1.117205485202786043e-02	3.641474516724323152e-02	0.000000000000000000e+00
1.148951000187311009e-12	1.186768513563872807e-01	1.500731489627906434e+01	1.167705309927796579e-02	3.846382009450097228e-02	0.000000000000000000e+00
1.203377840777590522e-12	1.222598468507277852e-01	1.479264356600579333e+01	1.220417115154116654e-02	4.064294089468861032e-02	0.000000000000000000e+00
1.260382929679727463e-12	1.260333785053277811e-01	1.459196205590723672e+01	1.275387398633790262e-02	4.295203298931172392e-02	0.000000000000000000e+00
1.320088400831416649e-12	1.300032953270927882e-01	1.440459124678440261e+01	1.332673177991277984e-02	4.539073479993596671e-02	0.000000000000000000e+00
1.382622173764653478e-12	1.341759513016338723e-01	1.422988502917625908e+01	1.392334315587029012e-02	4.795807161469692326e-02	0.000000000000000000e+00
1.448118227674535917e-12	1.385580362641895824e-01	1.406723292899117261e+01	1.454431513571228726e-02	5.065230575149847619e-02	0.000000000000000000e+00
1.516716888470924089e-12	1.431565521771651361e-01	1.391605661592853593e+01	1.519026247759913163e-02	5.347091764404444253e-02	0.000000000000000000e+00
1.588565129428052692e-12	1.479787819500039958e-01	1.377580777660375055e+01	1.586180509535104269e-02	5.641057420730197919e-02	0.000000000000000000e+00
1.663816886076127415e-12	1.530322560865108317e-01	1.364596624964785221e+01	1.655956495909313361e-02	5.946710309210817558e-02	0.000000000000000000e+00
1.742633386009647278e-12	1.583247167527148669e-01	1.352603823033722463e+01	1.728416263621803187e-02	6.263551361382399540e-02	0.000000000000000000e+00
1.825183494319046040e-12	1.638640785541420064e-01	1.341555447429731096e+01	1.803621352517373669e-02	6.590996651725247735e-02	0.000000000000000000e+00
1.911644075385703708e-12	1.696583853825280874e-01	1.331406850899754346e+01	1.881632376789923664e-02	6.928380416902996108e-02	0.000000000000000000e+00
2.002200371815584363e-12	1.757157630721243036e-01	1.322115483601485231e+01	1.962508590621341378e-02	7.274956227020265564e-02	0.000000000000000000e+00
2.097046401323230665e-12	1.820443670110249434e-01	1.313640715728568154e+01	2.046307421789509556e-02	7.629899124281104561e-02	0.000000000000000000e+00
2.196385372416542332e-12	1.886523245599388832e-01	1.305943662386597381e+01	2.133083978740463876e-02	7.992309467234529063e-02	0.000000000000000000e+00
2.300430119772921506e-12	1.955476717008963750e-01	1.298987012572877831e+01	2.222890528835617593e-02	8.361215326574185369e-02	0.000000000000000000e+00
2.409403560239526876e-12	2.027382834022647962e-01	1.292734863486344565e+01	2.315775946280145686e-02	8.735577782164923033e-02	0.000000000000000000e+00
2.523539170434765862e-12	2.102317975655506044e-01	1.287152560361032627e+01	2.411785133709151707e-02	9.114295322934529153e-02	0.000000000000000000e+00
2.643081486974102692e-12	2.180355320500138583e-01	1.282206542841724328e+01	2.510958415390721413e-02	9.496208542105447070e-02	0.000000000000000000e+00
2.768286630392061017e-12	2.261563506014908909e-01	1.277864230273362622e+01	2.613330330269431068e-02	9.880103626742232914e-02	0.000000000000000000e+00
2.899422853882880921e-12	2.346008000044060848e-01	1.274093899483096770e+01	2.718931633317045807e-02	1.026473251461902658e-01	0.000000000000000000e+00
3.036771118035460378e-12	2.433756084371275497e-01	1.270864644176813840e+01	2.827795425732750750e-02	1.064884955423488488e-01	0.000000000000000000e+00
3.180625692794118977e-12	2.524877503922839939e-01	1.268146576118887658e+01	2.939957785226679499e-02	1.103122258677833867e-01	0.000000000000000000e+00
3.331294787934670055e-12	2.619444463546049540e-01	1.265910972643403376e+01	3.055457631236853724e-02	1.141064204699340223e-01	0.000000000000000000e+00
3.489101213406766494e-12	2.717531626641686571e-01	1.264130364105809079e+01	3.174336618278543465e-02	1.178592712164542450e-01	0.000000000000000000e+00
3.654383070957261569e-12	2.819216107687503858e-01	1.262778579594010075e+01	3.296639035059843043e-02	1.215593185478164306e-01	0.000000000000000000e+00
3.827494478516314936e-12	2.924577460397898010e-01	1.261830761918237442e+01	3.422411707159287581e-02	1.251955007760582883e-01	0.000000000000000000e+00
4.008806328898464320e-12	3.033697656743206683e-01	1.261263360506321796e+01	3.551703893842816234e-02	1.287572048553841386e-01	0.000000000000000000e+00
4.198707084443905621e-12	3.146661058675132017e-01	1.261054107558486237e+01	3.684567181642750544e-02	1.322343026500850116e-01	0.000000000000000000e+00
4.397603609302712498e-12	3.263554381768257739e-01	1.261181982701487847e+01	3.821055371448798393e-02	1.356171812939760135e-01	0.000000000000000000e+00
4.605922041145112927e-12	3.384466648452492121e-01	1.261627169103413415e+01	3.961224357703654886e-02	1.388967674880438874e-01	0.000000000000000000e+00
4.824108704165373984e-12	3.509489130618146935e-01	1.262371004092253024e+01	4.105131998595287768e-02	1.420645555730923049e-01	0.000000000000000000e+00
5.052631065335679604e-12	3.638715281562711623e-01	1.263395926277960868e+01	4.252837977640790135e-02	1.451126135545390550e-01	0.000000000000000000e+00
5.291978735958436557e-12	3.772240654875498311e-01	1.264685420733097665e+01	4.404403654317284866e-02	1.480336007082641847e-01	0.000000000000000000e+00
5.542664520663095602e-12	3.910162809650694071e-01	1.266223963502258698e+01	4.559891903271765662e-02	1.508207669410990825e-01	0.000000000000000000e+00
5.805225516094907684e-12	4.052580918377119423e-01	1.267996961472477757e+01	4.719366630419020991e-02	1.534679599470276656e-01	0.000000000000000000e+00
6.080224261649427052e-12	4.199593554445053556e-01	1.269990645207545299e+01	4.882890369002344799e-02	1.559695811089457651e-01	0.000000000000000000e+00
6.368249944718585906e-12	4.351297307932233682e-01	1.272191939610993039e+01	5.050523002433115333e-02	1.583205303790553853e-01	0.000000000000000000e+00
6.669919663030115058e-12	4.507786430944366041e-01	1.274588368104863356e+01	5.222321638859205029e-02	1.605162553167197304e-01	0.000000000000000000e+00
6.985879746785234820e-12	4.669152391550916437e-01	1.277167975306424630e+01	5.398340367270290652e-02	1.625526993650075191e-01	0.000000000000000000e+00
7.316807143427207274e-12	4.835483401399611192e-01	1.279919260898612343e+01	5.578629990691630347e-02	1.644263329723182898e-01	0.000000000000000000e+00
7.663410868007462274e-12	5.006863917931012598e-01	1.282831121849435618e+01	5.763237743718648692e-02	1.661341175772136358e-01	0.000000000000000000e+00
8.026433522257174683e-12	5.183374122956982966e-01	1.285892801872861568e+01	5.952206996918379261e-02	1.676735311544086948e-01	0.000000000000000000e+00
8.406652885618316356e-12	5.365089381635411714e-01	1.289093846536210819e+01	6.145576956158627091e-02	1.690425535026487402e-01	0.000000000000000000e+00
8.804883581643446547e-12	5.552079680420924923e-01	1.292424063549491464e+01	6.343382354325154127e-02	1.702396428368058989e-01	0.000000000000000000e+00
9.221978823334340144e-12	5.744409052169939800e-01	1.295873488391217343e+01	6.545653140820401061e-02	1.712637358893675243e-01	0.000000000000000000e+00
9.658832241158709141e-12	5.942134976988434625e-01	1.299432352312334338e+01	6.752414167352709107e-02	1.721143525485866466e-01	0.000000000000000000e+00
1.011637979766206976e-11	6.145307785612752483e-01	1.303091056463971675e+01	6.963684879324309740e-02	1.727913018898708519e-01	0.000000000000000000e+00
1.059560179277614774e-11	6.353970033590231603e-01	1.306840146799822655e+01	7.179479000541179323e-02	1.732949763318097913e-01	0.000000000000000000e+00
1.109752496412069864e-11	6.568155886726531056e-01	1.310670294348921239e+01	7.399804230987572229e-02	1.736261920564744210e-01	0.000000000000000000e+00
1.162322468679854125e-11	6.787890490952235290e-01	1.314572276951614960e+01	7.624661944228190713e-02	1.737861938496068348e-01	0.000000000000000000e+00
1.217382727739662020e-11	7.013190188630794575e-01	1.318536979477254079e+01	7.854047746946850317e-02	1.737766646346899646e-01	0.000000000000000000e+00
1.275051240713012859e-11	7.244068741369227293e-01	1.322555514552442268e+01	8.087957996730038568e-02	1.735996919683397699e-01	0.000000000000000000e+00
1.335451562929897339e-11	7.480537081229129415e-01	1.326619255424597377e+01	8.326389415608441424e-02	1.732577739002373607e-01	0.000000000000000000e+00
1.398713102647241439e-11	7.722601013973277029e-01	1.330719821045305729e+01	8.569336697415630422e-02	1.727537891641182377e-01	0.000000000000000000e+00
1.464971398307287854e-11	7.970260847252583769e-01	1.334849082686024957e+01	8.816792149494005748e-02	1.720910047037152169e-01	0.000000000000000000e+00
1.534368408930013065e-11	8.223511035661880131e-01	1.338999164881811410e+01	9.068745378245145206e-02	1.712730329314346156e-01	0.000000000000000000e+00
1.607052818261638620e-11	8.482339824813907025e-01	1.343162443596583877e+01	9.325182984667243491e-02	1.703038259507668462e-01	0.000000000000000000e+00
1.683180353330955093e-11	8.746728903102997110e-01	1.347331542845972585e+01	9.586088273679498062e-02	1.691876549423674547e-01	0.000000000000000000e+00
1.762914118095944293e-11	9.016653050471270525e-01	1.351499329857874621e+01	9.851440966468477667e-02	1.679290236111654344e-01	0.000000000000000000e+00
1.846424942895546448e-11	9.292079800432334613e-01	1.355658910190559041e+01	1.012121692466256828e-01	1.665329153476492463e-01	0.000000000000000000e+00
1.933891750455232057e-11	9.572969097171986075e-01	1.359803621951996710e+01	1.039538787273167619e-01	1.650042521321069267e-01	0.000000000000000000e+00
2.025501939230666486e-11	9.859272978484260319e-01	1.363927030880936364e+01	1.067392113920968139e-01	1.633483691553983264e-01	0.000000000000000000e+00
2.121451784910627571e-11	1.015093524627512567e+00	1.368022924592324330e+01	1.095677938716738964e-01	1.615708201739746996e-01	0.000000000000000000e+00
2.221946860939528424e-11	1.044789116939919493e+00	1.372085307639929042e+01	1.124392036971785108e-01	1.596772364589591486e-01	0.000000000000000000e+00
2.327202478960412005e-11	1.075006718556317464e+00	1.376108396854298910e+01	1.153529667740777059e-01	1.576734749899124655e-01	0.000000000000000000e+00
2.437444150122221807e-11	1.105738062984849668e+00	1.380086616984180736e+01	1.183085550615970705e-01	1.555655089678708025e-01	0.000000000000000000e+00
2.552908068239516723e-11	1.136973808251371176e+00	1.384014579055379812e+01	1.213053709716363088e-01	1.533594446311090931e-01	0.000000000000000000e+00
2.673841615839943880e-11	1.168701563963582712e+00	1.387886816350882135e+01	1.243425615345811752e-01	1.510616020021721684e-01	0.000000000000000000e+00
2.800503894183625342e-11	1.200905302117408313e+00	1.391697643646414129e+01	1.274189744860143303e-01	1.486785213865519373e-01	0.000000000000000000e+00
2.933166278390048099e-11	1.233566144530099606e+00	1.395441199765649465e+01	1.305332452717721248e-01	1.462168319780274561e-01	0.000000000000000000e+00
3.072112998861759207e-11	1.266662378536178579e+00	1.399111427997742929e+01	1.336838063828581225e-01	1.436832180050424124e-01	0.000000000000000000e+00
3.217641750250735458e-11	1.300169474584973450e+00	1.402702073057422716e+01	1.368688951931771591e-01	1.410843955240612679e-01	0.000000000000000000e+00
3.370064329271925032e-11	1.334060123562944566e+00	1.406206689383625985e+01	1.400865624339395210e-01	1.384270785872166731e-01	0.000000000000000000e+00
3.529707302730657668e-11	1.368304293497710544e+00	1.409618657657993879e+01	1.433346813643350537e-01	1.357179658091703933e-01	0.000000000000000000e+00
3.696912707195032437e-11	1.402869306054377319e+00	1.412931207262791489e+01	1.466109577414098364e-01	1.329637215056272970e-01	0.000000000000000000e+00
3.872038781812557004e-11	1.437719932362907960e+00	1.416137443415155772e+01	1.499129405326863618e-01	1.301709341384605367e-01	0.000000000000000000e+00
4.055460735840827506e-11	1.472818507580120784e+00	1.419230378232156653e+01	1.532380332714134985e-01	1.273461381751554988e-01	0.000000000000000000e+00
4.247571552536894126e-11	1.508125065956786859e+00	1.422202963603979953e+01	1.565835063710662722e-01	1.244957344775853153e-01	0.000000000000000000e+00
4.448782831127576069e-11	1.543597491766595775e+00	1.425048127335561965e+01	1.599465096891561078e-01	1.216260213722023809e-01	0.000000000000000000e+00
4.659525668664686662e-11	1.579191689372631213e+00	1.427758809775344417e+01	1.633240859257237276e-01	1.187431586841173753e-01	0.000000000000000000e+00
4.880251583654433574e-11	1.614861768789383145e+00	1.430328001657677106e+01	1.667131843699541094e-01	1.158531217647799372e-01	0.000000000000000000e+00
5.111433483440165318e-11	1.650560246421654664e+00	1.432748782307794322e+01	1.701106750409268897e-01	1.129617714116926963e-01	0.000000000000000000e+00
5.353566677410718816e-11	1.686238319051256429e+00	1.435014361573528952e+01	1.735133687917695400e-01	1.100746807751926543e-01	0.000000000000000000e+00
5.607169938205469661e-11	1.721847669236237888e+00	1.437118222644309107e+01	1.769181811387200154e-01	1.071971391475297491e-01	0.000000000000000000e+00
5.872786613189488850e-11	1.757341563154662722e+00	1.439054253779212722e+01	1.803222211245640028e-01	1.043340432061431039e-01	0.000000000000000000e+00
6.150985788580503926e-11	1.792673977785099959e+00	1.440816758909602413e+01	1.837226910470383667e-01	1.014899929311959409e-01	0.000000000000000000e+00
6.442363508721370414e-11	1.827799678307635345e+00	1.442400497056934228e+01	1.871168803479604792e-01	9.866932474819782584e-02	0.000000000000000000e+00
6.747544053110686101e-11	1.862674337427651761e+00	1.443800707635496217e+01	1.905021651073576516e-01	9.587613005899053853e-02	0.000000000000000000e+00
7.067181273927477085e-11	1.897254647064266386e+00	1.445013125285425915e+01	1.938760078160644273e-01	9.311419879900341423e-02	0.000000000000000000e+00
7.401959996915652408e-11	1.931498420718029241e+00	1.446033988677847582e+01	1.972359568604264424e-01	9.038707198929853137e-02	0.000000000000000000e+00
7.752597488629464062e-11	1.965364691942228070e+00	1.446860044103644327e+01	2.005796463001802976e-01	8.769802320139805096e-02	0.000000000000000000e+00
8.119844993184008328e-11	1.998813806831576834e+00	1.447488545523383330e+01	2.039047956114868332e-01	8.505005960022105072e-02	0.000000000000000000e+00
8.504489341802668113e-11	2.031807510981584297e+00	1.447917251558870255e+01	2.072092094652154270e-01	8.244590964142509137e-02	0.000000000000000000e+00
8.907354638610458163e-11	2.064309031133193528e+00	1.448144420497228957e+01	2.104907774881046023e-01	7.988807172763458253e-02	0.000000000000000000e+00
9.329304026284695888e-11	2.096283150932527040e+00	1.448168803200119825e+01	2.137474740256176675e-01	7.737872544905839700e-02	0.000000000000000000e+00
9.771241535346501225e-11	2.127696280391871753e+00	1.447989634530598657e+01	2.169773578318871521e-01	7.491989001212692734e-02	0.000000000000000000e+00
1.023411402105452712e-10	2.158516521501903540e+00	1.447606623222489475e+01	2.201785719942664643e-01	7.251322410911766048e-02	0.000000000000000000e+00
1.071891319205126445e-10	2.188714597070367418e+00	1.447019928733325500e+01	2.233494343872232668e-01	7.016018525188198740e-02	0.000000000000000000e+00
1.122667773510811312e-10	2.218266489271984554e+00	1.446230148443478036e+01	2.264887019855357508e-01	6.786167953279520493e-02	0.000000000000000000e+00
1.175849554052158201e-10	2.247152205484511445e+00	1.445238420833869952e+01	2.295954228434249067e-01	6.561835693999880370e-02	0.000000000000000000e+00
1.231550603292826197e-10	2.275355243315329901e+00	1.444046472094023414e+01	2.326688677134988170e-01	6.343061834526154963e-02	0.000000000000000000e+00
1.289890261253308184e-10	2.302862430361082069e+00	1.442656616889007992e+01	2.357085073349793891e-01	6.129867468182841755e-02	0.000000000000000000e+00
1.350993521198024986e-10	2.329663739124756106e+00	1.441071742359511454e+01	2.387139904780031796e-01	5.922255263410885345e-02	0.000000000000000000e+00
1.414991297434578731e-10	2.355752093631475308e+00	1.439295283099017730e+01	2.416851233211050054e-01	5.720213466781099571e-02	0.000000000000000000e+00
1.482020705798860072e-10	2.381123174894482108e+00	1.437331191280940246e+01	2.446218502506119219e-01	5.523716466608211834e-02	0.000000000000000000e+00
1.552225357427047968e-10	2.405775228273748123e+00	1.435183904435741198e+01	2.475242359669707348e-01	5.332726213710270446e-02	0.000000000000000000e+00
1.625755666443793407e-10	2.429708876527707950e+00	1.432858311161677634e+01	2.503924492080026876e-01	5.147196422400968085e-02	0.000000000000000000e+00
1.702769172225897821e-10	2.452926937681677799e+00	1.430359718024006810e+01	2.532267473932410251e-01	4.967068269395449875e-02	0.000000000000000000e+00
1.783430876931905687e-10	2.475434251013536979e+00	1.427693815179353010e+01	2.560274628945453101e-01	4.792276653250255453e-02	0.000000000000000000e+00
1.867913599020784805e-10	2.497237509387869814e+00	1.424866643806133304e+01	2.587949901607475844e-01	4.622749354147872441e-02	0.000000000000000000e+00
1.956398343517064725e-10	2.518345099514045504e+00	1.421884563892032283e+01	2.615297740506586921e-01	4.458407339732288477e-02	0.000000000000000000e+00
2.049074689815846066e-10	2.538765798965447296e+00	1.418754369832855211e+01	2.642321520553996828e-01	4.299174836415752682e-02	0.000000000000000000e+00
2.146141197858401440e-10	2.558502809368646158e+00	1.415483683339776277e+01	2.669016543570482680e-01	4.145013015950196889e-02	0.000000000000000000e+00
2.247805833548729991e-10	2.577552715990912180e+00	1.412080188410932280e+01	2.695370255004375659e-01	3.995905687001512219e-02	0.000000000000000000e+00
2.354286414322420067e-10	2.595905991932107248e+00	1.408551093281322686e+01	2.721363721217788800e-01	3.851844267294867591e-02	0.000000000000000000e+00
2.465811075822603842e-10	2.613547454617659138e+00	1.404902918356582830e+01	2.746972492001930055e-01	3.712821213593289066e-02	0.000000000000000000e+00
2.582618760682674929e-10	2.630456958459296501e+00	1.401141390765217665e+01	2.772167529563832611e-01	3.578824642678521406e-02	0.000000000000000000e+00
2.704959730463131364e-10	2.646610200067503360e+00	1.397271406468999722e+01	2.796916140340093282e-01	3.449835799816907550e-02	0.000000000000000000e+00
2.833096101839318258e-10	2.661979577686566678e+00	1.393297039020215067e+01	2.821182882957607996e-01	3.325826281150923158e-02	0.000000000000000000e+00
2.967302408188872501e-10	2.676535064924973728e+00	1.389221583393565673e+01	2.844930428551274426e-01	3.206756809197126856e-02	0.000000000000000000e+00
3.107866187782014063e-10	2.690245073586024827e+00	1.385047625496368973e+01	2.868120361965079690e-01	3.092576922165558156e-02	0.000000000000000000e+00
3.255088599835056406e-10	2.703077287485561975e+00	1.380777131323822005e+01	2.890713913974002902e-01	2.983224469191763165e-02	0.000000000000000000e+00
3.409285069746807543e-10	2.714999451401705510e+00	1.376411549426324399e+01	2.912672618382606826e-01	2.878626613508722398e-02	0.000000000000000000e+00
3.570785964900469852e-10	2.725980106439381601e+00	1.371951923059162404e+01	2.933958890544391407e-01	2.778699890293871017e-02	0.000000000000000000e+00
3.739937302478801677e-10	2.735989263346496614e+00	1.367399007497753161e+01	2.954536526528903639e-01	2.683351975152261856e-02	0.000000000000000000e+00
3.917101490809260641e-10	2.744998379064216287e+00	1.362753684203310911e+01	2.974369797731282183e-01	2.592487990843052661e-02	0.000000000000000000e+00
4.102658105827190344e-10	2.752977163115121417e+00	1.358018457528035761e+01	2.993416657922369217e-01	2.506040126607493937e-02	0.000000000000000000e+00
4.297004704320835313e-10	2.759893636294269648e+00	1.353196694077740503e+01	3.011630258926128456e-01	2.423956061374555118e-02	0.000000000000000000e+00
4.500557675700488183e-10	2.765715435865910621e+00	1.348291997749688953e+01	3.028961628585938870e-01	2.346185178975581515e-02	0.000000000000000000e+00
4.713753134116729086e-10	2.770411204660426119e+00	1.343308182528485162e+01	3.045361197381884488e-01	2.272674476113433970e-02	0.000000000000000000e+00
4.937047852839003559e-10	2.773952221941206275e+00	1.338249371725715342e+01	3.060780342288120792e-01	2.203366569820478654e-02	0.000000000000000000e+00
5.170920242896755486e-10	2.776314074790758202e+00	1.333120168210678891e+01	3.075172845572479163e-01	2.138196700210391599e-02	0.000000000000000000e+00
5.415871378079465267e-10	2.777478269325230009e+00	1.327925861963556109e+01	3.088496231203759490e-01	2.077095158338153336e-02	0.000000000000000000e+00
5.672426068491988835e-10	2.777433711601208000e+00	1.322672650693241891e+01	3.100712956294161549e-01	2.019981159929804329e-02	0.000000000000000000e+00
5.941133984965039838e-10	2.776177973368288310e+00	1.317367655319457498e+01	3.111791878176255466e-01	1.966766867895707038e-02	0.000000000000000000e+00
6.222570836730231313e-10	2.773718312155113885e+00	1.312016069456934630e+01	3.121716317621431314e-01	1.917324089242003135e-02	0.000000000000000000e+00
6.517339604882420571e-10	2.770075114325419197e+00	1.306620992692571726e+01	3.130488763506851235e-01	1.871478252616560686e-02	0.000000000000000000e+00
6.826071834272379248e-10	2.765284009244652452e+00	1.301185987123687582e+01	3.138127608473877950e-01	1.829033013366372293e-02	0.000000000000000000e+00
7.149428986597561750e-10	2.759394772072634172e+00	1.295715654364145308e+01	3.144664850677421075e-01	1.789780409289423724e-02	0.000000000000000000e+00
7.488103857590030225e-10	2.752469178326546029e+00	1.290215770534473805e+01	3.150143613402874299e-01	1.753507132740520988e-02	0.000000000000000000e+00
7.842822061337681836e-10	2.744578585765816925e+00	1.284693217875400251e+01	3.154615799590373415e-01	1.720001694224372601e-02	0.000000000000000000e+00
8.214343584919422200e-10	2.735800506378716523e+00	1.279155256007272534e+01	3.158140164573873809e-01	1.689052901209210644e-02	0.000000000000000000e+00
8.603464416684491388e-10	2.726211476938043887e+00	1.273607684867957524e+01	3.160778815458432645e-01	1.660450689666457050e-02	0.000000000000000000e+00
9.011018251665036851e-10	2.715885184067692304e+00	1.268056773476988042e+01	3.162590359180563748e-01	1.634007180298646666e-02	0.000000000000000000e+00
9.437878277775391497e-10	2.704891284563316844e+00	1.262509414544482489e+01	3.163628099044549780e-01	1.609559330116283951e-02	0.000000000000000000e+00
9.884959046625586031e-10	2.693294543414322728e+00	1.256972699835694840e+01	3.163940013231658077e-01	1.586965221631898501e-02	0.000000000000000000e+00
1.035321843295661502e-09	2.681154548917980218e+00	1.251453657790269425e+01	3.163569002964122800e-01	1.566100920919395387e-02	0.000000000000000000e+00
1.084365968689608688e-09	2.668525760493608789e+00	1.245959106931133320e+01	3.162553243544419801e-01	1.546858347195633615e-02	0.000000000000000000e+00
1.135733358343102889e-09	2.655459915657231385e+00	1.240496454235409551e+01	3.160926939877276021e-01	1.529145569318846043e-02	0.000000000000000000e+00
1.189534067370320724e-09	2.642008418369292677e+00	1.235074171322249015e+01	3.158721908036941084e-01	1.512884626862021423e-02	0.000000000000000000e+00
1.245883364295008068e-09	2.628219703847526123e+00	1.229700278763336918e+01	3.155968286419867930e-01	1.498003953586824442e-02	0.000000000000000000e+00
1.304901978014401580e-09	2.614139250037099238e+00	1.224382237326242340e+01	3.152694814517954525e-01	1.484436783557482528e-02	0.000000000000000000e+00
1.366716356462010101e-09	2.599809780021185013e+00	1.219126977821414215e+01	3.148928984349441684e-01	1.472121308306015806e-02	0.000000000000000000e+00
1.431458937523481393e-09	2.585271412941232416e+00	1.213940926436271717e+01	3.144697139496629434e-01	1.460999447611164778e-02	0.000000000000000000e+00
1.499268432786047049e-09	2.570561812532611512e+00	1.208830035979600659e+01	3.140024553740877744e-01	1.451016539417922940e-02	0.000000000000000000e+00
1.570290124729377524e-09	2.555716721835131100e+00	1.203799958395130965e+01	3.134935613674427191e-01	1.442124427001842922e-02	0.000000000000000000e+00
1.644676177994662829e-09	2.540770065660537202e+00	1.198856081606255763e+01	3.129453828348088829e-01	1.434274955180702554e-02	0.000000000000000000e+00
1.722585965398783835e-09	2.525753726050039560e+00	1.194003449355424884e+01	3.123601739036062086e-01	1.427425969954654837e-02	0.000000000000000000e+00
1.804186409392068039e-09	2.510697569104952009e+00	1.189246757098814200e+01	3.117400934682608149e-01	1.421537825411051288e-02	0.000000000000000000e+00
1.889652339691211477e-09	2.495629513068541083e+00	1.184590358609471394e+01	3.110872088562198212e-01	1.416573825494398496e-02	0.000000000000000000e+00
1.979166867853557524e-09	2.480575603918583560e+00	1.180038274392037323e+01	3.104034998646371113e-01	1.412499986332521953e-02	0.000000000000000000e+00
2.072921779595369695e-09	2.465560407276806476e+00	1.175594292655664574e+01	3.096908780977182252e-01	1.409285043757355256e-02	0.000000000000000000e+00
2.171117945694509622e-09	2.450608132003656348e+00	1.171262267486485875e+01	3.089512472013775102e-01	1.406899976069903545e-02	0.000000000000000000e+00
2.273965752357932151e-09	2.435741774434889706e+00	1.167045823080033529e+01	3.081864718686487814e-01	1.405317691993270349e-02	0.000000000000000000e+00
2.381685551976160644e-09	2.420982840159550786e+00	1.162948256353100263e+01	3.073983657897823574e-01	1.404512613309019838e-02	0.000000000000000000e+00
2.494508135230316413e-09	2.406351417570384843e+00	1.158972549462355772e+01	3.065886945622129933e-01	1.404460475272875652e-02	0.000000000000000000e+00
2.612675225563326382e-09	2.391866246969936771e+00	1.155121381994545260e+01	3.057591781138347398e-01	1.405138421497967825e-02	0.000000000000000000e+00
2.736439997074666368e-09	2.377544797169461432e+00	1.151397146079846223e+01	3.049114933162428431e-01	1.406524595083314538e-02	0.000000000000000000e+00
2.866067616948244470e-09	2.363403697783281743e+00	1.147802051628340259e+01	3.040472985226232439e-01	1.408598463824772308e-02	0.000000000000000000e+00
3.001835813575592210e-09	2.349459057346918733e+00	1.144338191913620051e+01	3.031682547465374133e-01	1.411340311190131813e-02	0.000000000000000000e+00
3.144035471591500167e-09	2.335725969800102941e+00	1.141007407124039119e+01	3.022759959353683024e-01	1.414730566076516892e-02	0.000000000000000000e+00
3.292971255097148186e-09	2.322218499242656886e+00	1.137811276309535380e+01	3.013721260665681578e-01	1.418750805413987459e-02	0.000000000000000000e+00
3.448962260405766611e-09	2.308949731771169578e+00	1.134751128661029007e+01	3.004582197225836304e-01	1.423383076536874695e-02	0.000000000000000000e+00
3.612342699709437910e-09	2.295931818196110363e+00	1.131828051314240291e+01	2.995358224324003449e-01	1.428609852567302475e-02	0.000000000000000000e+00
3.783462617131932968e-09	2.283176058567085498e+00	1.129042907018110142e+01	2.986064539020367170e-01	1.434414065898407392e-02	0.000000000000000000e+00
3.962688638701478467e-09	2.270693380082223101e+00	1.126396432475259068e+01	2.976716416285960509e-01	1.440778826597302262e-02	0.000000000000000000e+00
4.150404757850472502e-09	2.258494206448776964e+00	1.123889196996551476e+01	2.967329123895567911e-01	1.447687144633977123e-02	0.000000000000000000e+00
4.347013158125017173e-09	2.246588166254186891e+00	1.121521535080967880e+01	2.957917690547557377e-01	1.455122102418630534e-02	0.000000000000000000e+00
4.552935074866938773e-09	2.234984120496555260e+00	1.119293552463655139e+01	2.948496895119750438e-01	1.463066805127403482e-02	0.000000000000000000e+00
4.768611697714474181e-09	2.223690190933205191e+00	1.117205132097910436e+01	2.939081257678911596e-01	1.471504387028141000e-02	0.000000000000000000e+00
4.994505115855140358e-09	2.212713792771721533e+00	1.115255942200801442e+01	2.929685031468922118e-01	1.480417723741524715e-02	0.000000000000000000e+00
5.231099308056257792e-09	2.202061739469804547e+00	1.113445454054701500e+01	2.920322265828464436e-01	1.489789833401659186e-02	0.000000000000000000e+00
5.478901179593956120e-09	2.191740526522433452e+00	1.111772988709163812e+01	2.911007033294522039e-01	1.499602809880407582e-02	0.000000000000000000e+00
5.738441648302404521e-09	2.181756072110415889e+00	1.110237664623678988e+01	2.901753198079440321e-01	1.509838615128401840e-02	0.000000000000000000e+00
6.010276782070388176e-09	2.172113653752737683e+00	1.108838390426743636e+01	2.892574323762479582e-01	1.520478806592693091e-02	0.000000000000000000e+00
6.294988990221888141e-09	2.162817920955285800e+00	1.107573868753165769e+01	2.883483653269015567e-01	1.531504467854634920e-02	0.000000000000000000e+00
6.593188271333541710e-09	2.153872917014893140e+00	1.106442603722847551e+01	2.874494092728917538e-01	1.542896420774960212e-02	0.000000000000000000e+00
6.905513520162316861e-09	2.145282097280815314e+00	1.105442906551737892e+01	2.865618196880906354e-01	1.554634896051659138e-02	0.000000000000000000e+00
7.232633896483518810e-09	2.137048495276276938e+00	1.104572918400495141e+01	2.856868309003647299e-01	1.566699492876644575e-02	0.000000000000000000e+00
7.575250258771920716e-09	2.129174797293940102e+00	1.103830612533795374e+01	2.848256634755306216e-01	1.579069403577107109e-02	0.000000000000000000e+00
7.934096665797492339e-09	2.121663118094094358e+00	1.103213769256254828e+01	2.839794987464447362e-01	1.591722446964899049e-02	0.000000000000000000e+00
8.309941949353386453e-09	2.114514987772923682e+00	1.102719980960648449e+01	2.831494738075910900e-01	1.604636391567438800e-02	0.000000000000000000e+00
8.703591361485183753e-09	2.107731363354822918e+00	1.102346659147991659e+01	2.823366794837345317e-01	1.617788195053095762e-02	0.000000000000000000e+00
9.115888299750837812e-09	2.101312639699917550e+00	1.102091042631987783e+01	2.815421580976741889e-01	1.631154981199302301e-02	0.000000000000000000e+00
9.547716114208065503e-09	2.095258660234887493e+00	1.101950205770126523e+01	2.807669014105499961e-01	1.644712409150504706e-02	0.000000000000000000e+00
1.000000000000000021e-08	2.089568728325144065e+00	1.101921067434529711e+01	2.800118486667989570e-01	1.658436434003410925e-02	0.000000000000000000e+00
