pc	M	R	C	k2	j3
9.999999999999999799e-13	1.309729889459914642e-01	2.267204292485030592e+01	8.530241341098820235e-03	5.418458494640536124e-03	0.000000000000000000e+00
1.047370897959448749e-12	1.357981573094577954e-01	2.191646822507352255e+01	9.149419528567482099e-03	6.579593261051487618e-03	0.000000000000000000e+00
1.096985797892381920e-12	1.407906377134597042e-01	2.124482683567528341e+01	9.785675621969788796e-03	7.887272639549415890e-03	0.000000000000000000e+00
1.148951000187311009e-12	1.459543536846226730e-01	2.064501537206560400e+01	1.043931683206435722e-02	9.344273775559604547e-03	0.000000000000000000e+00
1.203377840777590522e-12	1.512934372652898485e-01	2.010712886185037362e+01	1.111067038098348218e-02	1.095195820643452174e-02	0.000000000000000000e+00
1.260382929679727463e-12	1.568122248172142963e-01	1.962298594722162193e+01	1.180008290901843164e-02	1.271030558591472806e-02	0.000000000000000000e+00
1.320088400831416649e-12	1.625152542736047478e-01	1.918577168201120386e+01	1.250791999917085645e-02	1.461796208388358581e-02	0.000000000000000000e+00
1.382622173764653478e-12	1.684072630507176815e-01	1.878976546532494041e+01	1.323456567896838694e-02	1.667235847508906008e-02	0.000000000000000000e+00
1.448118227674535917e-12	1.744931871960549441e-01	1.843013122751085220e+01	1.398042206413887753e-02	1.886974486294010211e-02	0.000000000000000000e+00
1.516716888470924089e-12	1.807781600666651667e-01	1.810275405997319353e+01	1.474590887246767651e-02	2.120536136305623334e-02	0.000000000000000000e+00
1.588565129428052692e-12	1.872675111820561178e-01	1.780411160460109343e+01	1.553146297548695272e-02	2.367339525197535363e-02	0.000000000000000000e+00
1.663816886076127415e-12	1.939666562670764038e-01	1.753117605335560469e+01	1.633752492411962021e-02	2.626731425487663363e-02	0.000000000000000000e+00
1.742633386009647278e-12	2.008809276584122561e-01	1.728133546234234785e+01	1.716451907232524957e-02	2.897952426784971072e-02	0.000000000000000000e+00
1.825183494319046040e-12	2.080157116840012921e-01	1.705231841599012910e+01	1.801287106804739038e-02	3.180192235105351595e-02	0.000000000000000000e+00
1.911644075385703708e-12	2.153764608616107468e-01	1.684213918890668182e+01	1.888300982302576481e-02	3.472569181348932055e-02	0.000000000000000000e+00
2.002200371815584363e-12	2.229686797851632429e-01	1.664905390212903313e+01	1.977536636102655149e-02	3.774149505887981065e-02	0.000000000000000000e+00
2.097046401323230665e-12	2.307979095033436678e-01	1.647152445630472073e+01	2.069037253937916834e-02	4.083967890654207483e-02	0.000000000000000000e+00
2.196385372416542332e-12	2.388697105246532504e-01	1.630818866459606653e+01	2.162845967908805581e-02	4.401017831996523189e-02	0.000000000000000000e+00
2.300430119772921506e-12	2.471896442154507822e-01	1.615783535402700366e+01	2.259005711908453062e-02	4.724272010558298179e-02	0.000000000000000000e+00
2.409403560239526876e-12	2.557632527970697400e-01	1.601938351228625734e+01	2.357559069466500998e-02	5.052686830230621040e-02	0.000000000000000000e+00
2.523539170434765862e-12	2.645960357712561772e-01	1.589186476994712294e+01	2.458548088749297478e-02	5.385197951309989711e-02	0.000000000000000000e+00
2.643081486974102692e-12	2.736934291353199655e-01	1.577440844671474274e+01	2.562014150756693892e-02	5.720752687009131310e-02	0.000000000000000000e+00
2.768286630392061017e-12	2.830607763916158093e-01	1.566622901503651200e+01	2.667997741634848055e-02	6.058292725906203741e-02	0.000000000000000000e+00
2.899422853882880921e-12	2.927033204615436812e-01	1.556661521065143639e+01	2.776538461965260413e-02	6.396767006382209075e-02	0.000000000000000000e+00
3.036771118035460378e-12	3.026263234578676076e-01	1.547492019744796288e+01	2.887676367677370626e-02	6.735144795328670830e-02	0.000000000000000000e+00
3.180625692794118977e-12	3.128351332231461002e-01	1.539055419101419453e+01	3.001452657727324974e-02	7.072421257713343290e-02	0.000000000000000000e+00
3.331294787934670055e-12	3.233351779724310537e-01	1.531297860910431297e+01	3.117909579942598416e-02	7.407621685850848681e-02	0.000000000000000000e+00
3.489101213406766494e-12	3.341319575591301660e-01	1.524170087281031272e+01	3.237090312067211761e-02	7.739806481927921644e-02	0.000000000000000000e+00
3.654383070957261569e-12	3.452310367609812136e-01	1.517626972329483515e+01	3.359038882087685141e-02	8.068072865058961707e-02	0.000000000000000000e+00
3.827494478516314936e-12	3.566380344672326341e-01	1.511627112187724009e+01	3.483800041018393634e-02	8.391558062637680115e-02	0.000000000000000000e+00
4.008806328898464320e-12	3.683586138958427347e-01	1.506132455695172823e+01	3.611419160420550889e-02	8.709436736180474481e-02	0.000000000000000000e+00
4.198707084443905621e-12	3.803984727013207667e-01	1.501107976671953281e+01	3.741942131012843120e-02	9.020930544356256520e-02	0.000000000000000000e+00
4.397603609302712498e-12	3.927633299950146206e-01	1.496521382171577663e+01	3.875415234159945710e-02	9.325302189666823116e-02	0.000000000000000000e+00
4.605922041145112927e-12	4.054589143978667432e-01	1.492342850739677651e+01	4.011885030796122353e-02	9.621861609127577153e-02	0.000000000000000000e+00
4.824108704165373984e-12	4.184910070244341473e-01	1.488544785084628508e+01	4.151398836882264076e-02	9.909961653558753414e-02	0.000000000000000000e+00
5.052631065335679604e-12	4.318656725728601264e-01	1.485101554156719672e+01	4.294007190932912221e-02	1.018900904479373148e-01	0.000000000000000000e+00
5.291978735958436557e-12	4.455890949497265940e-01	1.481989388041624522e+01	4.439762052283345584e-02	1.045845314039501178e-01	0.000000000000000000e+00
5.542664520663095602e-12	4.596674906140990613e-01	1.479186236242595953e+01	4.588715875817848955e-02	1.071779128104974332e-01	0.000000000000000000e+00
5.805225516094907684e-12	4.741070960631937337e-01	1.476671616429504752e+01	4.740921488891600838e-02	1.096656439078445983e-01	0.000000000000000000e+00
6.080224261649427052e-12	4.889141547984969249e-01	1.474426477038579186e+01	4.896431969269653822e-02	1.120434955049695036e-01	0.000000000000000000e+00
6.368249944718585906e-12	5.040949041906253036e-01	1.472433072263019227e+01	5.055300528602151011e-02	1.143077389555353929e-01	0.000000000000000000e+00
6.669919663030115058e-12	5.196555597367851220e-01	1.470674850136552436e+01	5.217580369544977392e-02	1.164550249350432692e-01	0.000000000000000000e+00
6.985879746785234820e-12	5.356022995442957235e-01	1.469136350301685390e+01	5.383324551806645264e-02	1.184823770732945092e-01	0.000000000000000000e+00
7.316807143427207274e-12	5.519412470895422862e-01	1.467803111364295354e+01	5.552585844553888789e-02	1.203872405424346176e-01	0.000000000000000000e+00
7.663410868007462274e-12	5.686784531012710753e-01	1.466661586953345875e+01	5.725416573256696812e-02	1.221674218770861242e-01	0.000000000000000000e+00
8.026433522257174683e-12	5.858198804079907118e-01	1.465699069311491165e+01	5.901868500782105759e-02	1.238210810401063067e-01	0.000000000000000000e+00
8.406652885618316356e-12	6.033716789932895841e-01	1.464903608927054179e+01	6.081995682950484122e-02	1.253467872117383086e-01	0.000000000000000000e+00
8.804883581643446547e-12	6.213403984702660088e-01	1.464263966959583563e+01	6.265856599267598248e-02	1.267434344355036768e-01	0.000000000000000000e+00
9.221978823334340144e-12	6.397326243336644014e-01	1.463769595019454250e+01	6.453510367365568323e-02	1.280102769368269000e-01	0.000000000000000000e+00
9.658832241158709141e-12	6.585549273364071921e-01	1.463410588804299195e+01	6.645016220710839305e-02	1.291468613085670070e-01	0.000000000000000000e+00
1.011637979766206976e-11	6.778138477687951635e-01	1.463177642970287273e+01	6.840433349915828187e-02	1.301530117917300000e-01	0.000000000000000000e+00
1.059560179277614774e-11	6.975158776566268148e-01	1.463062007452992397e+01	7.039820735065646651e-02	1.310288563489994951e-01	0.000000000000000000e+00
1.109752496412069864e-11	7.176674423971743932e-01	1.463055447859829883e+01	7.243236971968637639e-02	1.317747311166861945e-01	0.000000000000000000e+00
1.162322468679854125e-11	7.382748814593114162e-01	1.463150208454408308e+01	7.450740094005428582e-02	1.323913213337798156e-01	0.000000000000000000e+00
1.217382727739662020e-11	7.593444268662485896e-01	1.463338977623392267e+01	7.662387376366490421e-02	1.328794640414211192e-01	0.000000000000000000e+00
1.275051240713012859e-11	7.808821810110542216e-01	1.463614856610273840e+01	7.878235133221798969e-02	1.332402553307362458e-01	0.000000000000000000e+00
1.335451562929897339e-11	8.028940927127795613e-01	1.463971328530113958e+01	8.098338511477556900e-02	1.334750493040503527e-01	0.000000000000000000e+00
1.398713102647241439e-11	8.253859341201542632e-01	1.464402234563064908e+01	8.322751269335211532e-02	1.335853770720954181e-01	0.000000000000000000e+00
1.464971398307287854e-11	8.483632371785940762e-01	1.464901740992266355e+01	8.551525212494796857e-02	1.335729606649655177e-01	0.000000000000000000e+00
1.534368408930013065e-11	8.718311002771079732e-01	1.465464290559253691e+01	8.784708438646973705e-02	1.334397169389160975e-01	0.000000000000000000e+00
1.607052818261638620e-11	8.957940642352265614e-01	1.466084546053217252e+01	9.022344370713034079e-02	1.331877379502116321e-01	0.000000000000000000e+00
1.683180353330955093e-11	9.202560672578697920e-01	1.466757352457441144e+01	9.264471519750447359e-02	1.328192698855348297e-01	0.000000000000000000e+00
1.762914118095944293e-11	9.452204027631191385e-01	1.467477706206313393e+01	9.511123265233378810e-02	1.323367176146506008e-01	0.000000000000000000e+00
1.846424942895546448e-11	9.706896766705782609e-01	1.468240730224920476e+01	9.762327620477993795e-02	1.317426297734278495e-01	0.000000000000000000e+00
1.933891750455232057e-11	9.966657654342785388e-01	1.469041654240725236e+01	1.001810699401136512e-01	1.310396888201548204e-01	0.000000000000000000e+00
2.025501939230666486e-11	1.023149773399447238e+00	1.469875796298748405e+01	1.027847795559621580e-01	1.302307266613784709e-01	0.000000000000000000e+00
2.121451784910627571e-11	1.050141990518775215e+00	1.470738548344798247e+01	1.054345099595397767e-01	1.293187343751092400e-01	0.000000000000000000e+00
2.221946860939528424e-11	1.077641850390558931e+00	1.471625364503075062e+01	1.081303028534375404e-01	1.283067503486224614e-01	0.000000000000000000e+00
2.327202478960412005e-11	1.105647889197634903e+00	1.472531750230279357e+01	1.108721344733696185e-01	1.271980397333409840e-01	0.000000000000000000e+00
2.437444150122221807e-11	1.134157704713443682e+00	1.473453254134294710e+01	1.136599132457042083e-01	1.259959150847324294e-01	0.000000000000000000e+00
2.552908068239516723e-11	1.163167896287822023e+00	1.474385460649853030e+01	1.164934755611931883e-01	1.247038408711733937e-01	0.000000000000000000e+00
2.673841615839943880e-11	1.192672953668268754e+00	1.475323945680101545e+01	1.193724794207293854e-01	1.233254141222226291e-01	0.000000000000000000e+00
2.800503894183625342e-11	1.222664389427580156e+00	1.476264214199195557e+01	1.222963248550418408e-01	1.218644396752981834e-01	0.000000000000000000e+00
2.933166278390048099e-11	1.253131829532038166e+00	1.477201696398478603e+01	1.252642661623179776e-01	1.203248385710691953e-01	0.000000000000000000e+00
3.072112998861759207e-11	1.284063079241375638e+00	1.478131732472969162e+01	1.282754223847172304e-01	1.187106515815649355e-01	0.000000000000000000e+00
3.217641750250735458e-11	1.315444094244546225e+00	1.479049562100735216e+01	1.313287780349541856e-01	1.170260034530543614e-01	0.000000000000000000e+00
3.370064329271925032e-11	1.347258962355835976e+00	1.479950321176267281e+01	1.344231843157731587e-01	1.152751304795801013e-01	0.000000000000000000e+00
3.529707302730657668e-11	1.379489893516662846e+00	1.480829046259058046e+01	1.375573604439402908e-01	1.134623381160574235e-01	0.000000000000000000e+00
3.696912707195032437e-11	1.412117221241265375e+00	1.481680673194459708e+01	1.407298965458182449e-01	1.115920065302647285e-01	0.000000000000000000e+00
3.872038781812557004e-11	1.445119411863137415e+00	1.482500051400463192e+01	1.439392557365269387e-01	1.096685366703256670e-01	0.000000000000000000e+00
4.055460735840827506e-11	1.478473085510555007e+00	1.483281950964066631e+01	1.471837777880459774e-01	1.076964325201674871e-01	0.000000000000000000e+00
4.247571552536894126e-11	1.512153047098022896e+00	1.484021075703146053e+01	1.504616829627153651e-01	1.056802059051646092e-01	0.000000000000000000e+00
4.448782831127576069e-11	1.546132327700324494e+00	1.484712076807410597e+01	1.537710764931261298e-01	1.036243555965861568e-01	0.000000000000000000e+00
4.659525668664686662e-11	1.580382236534925600e+00	1.485349568432947365e+01	1.571099535531018110e-01	1.015334508357654958e-01	0.000000000000000000e+00
4.880251583654433574e-11	1.614872404427800445e+00	1.485928144332904921e+01	1.604762028664180884e-01	9.941200389374627022e-02	0.000000000000000000e+00
5.111433483440165318e-11	1.649569949900918875e+00	1.486442376999548287e+01	1.638675246517443118e-01	9.726458392596123992e-02	0.000000000000000000e+00
5.353566677410718816e-11	1.684439001959527005e+00	1.486886827606385708e+01	1.672813827199575165e-01	9.509580807048988171e-02	0.000000000000000000e+00
5.607169938205469661e-11	1.719441862306846591e+00	1.487256068985713497e+01	1.707151174876100908e-01	9.291024776640077754e-02	0.000000000000000000e+00
5.872786613189488850e-11	1.754539231285238809e+00	1.487544691500593252e+01	1.741659672436402240e-01	9.071242282212166330e-02	0.000000000000000000e+00
6.150985788580503926e-11	1.789690329108332145e+00	1.487747346230557355e+01	1.776310741746977007e-01	8.850676841926255478e-02	0.000000000000000000e+00
6.442363508721370414e-11	1.824853072947050014e+00	1.487858740911025990e+01	1.811075007863289787e-01	8.629762522487999243e-02	0.000000000000000000e+00
6.747544053110686101e-11	1.859984233732308034e+00	1.487873674704231242e+01	1.845922392499225739e-01	8.408921835407850986e-02	0.000000000000000000e+00
7.067181273927477085e-11	1.895039616000374183e+00	1.487787059020410396e+01	1.880822240235931198e-01	8.188562470533475302e-02	0.000000000000000000e+00
7.401959996915652408e-11	1.929974244598823274e+00	1.487593940580328322e+01	1.915743442950815778e-01	7.969083307960611595e-02	0.000000000000000000e+00
7.752597488629464062e-11	1.964742558459332100e+00	1.487289524916572425e+01	1.950654564848143813e-01	7.750860493200997792e-02	0.000000000000000000e+00
8.119844993184008328e-11	1.999298609773971336e+00	1.486869199011817066e+01	1.985523968339502621e-01	7.534256514747517119e-02	0.000000000000000000e+00
8.504489341802668113e-11	2.033596269048731031e+00	1.486328553836289856e+01	2.020319940638841683e-01	7.319616076344880040e-02	0.000000000000000000e+00
8.907354638610458163e-11	2.067589426681485598e+00	1.485663407349954035e+01	2.055010811351291045e-01	7.107264629311502158e-02	0.000000000000000000e+00
9.329304026284695888e-11	2.101232209214508817e+00	1.484869819944011127e+01	2.089565090678315029e-01	6.897505869686221258e-02	0.000000000000000000e+00
9.771241535346501225e-11	2.134479182752063053e+00	1.483944117407516927e+01	2.123951581010017631e-01	6.690625268744593290e-02	0.000000000000000000e+00
1.023411402105452712e-10	2.167285377134326119e+00	1.482882886658010158e+01	2.158139345922895358e-01	6.486885429618216570e-02	0.000000000000000000e+00
1.071891319205126445e-10	2.199606307338992206e+00	1.481682976961250198e+01	2.192097668086684659e-01	6.286530531094607077e-02	0.000000000000000000e+00
1.122667773510811312e-10	2.231398170778758683e+00	1.480341507332529360e+01	2.225796172453242128e-01	6.089782854114870331e-02	0.000000000000000000e+00
1.175849554052158201e-10	2.262618060389668173e+00	1.478855877533937857e+01	2.259204959126579759e-01	5.896843665088667696e-02	0.000000000000000000e+00
1.231550603292826197e-10	2.293224173918915199e+00	1.477223780291430444e+01	2.292294730023639593e-01	5.707890781596711843e-02	0.000000000000000000e+00
1.289890261253308184e-10	2.323176014820928614e+00	1.475443214618923271e+01	2.325036905215481231e-01	5.523085835338964467e-02	0.000000000000000000e+00
1.350993521198024986e-10	2.352434582928212503e+00	1.473512498658790193e+01	2.357403729950418303e-01	5.342564496483307585e-02	0.000000000000000000e+00
1.414991297434578731e-10	2.380962560808376427e+00	1.471430279678959607e+01	2.389368382661612444e-01	5.166444648656574185e-02	0.000000000000000000e+00
1.482020705798860072e-10	2.408724480038028748e+00	1.469195545523288970e+01	2.420905062012152775e-01	4.994822886665396811e-02	0.000000000000000000e+00
1.552225357427047968e-10	2.435686876645066334e+00	1.466807634735953769e+01	2.451989067016247525e-01	4.827778175904012120e-02	0.000000000000000000e+00
1.625755666443793407e-10	2.461818434152226232e+00	1.464266243266157552e+01	2.482596872812267152e-01	4.665368346531413579e-02	0.000000000000000000e+00
1.702769172225897821e-10	2.487090128389316313e+00	1.461571428994573729e+01	2.512706215171510160e-01	4.507634931833082864e-02	0.000000000000000000e+00
1.783430876931905687e-10	2.511475823253448869e+00	1.458723550837981620e+01	2.542296749509198039e-01	4.354604223964377019e-02	0.000000000000000000e+00
1.867913599020784805e-10	2.534952128823441786e+00	1.455723237614710364e+01	2.571349928448745659e-01	4.206274695688506232e-02	0.000000000000000000e+00
1.956398343517064725e-10	2.557497749308025980e+00	1.452571435886431317e+01	2.599848226266152640e-01	4.062640806661706183e-02	0.000000000000000000e+00
2.049074689815846066e-10	2.579093529881001157e+00	1.449269405722283643e+01	2.627775158222475649e-01	3.923670783999419487e-02	0.000000000000000000e+00
2.146141197858401440e-10	2.599722521245289020e+00	1.445818715813336830e+01	2.655115323645103054e-01	3.789338781693882274e-02	0.000000000000000000e+00
2.247805833548729991e-10	2.619370053988162805e+00	1.442221243679861509e+01	2.681854454551589884e-01	3.659602264263984300e-02	0.000000000000000000e+00
2.354286414322420067e-10	2.638023782376861970e+00	1.438479173319943882e+01	2.707979442377896895e-01	3.534401245959633425e-02	0.000000000000000000e+00
2.465811075822603842e-10	2.655673731438875418e+00	1.434594995238602166e+01	2.733478368300336636e-01	3.413674181422182707e-02	0.000000000000000000e+00
2.582618760682674929e-10	2.672312309926544227e+00	1.430571500258860063e+01	2.758340514978566138e-01	3.297349516637326089e-02	0.000000000000000000e+00
2.704959730463131364e-10	2.687934334370297496e+00	1.426411781512741328e+01	2.782556378868322189e-01	3.185348703035242868e-02	0.000000000000000000e+00
2.833096101839318258e-10	2.702537021160615449e+00	1.422119228039837324e+01	2.806117670119740448e-01	3.077587050873244190e-02	0.000000000000000000e+00
2.967302408188872501e-10	2.716120146641307631e+00	1.417697459953158301e+01	2.829017608911524873e-01	2.973971899362806356e-02	0.000000000000000000e+00
3.107866187782014063e-10	2.728686393166525725e+00	1.413150119469755417e+01	2.851251722906419372e-01	2.874403015164776060e-02	0.000000000000000000e+00
3.255088599835056406e-10	2.740240473495069384e+00	1.408481021208500117e+01	2.872816670235543990e-01	2.778774889356423056e-02	0.000000000000000000e+00
3.409285069746807543e-10	2.750788864930338029e+00	1.403694196406941508e+01	2.893709888511511452e-01	2.686982417641881407e-02	0.000000000000000000e+00
3.570785964900469852e-10	2.760339774976509730e+00	1.398793881826714447e+01	2.913929595116235283e-01	2.598913053074449961e-02	0.000000000000000000e+00
3.739937302478801677e-10	2.768903103367052143e+00	1.393784510592961645e+01	2.933474783195473834e-01	2.514462681440649688e-02	0.000000000000000000e+00
3.917101490809260641e-10	2.776490404696552616e+00	1.388670704008250745e+01	2.952345219417912836e-01	2.433520619179187217e-02	0.000000000000000000e+00
4.102658105827190344e-10	2.783114839607963020e+00	1.383457264144731447e+01	2.970541430835531016e-01	2.355975506384881332e-02	0.000000000000000000e+00
4.297004704320835313e-10	2.788791119556214060e+00	1.378149163940398481e+01	2.988064692783522491e-01	2.281726482851450383e-02	0.000000000000000000e+00
4.500557675700488183e-10	2.793535470196097936e+00	1.372751542787141332e+01	3.004917027329833679e-01	2.210657787709836494e-02	0.000000000000000000e+00
4.713753134116729086e-10	2.797365556700878830e+00	1.367269672111511625e+01	3.021101229105445096e-01	2.142664848917547743e-02	0.000000000000000000e+00
4.937047852839003559e-10	2.800300509932451831e+00	1.361708707713956734e+01	3.036621480795496653e-01	2.077638737431487456e-02	0.000000000000000000e+00
5.170920242896755486e-10	2.802360573081598805e+00	1.356073747561441678e+01	3.051482901092808508e-01	2.015472495373754266e-02	0.000000000000000000e+00
5.415871378079465267e-10	2.803566860699513885e+00	1.350369986119644672e+01	3.065690981275754345e-01	1.956059411271595175e-02	0.000000000000000000e+00
5.672426068491988835e-10	2.803941294753557134e+00	1.344602703864101834e+01	3.079251569732800453e-01	1.899297228779247768e-02	0.000000000000000000e+00
5.941133984965039838e-10	2.803506544279154244e+00	1.338777257505899598e+01	3.092170859554880247e-01	1.845086270748116236e-02	0.000000000000000000e+00
6.222570836730231313e-10	2.802285974513172739e+00	1.332899071613378439e+01	3.104455383992608120e-01	1.793329988049660595e-02	0.000000000000000000e+00
6.517339604882420571e-10	2.800303586652553189e+00	1.326973626589195732e+01	3.116112010621442940e-01	1.743934058587207764e-02	0.000000000000000000e+00
6.826071834272379248e-10	2.797583961739257497e+00	1.321006453425451532e+01	3.127147924656991651e-01	1.696808376377395566e-02	0.000000000000000000e+00
7.149428986597561750e-10	2.794152208183523278e+00	1.315003122369339650e+01	3.137570630668132243e-01	1.651863725111822959e-02	0.000000000000000000e+00
7.488103857590030225e-10	2.790033831885219140e+00	1.308969146648687598e+01	3.147388071656571640e-01	1.609015508583755069e-02	0.000000000000000000e+00
7.842822061337681836e-10	2.785254485232321553e+00	1.302909806329864217e+01	3.156608811525438707e-01	1.568179610956650649e-02	0.000000000000000000e+00
8.214343584919422200e-10	2.779839957562356911e+00	1.296830341792168184e+01	3.165241601579099617e-01	1.529274240803884556e-02	0.000000000000000000e+00
8.603464416684491388e-10	2.773816148861495190e+00	1.290735991642157288e+01	3.173295288625804789e-01	1.492221990412249781e-02	0.000000000000000000e+00
9.011018251665036851e-10	2.767209026261841842e+00	1.284631982400352612e+01	3.180778817827968341e-01	1.456948792763251670e-02	0.000000000000000000e+00
9.437878277775391497e-10	2.760044580866099384e+00	1.278523520913662459e+01	3.187701228827210520e-01	1.423382331147709547e-02	0.000000000000000000e+00
9.884959046625586031e-10	2.752348789708451537e+00	1.272415787655363317e+01	3.194071654910217717e-01	1.391454513742086847e-02	0.000000000000000000e+00
1.035321843295661502e-09	2.744147575093500713e+00	1.266313927917878779e+01	3.199899323731232315e-01	1.361100505801241846e-02	0.000000000000000000e+00
1.084365968689608688e-09	2.735466769233660056e+00	1.260223045367028227e+01	3.205193557552849515e-01	1.332256965315056947e-02	0.000000000000000000e+00
1.135733358343102889e-09	2.726331991197605831e+00	1.254148141135178562e+01	3.209963808795141538e-01	1.304863955617111514e-02	0.000000000000000000e+00
1.189534067370320724e-09	2.716768429124589268e+00	1.248094002762045385e+01	3.214219713900145492e-01	1.278863788107562419e-02	0.000000000000000000e+00
1.245883364295008068e-09	2.706800949598697770e+00	1.242065333626501911e+01	3.217970915218576478e-01	1.254200318442977996e-02	0.000000000000000000e+00
1.304901978014401580e-09	2.696454125991256667e+00	1.236066773809114316e+01	3.221227059681118776e-01	1.230821134355108287e-02	0.000000000000000000e+00
1.366716356462010101e-09	2.685752210264132689e+00	1.230102894247047018e+01	3.223997798026860817e-01	1.208676183542983784e-02	0.000000000000000000e+00
1.431458937523481393e-09	2.674719106940007141e+00	1.224178191554658213e+01	3.226292783822340970e-01	1.187716801426603845e-02	0.000000000000000000e+00
1.499268432786047049e-09	2.663378354684867055e+00	1.218297082693914568e+01	3.228121680989395337e-01	1.167898182320229079e-02	0.000000000000000000e+00
1.570290124729377524e-09	2.651753108843983409e+00	1.212463899929706024e+01	3.229494170839833922e-01	1.149176804562745957e-02	0.000000000000000000e+00
1.644676177994662829e-09	2.639866120972831798e+00	1.206682883700140430e+01	3.230419960071493346e-01	1.131511463586602068e-02	0.000000000000000000e+00
1.722585965398783835e-09	2.627739618605870131e+00	1.200958134176006986e+01	3.230908776300990271e-01	1.114862551258730995e-02	0.000000000000000000e+00
1.804186409392068039e-09	2.615395277365382576e+00	1.195293604630403372e+01	3.230970363328634631e-01	1.099192649803120043e-02	0.000000000000000000e+00
1.889652339691211477e-09	2.602854308673044681e+00	1.189693153121139524e+01	3.230614459945820860e-01	1.084466478528078870e-02	0.000000000000000000e+00
1.979166867853557524e-09	2.590137458084716293e+00	1.184160540863637934e+01	3.229850810854924537e-01	1.070649424370055149e-02	0.000000000000000000e+00
2.072921779595369695e-09	2.577264999356577047e+00	1.178699427765894470e+01	3.228689179177928192e-01	1.057710212919195543e-02	0.000000000000000000e+00
2.171117945694509622e-09	2.564256714580588792e+00	1.173313372622271800e+01	3.227139327801583080e-01	1.045617601613207416e-02	0.000000000000000000e+00
2.273965752357932151e-09	2.551131906802183824e+00	1.168005825822854149e+01	3.225211060808927943e-01	1.034343235609498646e-02	0.000000000000000000e+00
2.381685551976160644e-09	2.537909384013440128e+00	1.162780130098160569e+01	3.222914206223939093e-01	1.023859136872698125e-02	0.000000000000000000e+00
2.494508135230316413e-09	2.524607449894570532e+00	1.157639512760447964e+01	3.220258629418971119e-01	1.014139336996982589e-02	0.000000000000000000e+00
2.612675225563326382e-09	2.511243889051964384e+00	1.152587081214545783e+01	3.217254229472973348e-01	1.005159146068975579e-02	0.000000000000000000e+00
2.736439997074666368e-09	2.497835992261252969e+00	1.147625830769195154e+01	3.213910951254374537e-01	9.968949552760841826e-03	0.000000000000000000e+00
2.866067616948244470e-09	2.484400555771767660e+00	1.142758645478745905e+01	3.210238782908829136e-01	9.893244650345174238e-03	0.000000000000000000e+00
3.001835813575592210e-09	2.470953894000287754e+00	1.137988297124794990e+01	3.206247774845182863e-01	9.824265090990448243e-03	0.000000000000000000e+00
3.144035471591500167e-09	2.457511822314643268e+00	1.133317440014643296e+01	3.201948030978086224e-01	9.761806785904846018e-03	0.000000000000000000e+00
3.292971255097148186e-09	2.444089675941945039e+00	1.128748613218791341e+01	3.197349724775867541e-01	9.705684090614377993e-03	0.000000000000000000e+00
3.448962260405766611e-09	2.430702300389253168e+00	1.124284237134650155e+01	3.192463093422200360e-01	9.655710180258970585e-03	0.000000000000000000e+00
3.612342699709437910e-09	2.417364072976685208e+00	1.119926614704743706e+01	3.187298458513427857e-01	9.611710553835476484e-03	0.000000000000000000e+00
3.783462617131932968e-09	2.404088962458779122e+00	1.115677950948472485e+01	3.181866244461514781e-01	9.573521778655492281e-03	0.000000000000000000e+00
3.962688638701478467e-09	2.390890498815406939e+00	1.111540338665236938e+01	3.176176974255866536e-01	9.540987981522133440e-03	0.000000000000000000e+00
4.150404757850472502e-09	2.377781761539811356e+00	1.107515750664999210e+01	3.170241269735776801e-01	9.513958976276907717e-03	0.000000000000000000e+00
4.347013158125017173e-09	2.364775371169271168e+00	1.103606035666771312e+01	3.164069844499641793e-01	9.492292130341320466e-03	0.000000000000000000e+00
4.552935074866938773e-09	2.351883502434489515e+00	1.099812918823172936e+01	3.157673511341315686e-01	9.475847768441451879e-03	0.000000000000000000e+00
4.768611697714474181e-09	2.339117880784895576e+00	1.096137999622516013e+01	3.151063174104160036e-01	9.464496175863933852e-03	0.000000000000000000e+00
4.994505115855140358e-09	2.326489793169949749e+00	1.092582750035188255e+01	3.144249836990586355e-01	9.458110176558053375e-03	0.000000000000000000e+00
5.231099308056257792e-09	2.314010100483587351e+00	1.089148516912439213e+01	3.137244603154756284e-01	9.456568067759322724e-03	0.000000000000000000e+00
5.478901179593956120e-09	2.301689337545251401e+00	1.085836545319191870e+01	3.130058731250470738e-01	9.459751456652990345e-03	0.000000000000000000e+00
5.738441648302404521e-09	2.289537681159571125e+00	1.082647966545652807e+01	3.122703615116382281e-01	9.467548039361714518e-03	0.000000000000000000e+00
6.010276782070388176e-09	2.277564903226430015e+00	1.079583776232832903e+01	3.115190769923614211e-01	9.479846720256101394e-03	0.000000000000000000e+00
6.294988990221888141e-09	2.265780351878934340e+00	1.076644837429177493e+01	3.107531782915146645e-01	9.496538102967144040e-03	0.000000000000000000e+00
6.593188271333541710e-09	2.254192974757904366e+00	1.073831875404077074e+01	3.099738344531155487e-01	9.517516298533196598e-03	0.000000000000000000e+00
6.905513520162316861e-09	2.242811313450417732e+00	1.071145476690740850e+01	3.091822227242564392e-01	9.542679591401507719e-03	0.000000000000000000e+00
7.232633896483518810e-09	2.231643508816083088e+00	1.068586088581710669e+01	3.083795277189645412e-01	9.571922372155887773e-03	0.000000000000000000e+00
7.575250258771920716e-09	2.220697311686290920e+00	1.066154020978382100e+01	3.075669405833811321e-01	9.605146243110387894e-03	0.000000000000000000e+00
7.934096665797492339e-09	2.209980182840629581e+00	1.063849461429998655e+01	3.067456667039755724e-01	9.642249130588975703e-03	0.000000000000000000e+00
8.309941949353386453e-09	2.199499267330486063e+00	1.061672469410036967e+01	3.059169220509370124e-01	9.683130034031019184e-03	0.000000000000000000e+00
8.703591361485183753e-09	2.189261320538047340e+00	1.059622955310826242e+01	3.050819270824539076e-01	9.727692501462621016e-03	0.000000000000000000e+00
9.115888299750837812e-09	2.179272707325651037e+00	1.057700679626426599e+01	3.042419048467268627e-01	9.775821395303885622e-03	0.000000000000000000e+00
9.547716114208065503e-09	2.169539404048328013e+00	1.055905250256397387e+01	3.033980799834799513e-01	9.827425244969701518e-03	0.000000000000000000e+00
1.000000000000000021e-08	2.160066996062426803e+00	1.054236124751485271e+01	3.025516756457878875e-01	9.882399812326973093e-03	0.000000000000000000e+00
