pc	M	R	C	k2	j3
9.999999999999999799e-13	1.124416285392098591e-01	3.066592846563570163e+01	5.414286635156267784e-03	1.107188497540652176e-03	0.000000000000000000e+00
1.047370897959448749e-12	1.152494881642875113e-01	2.920179147395672103e+01	5.827734325451189648e-03	1.374491400169397222e-03	0.000000000000000000e+00
1.096985797892381920e-12	1.181205656374655910e-01	2.790805057375165887e+01	6.249801899514310401e-03	1.687099418085301035e-03	0.000000000000000000e+00
1.148951000187311009e-12	1.210548939837521043e-01	2.675702006821681778e+01	6.680590357459935923e-03	2.048053924608169308e-03	0.000000000000000000e+00
1.203377840777590522e-12	1.240528318251466755e-01	2.572661200435758388e+01	7.120234890633902157e-03	2.460088670216833018e-03	0.000000000000000000e+00
1.260382929679727463e-12	1.271151564849591076e-01	2.479897089534945209e+01	7.568919958096487037e-03	2.925619609183773701e-03	0.000000000000000000e+00
1.320088400831416649e-12	1.302430097048616897e-01	2.395952848185527273e+01	8.026872997463751352e-03	3.446816543597100175e-03	0.000000000000000000e+00
1.382622173764653478e-12	1.334377359551532360e-01	2.319632280503014243e+01	8.494342258668163489e-03	4.025503696287542968e-03	0.000000000000000000e+00
1.448118227674535917e-12	1.367008695130343676e-01	2.249944525923525518e+01	8.971595855497742703e-03	4.663180421561645243e-03	0.000000000000000000e+00
1.516716888470924089e-12	1.400341307674340674e-01	2.186062118432720780e+01	9.458921830247751100e-03	5.361069926992868308e-03	0.000000000000000000e+00
1.588565129428052692e-12	1.434394269597667193e-01	2.127288879271240774e+01	9.956628585153563110e-03	6.120084632216457599e-03	0.000000000000000000e+00
1.663816886076127415e-12	1.469188529016531020e-01	2.073035109316719371e+01	1.046504515106402508e-02	6.940845183020545942e-03	0.000000000000000000e+00
1.742633386009647278e-12	1.504746980900303344e-01	2.022798128178586907e+01	1.098452224232136613e-02	7.823728953487294607e-03	0.000000000000000000e+00
1.825183494319046040e-12	1.541096238044122324e-01	1.976144882569746741e+01	1.151545793632901930e-02	8.768888557884676679e-03	0.000000000000000000e+00
1.911644075385703708e-12	1.578267963728236800e-01	1.932699353697001143e+01	1.205831638736380718e-02	9.776352759282421964e-03	0.000000000000000000e+00
2.002200371815584363e-12	1.616297098915949471e-01	1.892135978044736433e+01	1.261360087556292683e-02	1.084597377414529829e-02	0.000000000000000000e+00
2.097046401323230665e-12	1.655221870491535019e-01	1.854171871238396463e+01	1.318185295584516255e-02	1.197748417123899352e-02	0.000000000000000000e+00
2.196385372416542332e-12	1.695083994013845408e-01	1.818560273323351950e+01	1.376365437793593792e-02	1.317048066458588289e-02	0.000000000000000000e+00
2.300430119772921506e-12	1.735928896906680508e-01	1.785085169184499065e+01	1.435962921119310863e-02	1.442447046000925118e-02	0.000000000000000000e+00
2.409403560239526876e-12	1.777805961073549157e-01	1.753556852845096259e+01	1.497044610887035207e-02	1.573886657809036790e-02	0.000000000000000000e+00
2.523539170434765862e-12	1.820768792769787425e-01	1.723808242498952481e+01	1.559682083042940835e-02	1.711305449586011940e-02	0.000000000000000000e+00
2.643081486974102692e-12	1.864875808817998692e-01	1.695691623599761400e+01	1.623952325636946609e-02	1.854633915668433761e-02	0.000000000000000000e+00
2.768286630392061017e-12	1.910190869338344311e-01	1.669075851335311000e+01	1.689938601337224663e-02	2.003807510885853224e-02	0.000000000000000000e+00
2.899422853882880921e-12	1.956780964755604202e-01	1.643845444837045022e+01	1.757727176428149074e-02	2.158749477617350962e-02	0.000000000000000000e+00
3.036771118035460378e-12	2.004715601069388398e-01	1.619898666302531964e+01	1.827406466285154407e-02	2.319375399060797163e-02	0.000000000000000000e+00
3.180625692794118977e-12	2.054066878262146845e-01	1.597145551827236964e+01	1.899067136851148932e-02	2.485587968168268339e-02	0.000000000000000000e+00
3.331294787934670055e-12	2.104909569609904885e-01	1.575506275771659048e+01	1.972802184462343206e-02	2.657280071452226139e-02	0.000000000000000000e+00
3.489101213406766494e-12	2.157321212594764948e-01	1.554909777192952625e+01	2.048707014864949508e-02	2.834329637712950170e-02	0.000000000000000000e+00
3.654383070957261569e-12	2.211382198150414202e-01	1.535292600305565891e+01	2.126879510448433444e-02	3.016602961342886025e-02	0.000000000000000000e+00
3.827494478516314936e-12	2.267175861631738065e-01	1.516597910405401528e+01	2.207420090010682456e-02	3.203955769351322924e-02	0.000000000000000000e+00
4.008806328898464320e-12	2.324788316731328797e-01	1.498774731009477712e+01	2.290431390335804715e-02	3.396223122815935497e-02	0.000000000000000000e+00
4.198707084443905621e-12	2.384305855915013206e-01	1.481777915598217277e+01	2.376014478172728400e-02	3.593221830717961002e-02	0.000000000000000000e+00
4.397603609302712498e-12	2.445815197207025504e-01	1.465567128937852281e+01	2.464269254167611445e-02	3.794740427809677880e-02	0.000000000000000000e+00
4.605922041145112927e-12	2.509404681172380802e-01	1.450105791372970465e+01	2.555296215951896252e-02	4.000545204040160258e-02	0.000000000000000000e+00
4.824108704165373984e-12	2.575164163007918616e-01	1.435360567635357576e+01	2.649196324651040269e-02	4.210385742195404263e-02	0.000000000000000000e+00
5.052631065335679604e-12	2.643184874832487097e-01	1.421300931874532125e+01	2.746070828896005761e-02	4.423985495210603497e-02	0.000000000000000000e+00
5.291978735958436557e-12	2.713559259986206285e-01	1.407898790734627603e+01	2.846021060087366647e-02	4.641044977657547005e-02	0.000000000000000000e+00
5.542664520663095602e-12	2.786380782496942210e-01	1.395128155663504543e+01	2.949148203588873238e-02	4.861243394222068692e-02	0.000000000000000000e+00
5.805225516094907684e-12	2.861743710612134062e-01	1.382964855598509324e+01	3.055553049884434519e-02	5.084232508896222719e-02	0.000000000000000000e+00
6.080224261649427052e-12	2.939742863178019805e-01	1.371386285985384923e+01	3.165335711910702982e-02	5.309643258728040383e-02	0.000000000000000000e+00
6.368249944718585906e-12	3.020473282433670525e-01	1.360371192942819718e+01	3.278595260824662683e-02	5.537076953885727848e-02	0.000000000000000000e+00
6.669919663030115058e-12	3.104026554283831896e-01	1.349899884090370783e+01	3.395424694335464483e-02	5.766105311798110089e-02	0.000000000000000000e+00
6.985879746785234820e-12	3.190488471412316063e-01	1.339954150307866243e+01	3.515907789775947478e-02	5.996260905122204055e-02	0.000000000000000000e+00
7.316807143427207274e-12	3.279944437006562241e-01	1.330516359706688689e+01	3.640126722505196422e-02	6.227057265001020164e-02	0.000000000000000000e+00
7.663410868007462274e-12	3.372479813630634982e-01	1.321569351033998174e+01	3.768162607578636608e-02	6.457990860299087088e-02	0.000000000000000000e+00
8.026433522257174683e-12	3.468179636846327463e-01	1.313096404676537432e+01	3.900095187970679250e-02	6.688544970422871661e-02	0.000000000000000000e+00
8.406652885618316356e-12	3.567128297110084278e-01	1.305081209923983643e+01	4.036002511341989923e-02	6.918187669278878793e-02	0.000000000000000000e+00
8.804883581643446547e-12	3.669409185174069554e-01	1.297507832122892246e+01	4.175960583229258727e-02	7.146376562450997005e-02	0.000000000000000000e+00
9.221978823334340144e-12	3.775104305484650036e-01	1.290360678595469857e+01	4.320043007636328869e-02	7.372557437730146990e-02	0.000000000000000000e+00
9.658832241158709141e-12	3.884293854799594770e-01	1.283624465726892794e+01	4.468320607000244443e-02	7.596173888737603463e-02	0.000000000000000000e+00
1.011637979766206976e-11	3.997055759401257347e-01	1.277284186418658507e+01	4.620861018183095720e-02	7.816653042617685565e-02	0.000000000000000000e+00
1.059560179277614774e-11	4.113465183035600603e-01	1.271325078345287096e+01	4.777728278900625347e-02	8.033425541442801299e-02	0.000000000000000000e+00
1.109752496412069864e-11	4.233592899514077579e-01	1.265732641947988135e+01	4.938980925376299652e-02	8.245914174433974231e-02	0.000000000000000000e+00
1.162322468679854125e-11	4.357499009819458813e-01	1.260492838660887749e+01	5.104663862891180987e-02	8.453533642731650422e-02	0.000000000000000000e+00
1.217382727739662020e-11	4.485237739166446636e-01	1.255591790975644884e+01	5.274815031137435745e-02	8.655701122410376647e-02	0.000000000000000000e+00
1.275051240713012859e-11	4.616860183743858315e-01	1.251015677122421010e+01	5.449469240864138198e-02	8.851847919074996851e-02	0.000000000000000000e+00
1.335451562929897339e-11	4.752413926179901438e-01	1.246750773016411529e+01	5.628657833985022813e-02	9.041422605566844239e-02	0.000000000000000000e+00
1.398713102647241439e-11	4.891942596770090246e-01	1.242783478605847947e+01	5.812408325098620404e-02	9.223889724887539276e-02	0.000000000000000000e+00
1.464971398307287854e-11	5.035485429101608235e-01	1.239100339409083595e+01	6.000744043452782561e-02	9.398736393266715616e-02	0.000000000000000000e+00
1.534368408930013065e-11	5.183076784636708734e-01	1.235688059354615831e+01	6.193683767873017082e-02	9.565472984699777137e-02	0.000000000000000000e+00
1.607052818261638620e-11	5.334745666274656184e-01	1.232533509639423208e+01	6.391241362148064598e-02	9.723634759679786188e-02	0.000000000000000000e+00
1.683180353330955093e-11	5.490515205819116451e-01	1.229623732734472341e+01	6.593425400879564247e-02	9.872783580070804144e-02	0.000000000000000000e+00
1.762914118095944293e-11	5.650402147557787025e-01	1.226945944161405855e+01	6.800238802534304405e-02	1.001251458586239901e-01	0.000000000000000000e+00
1.846424942895546448e-11	5.814416312916902418e-01	1.224487531156255926e+01	7.011678458649409085e-02	1.014244934785772378e-01	0.000000000000000000e+00
1.933891750455232057e-11	5.982559421358919494e-01	1.222236058258770797e+01	7.227734047959785690e-02	1.026225039143906365e-01	0.000000000000000000e+00
2.025501939230666486e-11	6.154821054882443354e-01	1.220179308634488180e+01	7.448383162857656614e-02	1.037158836347009255e-01	0.000000000000000000e+00
2.121451784910627571e-11	6.331181894382064135e-01	1.218305245414427773e+01	7.673595668034548234e-02	1.047020811756264463e-01	0.000000000000000000e+00
2.221946860939528424e-11	6.511615578249890790e-01	1.216602009836399922e+01	7.903336239243681505e-02	1.055786992761140741e-01	0.000000000000000000e+00
2.327202478960412005e-11	6.696088351883259238e-01	1.215057941508791650e+01	8.137564091382085141e-02	1.063438451159602338e-01	0.000000000000000000e+00
2.437444150122221807e-11	6.884558714321700190e-01	1.213661592771564202e+01	8.376232711677007725e-02	1.069960023896065204e-01	0.000000000000000000e+00
2.552908068239516723e-11	7.076977068348299094e-01	1.212401738085865510e+01	8.619289604951889394e-02	1.075341858746187151e-01	0.000000000000000000e+00
2.673841615839943880e-11	7.273285381867377053e-01	1.211267380567863228e+01	8.866676050153679545e-02	1.079576823946504921e-01	0.000000000000000000e+00
2.800503894183625342e-11	7.473416872502964825e-01	1.210247756080424608e+01	9.118326882094128505e-02	1.082662626024837038e-01	0.000000000000000000e+00
2.933166278390048099e-11	7.677295703898876500e-01	1.209332335463659547e+01	9.374170282021695999e-02	1.084601874296541868e-01	0.000000000000000000e+00
3.072112998861759207e-11	7.884836712391327662e-01	1.208510824217856872e+01	9.634127606706166524e-02	1.085399807538667549e-01	0.000000000000000000e+00
3.217641750250735458e-11	8.095945153080270629e-01	1.207773165691060235e+01	9.898113195747014481e-02	1.085066429356386225e-01	0.000000000000000000e+00
3.370064329271925032e-11	8.310516479123144507e-01	1.207109537340488004e+01	1.016603425512340314e-01	1.083615843898960984e-01	0.000000000000000000e+00
3.529707302730657668e-11	8.528436443675069256e-01	1.206510356522016814e+01	1.043779103863626267e-01	1.081064940886562187e-01	0.000000000000000000e+00
3.696912707195032437e-11	8.749582037476452134e-01	1.205966289129973923e+01	1.071327799939956471e-01	1.077434753588300542e-01	0.000000000000000000e+00
3.872038781812557004e-11	8.973821703267910177e-01	1.205468266522951559e+01	1.099238394872343316e-01	1.072749786269502070e-01	0.000000000000000000e+00
4.055460735840827506e-11	9.201015359293452933e-01	1.205007486981000397e+01	1.127499207821605620e-01	1.067037446510797627e-01	0.000000000000000000e+00
4.247571552536894126e-11	9.431014400787590679e-01	1.204575422218623082e+01	1.156097987872079513e-01	1.060328339071640452e-01	0.000000000000000000e+00
4.448782831127576069e-11	9.663661753538476118e-01	1.204163820084806424e+01	1.185021912484261614e-01	1.052655764550631118e-01	0.000000000000000000e+00
4.659525668664686662e-11	9.898791966071348591e-01	1.203764705869904006e+01	1.214257589000258958e-01	1.044055524080877012e-01	0.000000000000000000e+00
4.880251583654433574e-11	1.013623134306306683e+00	1.203370383585175141e+01	1.243791058308261199e-01	1.034565813588368410e-01	0.000000000000000000e+00
5.111433483440165318e-11	1.037579811737053159e+00	1.202973435947256853e+01	1.273607801665227190e-01	1.024226854481807558e-01	0.000000000000000000e+00
5.353566677410718816e-11	1.061730266168407599e+00	1.202566725435560357e+01	1.303692748448750660e-01	1.013080653508926510e-01	0.000000000000000000e+00
5.607169938205469661e-11	1.086054775917238979e+00	1.202143394248145647e+01	1.334030289440306105e-01	1.001170691534687684e-01	0.000000000000000000e+00
5.872786613189488850e-11	1.110532954531756822e+00	1.201696863124124448e+01	1.364604371117478232e-01	9.885418698488224187e-02	0.000000000000000000e+00
6.150985788580503926e-11	1.135144058137573353e+00	1.201220826796534169e+01	1.395398853531893690e-01	9.752398552706523227e-02	0.000000000000000000e+00
6.442363508721370414e-11	1.159866832166902340e+00	1.200709259983311128e+01	1.426397288127413399e-01	9.613111122997908264e-02	0.000000000000000000e+00
6.747544053110686101e-11	1.184679463539431987e+00	1.200156418933673486e+01	1.457582826701873113e-01	9.468017503424787373e-02	0.000000000000000000e+00
7.067181273927477085e-11	1.209559622855658878e+00	1.199556842406387069e+01	1.488938238882335785e-01	9.317614349179804967e-02	0.000000000000000000e+00
7.401959996915652408e-11	1.234484513336252087e+00	1.198905350861933350e+01	1.520445937619436527e-01	9.162350179883277379e-02	0.000000000000000000e+00
7.752597488629464062e-11	1.259430922143656595e+00	1.198197046401681831e+01	1.552088004498256568e-01	9.002705946806327519e-02	0.000000000000000000e+00
8.119844993184008328e-11	1.284375274344610629e+00	1.197427312251976694e+01	1.583846216751929326e-01	8.839150155022805488e-02	0.000000000000000000e+00
8.504489341802668113e-11	1.309293689480184097e+00	1.196591812795365684e+01	1.615702074802700394e-01	8.672144384741491130e-02	0.000000000000000000e+00
8.907354638610458163e-11	1.334162044148040183e+00	1.195686491670810803e+01	1.647636837990001102e-01	8.502148879295656769e-02	0.000000000000000000e+00
9.329304026284695888e-11	1.358956032907435496e+00	1.194707572020784170e+01	1.679631553806918420e-01	8.329613790087815606e-02	0.000000000000000000e+00
9.771241535346501225e-11	1.383651236785918170e+00	1.193651555147869026e+01	1.711667097211231892e-01	8.154965726162557993e-02	0.000000000000000000e+00
1.023411402105452712e-10	1.408223263260680369e+00	1.192515212628638821e+01	1.743724306879185504e-01	7.978642949358964731e-02	0.000000000000000000e+00
1.071891319205126445e-10	1.432647690566966725e+00	1.191295570705749896e+01	1.775783891147532101e-01	7.801049671918550144e-02	0.000000000000000000e+00
1.122667773510811312e-10	1.456899938506958758e+00	1.189989897507743066e+01	1.807826239251136002e-01	7.622587701730308696e-02	0.000000000000000000e+00
1.175849554052158201e-10	1.480955331694094879e+00	1.188595694827482419e+01	1.839831464237079439e-01	7.443639404099701429e-02	0.000000000000000000e+00
1.231550603292826197e-10	1.504789186543839419e+00	1.187110692746040996e+01	1.871779471416743779e-01	7.264573579251887292e-02	0.000000000000000000e+00
1.289890261253308184e-10	1.528376892643503737e+00	1.185532844943399233e+01	1.903650019124446258e-01	7.085741684465324264e-02	0.000000000000000000e+00
1.350993521198024986e-10	1.551694004358731283e+00	1.183860327713357918e+01	1.935422786650057847e-01	6.907478003412409473e-02	0.000000000000000000e+00
1.414991297434578731e-10	1.574716323672464835e+00	1.182091539056355423e+01	1.967077431240206176e-01	6.730097662911821432e-02	0.000000000000000000e+00
1.482020705798860072e-10	1.597419991271211925e+00	1.180225097042495896e+01	1.998593656930967577e-01	6.553900637458301426e-02	0.000000000000000000e+00
1.552225357427047968e-10	1.619781570647946367e+00	1.178259839928014685e+01	2.029951272349458935e-01	6.379166648612782931e-02	0.000000000000000000e+00
1.625755666443793407e-10	1.641778135239185143e+00	1.176194825076665573e+01	2.061130255017364910e-01	6.206155966911850591e-02	0.000000000000000000e+00
1.702769172225897821e-10	1.663387348785089870e+00	1.174029327811578938e+01	2.092110808354268048e-01	6.035111648028793074e-02	0.000000000000000000e+00
1.783430876931905687e-10	1.684587414010748185e+00	1.171762829692513108e+01	2.122873273175832354e-01	5.866257997912388555e-02	0.000000000000000000e+00
1.867913599020784805e-10	1.705356974054405672e+00	1.169395008760980303e+01	2.153397977299421062e-01	5.699801804709695580e-02	0.000000000000000000e+00
1.956398343517064725e-10	1.725675175972750219e+00	1.166925725897074706e+01	2.183665297743205280e-01	5.535931894143566318e-02	0.000000000000000000e+00
2.049074689815846066e-10	1.745521769315935723e+00	1.164355018218240545e+01	2.213655757454026374e-01	5.374821139115429358e-02	0.000000000000000000e+00
2.146141197858401440e-10	1.764877188269280861e+00	1.161683096454739506e+01	2.243350096470416444e-01	5.216622968988923748e-02	0.000000000000000000e+00
2.247805833548729991e-10	1.783722644882764108e+00	1.158910342326862342e+01	2.272729359495184731e-01	5.061475106927473128e-02	0.000000000000000000e+00
2.354286414322420067e-10	1.802040214509146310e+00	1.156037307496924527e+01	2.301774973131907043e-01	4.909499256229794828e-02	0.000000000000000000e+00
2.465811075822603842e-10	1.819812912563105955e+00	1.153064713310347678e+01	2.330468813015540153e-01	4.760800809670704542e-02	0.000000000000000000e+00
2.582618760682674929e-10	1.837024773084498852e+00	1.149993450136101814e+01	2.358793276637118352e-01	4.615465402764069858e-02	0.000000000000000000e+00
2.704959730463131364e-10	1.853660912169690977e+00	1.146824577933738531e+01	2.386731337052070689e-01	4.473572396436499565e-02	0.000000000000000000e+00
2.833096101839318258e-10	1.869707771737885826e+00	1.143559287254599433e+01	2.414266915604643127e-01	4.335178868742881053e-02	0.000000000000000000e+00
2.967302408188872501e-10	1.885153223456439431e+00	1.140198874495516712e+01	2.441385057124508817e-01	4.200326779037047431e-02	0.000000000000000000e+00
3.107866187782014063e-10	1.899986317397782898e+00	1.136744790287817608e+01	2.468071493765228164e-01	4.069050083196491807e-02	0.000000000000000000e+00
3.255088599835056406e-10	1.914197318218966881e+00	1.133198639927766393e+01	2.494312676492331515e-01	3.941364975560492090e-02	0.000000000000000000e+00
3.409285069746807543e-10	1.927777711431296837e+00	1.129562187226043690e+01	2.520095762507231774e-01	3.817279904759220133e-02	0.000000000000000000e+00
3.570785964900469852e-10	1.940720233581968879e+00	1.125837349541641608e+01	2.545408655387858543e-01	3.696793779545527736e-02	0.000000000000000000e+00
3.739937302478801677e-10	1.953018899268527786e+00	1.122026196764480055e+01	2.570240035725452343e-01	3.579896229972034244e-02	0.000000000000000000e+00
3.917101490809260641e-10	1.964669004039614641e+00	1.118130949088748771e+01	2.594579365765808388e-01	3.466566020770794204e-02	0.000000000000000000e+00
4.102658105827190344e-10	1.975667133358501859e+00	1.114153973468001624e+01	2.618416907880309896e-01	3.356775775088814001e-02	0.000000000000000000e+00
4.297004704320835313e-10	1.986011159297167650e+00	1.110097781149028862e+01	2.641743727306669620e-01	3.250490786757958411e-02	0.000000000000000000e+00
4.500557675700488183e-10	1.995700333149856398e+00	1.105964980033724743e+01	2.664551934449881920e-01	3.147668551912179841e-02	0.000000000000000000e+00
4.713753134116729086e-10	2.004735487569706098e+00	1.101758150145434811e+01	2.686835275093665265e-01	3.048256471077969917e-02	0.000000000000000000e+00
4.937047852839003559e-10	2.013118679180144976e+00	1.097479949269649602e+01	2.708588430465127539e-01	2.952196768579982977e-02	0.000000000000000000e+00
5.170920242896755486e-10	2.020853076935560821e+00	1.093133145053115562e+01	2.729806805624535593e-01	2.859428651561778459e-02	0.000000000000000000e+00
5.415871378079465267e-10	2.027942933536288628e+00	1.088720611371313218e+01	2.750486513694609392e-01	2.769886471650766582e-02	0.000000000000000000e+00
5.672426068491988835e-10	2.034393554920394642e+00	1.084245323767732394e+01	2.770624361575828032e-01	2.683502534732989248e-02	0.000000000000000000e+00
5.941133984965039838e-10	2.040211264278139147e+00	1.079710354797267335e+01	2.790217830187275982e-01	2.600205945083204281e-02	0.000000000000000000e+00
6.222570836730231313e-10	2.045403365651861538e+00	1.075118868628470459e+01	2.809265057598651083e-01	2.519924168859697874e-02	0.000000000000000000e+00
6.517339604882420571e-10	2.049978101550540277e+00	1.070474115846442054e+01	2.827764814926622128e-01	2.442587131727853855e-02	0.000000000000000000e+00
6.826071834272379248e-10	2.053944612918297441e+00	1.065779426325558177e+01	2.845716491852961494e-01	2.368107961599481837e-02	0.000000000000000000e+00
7.149428986597561750e-10	2.057312979569143163e+00	1.061038083574154633e+01	2.863120515478231320e-01	2.296420375000484543e-02	0.000000000000000000e+00
7.488103857590030225e-10	2.060094264259456409e+00	1.056253135272626054e+01	2.879978972726389697e-01	2.227437258776860524e-02	0.000000000000000000e+00
7.842822061337681836e-10	2.062300286788439241e+00	1.051427614085898377e+01	2.896294758494918353e-01	2.161076237252758381e-02	0.000000000000000000e+00
8.214343584919422200e-10	2.063943557091910908e+00	1.046564584131761677e+01	2.912071388556441431e-01	2.097254737658775861e-02	0.000000000000000000e+00
8.603464416684491388e-10	2.065037223766351904e+00	1.041667143153111041e+01	2.927312949621059257e-01	2.035889652173891728e-02	0.000000000000000000e+00
9.011018251665036851e-10	2.065595017677872569e+00	1.036738423097059680e+01	2.942024045664385357e-01	1.976900551521666022e-02	0.000000000000000000e+00
9.437878277775391497e-10	2.065631184905358797e+00	1.031781587166843472e+01	2.956209737785338021e-01	1.920207746147743755e-02	0.000000000000000000e+00
9.884959046625586031e-10	2.065160432479325348e+00	1.026799825859821880e+01	2.969875504085396911e-01	1.865733640797963624e-02	0.000000000000000000e+00
1.035321843295661502e-09	2.064197866854042829e+00	1.021796351692687033e+01	2.983027192106691428e-01	1.813400558263952161e-02	0.000000000000000000e+00
1.084365968689608688e-09	2.062758933273655337e+00	1.016774395085997895e+01	2.995670968140950463e-01	1.763134141480327682e-02	0.000000000000000000e+00
1.135733358343102889e-09	2.060859362781639614e+00	1.011737197549020983e+01	3.007813284404163845e-01	1.714861195572569760e-02	0.000000000000000000e+00
1.189534067370320724e-09	2.058515117440260500e+00	1.006688005670649666e+01	3.019460840469260221e-01	1.668510792502436030e-02	0.000000000000000000e+00
1.245883364295008068e-09	2.055742340708747840e+00	1.001630064718033708e+01	3.030620552444904248e-01	1.624013558517311065e-02	0.000000000000000000e+00
1.304901978014401580e-09	2.052557310808277080e+00	9.965666131893240021e+00	3.041299522777654585e-01	1.581302190617120754e-02	0.000000000000000000e+00
1.366716356462010101e-09	2.048976389537908283e+00	9.915008762333522796e+00	3.051505005736389053e-01	1.540311874595308092e-02	0.000000000000000000e+00
1.431458937523481393e-09	2.045015989673431456e+00	9.864360591593424488e+00	3.061244399255313997e-01	1.500979101264245628e-02	0.000000000000000000e+00
1.499268432786047049e-09	2.040692527390675970e+00	9.813753420758207113e+00	3.070525210254830828e-01	1.463243382952476683e-02	0.000000000000000000e+00
1.570290124729377524e-09	2.036022384687439235e+00	9.763218744847543817e+00	3.079355033806812081e-01	1.427045267630209710e-02	0.000000000000000000e+00
1.644676177994662829e-09	2.031021881418980879e+00	9.712787687777222345e+00	3.087741549358241633e-01	1.392327184442491983e-02	0.000000000000000000e+00
1.722585965398783835e-09	2.027519854192765258e+00	9.679496451105718435e+00	3.093018985356967288e-01	1.370189926227100008e-02	0.000000000000000000e+00
1.804186409392068039e-09	2.024109131899452851e+00	9.649104376346057776e+00	3.097541652163746662e-01	1.350669917773526102e-02	0.000000000000000000e+00
1.889652339691211477e-09	2.020522195237449026e+00	9.619259165785607024e+00	3.101646040709714058e-01	1.332212974488459524e-02	0.000000000000000000e+00
1.979166867853557524e-09	2.016741156881113994e+00	9.589889032071107877e+00	3.105323246867344178e-01	1.314769904606548183e-02	0.000000000000000000e+00
2.072921779595369695e-09	2.012756696735638062e+00	9.560938876447631074e+00	3.108572305834215732e-01	1.298291640123296412e-02	0.000000000000000000e+00
2.171117945694509622e-09	2.008564720713144958e+00	9.532365398680719082e+00	3.111396678592221465e-01	1.282728087251851050e-02	0.000000000000000000e+00
2.273965752357932151e-09	2.004164656408108147e+00	9.504134287127643077e+00	3.113802551003355124e-01	1.268037362572032797e-02	0.000000000000000000e+00
2.381685551976160644e-09	1.999558413991518346e+00	9.476218362990316280e+00	3.115797834897809371e-01	1.254171013297696383e-02	0.000000000000000000e+00
2.494508135230316413e-09	1.994749703191511125e+00	9.448596251002742363e+00	3.117391541256170351e-01	1.241091915337630240e-02	0.000000000000000000e+00
2.612675225563326382e-09	1.989743566557887089e+00	9.421251347527560327e+00	3.118593388254203846e-01	1.228761542478287727e-02	0.000000000000000000e+00
2.736439997074666368e-09	1.984546031428638502e+00	9.394171034006840060e+00	3.119413511751624735e-01	1.217144492698694902e-02	0.000000000000000000e+00
2.866067616948244470e-09	1.979163855158962537e+00	9.367346032686036494e+00	3.119862273643326800e-01	1.206208750649166717e-02	0.000000000000000000e+00
3.001835813575592210e-09	1.973604329291896553e+00	9.340769888243745100e+00	3.119950120596613474e-01	1.195922962627750732e-02	0.000000000000000000e+00
3.144035471591500167e-09	1.967875131318649329e+00	9.314438534153914873e+00	3.119687489444617490e-01	1.186260715602725085e-02	0.000000000000000000e+00
3.292971255097148186e-09	1.961984205599066389e+00	9.288349934295775157e+00	3.119084733630169137e-01	1.177194382546530374e-02	0.000000000000000000e+00
3.448962260405766611e-09	1.955939670818123810e+00	9.262503772132744118e+00	3.118152075916056365e-01	1.168698958448634480e-02	0.000000000000000000e+00
3.612342699709437910e-09	1.949749748579457931e+00	9.236901204124196241e+00	3.116899573348658747e-01	1.160752847348833598e-02	0.000000000000000000e+00
3.783462617131932968e-09	1.943422703843748156e+00	9.211544626511974698e+00	3.115337096819886797e-01	1.153334171897165208e-02	0.000000000000000000e+00
3.962688638701478467e-09	1.936966796587506812e+00	9.186437494870988374e+00	3.113474310957538016e-01	1.146423422242644902e-02	0.000000000000000000e+00
4.150404757850472502e-09	1.930390245399024707e+00	9.161584160669171695e+00	3.111320667537337825e-01	1.140000329853673756e-02	0.000000000000000000e+00
4.347013158125017173e-09	1.923701209498398956e+00	9.136989714640790794e+00	3.108885426507723149e-01	1.134051864959922766e-02	0.000000000000000000e+00
4.552935074866938773e-09	1.916907738277578988e+00	9.112659897489681526e+00	3.106177601910642405e-01	1.128557401033686292e-02	0.000000000000000000e+00
4.768611697714474181e-09	1.910017776244275378e+00	9.088600959458723594e+00	3.103206014557651216e-01	1.123503443080876157e-02	0.000000000000000000e+00
4.994505115855140358e-09	1.903039144672445060e+00	9.064819586832646436e+00	3.099979284683451741e-01	1.118875364696403710e-02	0.000000000000000000e+00
5.231099308056257792e-09	1.895979522068168999e+00	9.041322813938004188e+00	3.096505827532179955e-01	1.114659993712016281e-02	0.000000000000000000e+00
5.478901179593956120e-09	1.888846441043877666e+00	9.018117954303013661e+00	3.092793869101629900e-01	1.110844638293853777e-02	0.000000000000000000e+00
5.738441648302404521e-09	1.881647280436423264e+00	8.995212538250418888e+00	3.088851452037780221e-01	1.107417919291979642e-02	0.000000000000000000e+00
6.010276782070388176e-09	1.874389263087310020e+00	8.972614255512908699e+00	3.084686449104791506e-01	1.104367103389913146e-02	0.000000000000000000e+00
6.294988990221888141e-09	1.867079447173474405e+00	8.950330910774896509e+00	3.080306561638846419e-01	1.101683247134624052e-02	0.000000000000000000e+00
6.593188271333541710e-09	1.859724731142257337e+00	8.928370377820783688e+00	3.075719340833334425e-01	1.099356023379376851e-02	0.000000000000000000e+00
6.905513520162316861e-09	1.852331847919283181e+00	8.906740559264227031e+00	3.070932189476001106e-01	1.097376662806590769e-02	0.000000000000000000e+00
7.232633896483518810e-09	1.844907366298251583e+00	8.885449363342971196e+00	3.065952369595303373e-01	1.095734599358752503e-02	0.000000000000000000e+00
7.575250258771920716e-09	1.837457695475140707e+00	8.864504656889700129e+00	3.060787023559894959e-01	1.094422626355104171e-02	0.000000000000000000e+00
7.934096665797492339e-09	1.829989076680687443e+00	8.843914258428453579e+00	3.055443159852202495e-01	1.093432948866829464e-02	0.000000000000000000e+00
8.309941949353386453e-09	1.822507596417720643e+00	8.823685895456293338e+00	3.049927687086588235e-01	1.092758194357686292e-02	0.000000000000000000e+00
8.703591361485183753e-09	1.815019179514543612e+00	8.803827202530822404e+00	3.044247400302035333e-01	1.092390654696756905e-02	0.000000000000000000e+00
9.115888299750837812e-09	1.807529596327244192e+00	8.784345680583035332e+00	3.038409004175582351e-01	1.092324282258100646e-02	0.000000000000000000e+00
9.547716114208065503e-09	1.800044463056640343e+00	8.765248699184249759e+00	3.032419109841664739e-01	1.092551809367615749e-02	0.000000000000000000e+00
1.000000000000000021e-08	1.792569247374316443e+00	8.746543465182048394e+00	3.026284252188408130e-01	1.093067903648541582e-02	0.000000000000000000e+00
