pc	M	R	C	k2	j3
9.999999999999999799e-13	9.118246759362245990e-02	1.694460067073350373e+01	7.946030681148638988e-03	2.249526203449199457e-02	0.000000000000000000e+00
1.047370897959448749e-12	9.260044782659607177e-02	1.661403553299414071e+01	8.230158271089433458e-03	2.318787193694160642e-02	0.000000000000000000e+00
1.096985797892381920e-12	9.415218259102438314e-02	1.629192512715598440e+01	8.533520214140747837e-03	2.396168240441081190e-02	0.000000000000000000e+00
1.148951000187311009e-12	9.584123198405271327e-02	1.597932344054055420e+01	8.856542993835390953e-03	2.482082183400264458e-02	0.000000000000000000e+00
1.203377840777590522e-12	9.767087857575998400e-02	1.567709730362400578e+01	9.199615482455300933e-03	2.576925548874544822e-02	0.000000000000000000e+00
1.260382929679727463e-12	9.964415557772514365e-02	1.538593156438821019e+01	9.563090589141291092e-03	2.681071970762945178e-02	0.000000000000000000e+00
1.320088400831416649e-12	1.017638720866453628e-01	1.510633860115755489e+01	9.947286886393708061e-03	2.794866794596935836e-02	0.000000000000000000e+00
1.382622173764653478e-12	1.040326184665151116e-01	1.483867281575980002e+01	1.035248728363706572e-02	2.918618090857063099e-02	0.000000000000000000e+00
1.448118227674535917e-12	1.064526934870134584e-01	1.458315424622254497e+01	1.077892425760143720e-02	3.052583789933517588e-02	0.000000000000000000e+00
1.516716888470924089e-12	1.090262666328125629e-01	1.433986794085721606e+01	1.122680615507626149e-02	3.196972703084481615e-02	0.000000000000000000e+00
1.588565129428052692e-12	1.117555045177276024e-01	1.410877520657795969e+01	1.169633623787974704e-02	3.351945020882361043e-02	0.000000000000000000e+00
1.663816886076127415e-12	1.146426128250789128e-01	1.388973431618944332e+01	1.218771729889096996e-02	3.517607124534737756e-02	0.000000000000000000e+00
1.742633386009647278e-12	1.176898711451273560e-01	1.368251978179710626e+01	1.270115563345113920e-02	3.694009244063366920e-02	0.000000000000000000e+00
1.825183494319046040e-12	1.208996620816403800e-01	1.348683981203174653e+01	1.323686448665616772e-02	3.881141806599577165e-02	0.000000000000000000e+00
1.911644075385703708e-12	1.242744948910343844e-01	1.330235181923828236e+01	1.379506692824888740e-02	4.078933607973011383e-02	0.000000000000000000e+00
2.002200371815584363e-12	1.278170244980808834e-01	1.312867590534865236e+01	1.437599823537010629e-02	4.287250849641187356e-02	0.000000000000000000e+00
2.097046401323230665e-12	1.315300661243665459e-01	1.296540639044951782e+01	1.497990777292686378e-02	4.505895796040911006e-02	0.000000000000000000e+00
2.196385372416542332e-12	1.354166062512481561e-01	1.281212149066155703e+01	1.560706044402593133e-02	4.734607928683751132e-02	0.000000000000000000e+00
2.300430119772921506e-12	1.394798102245958793e-01	1.266839130964869753e+01	1.625773772718377627e-02	4.973064195661351661e-02	0.000000000000000000e+00
2.409403560239526876e-12	1.437230268723400373e-01	1.253378431225449674e+01	1.693223834824851212e-02	5.220880693578171250e-02	0.000000000000000000e+00
2.523539170434765862e-12	1.481497905550023808e-01	1.240787248334205373e+01	1.763087861106411164e-02	5.477615343479871890e-02	0.000000000000000000e+00
2.643081486974102692e-12	1.527638066354252144e-01	1.229023567468621359e+01	1.835399021827154378e-02	5.742769276965113689e-02	0.000000000000000000e+00
2.768286630392061017e-12	1.575688194742090042e-01	1.218046728006196489e+01	1.910189998313253229e-02	6.015783311433370306e-02	0.000000000000000000e+00
2.899422853882880921e-12	1.625686595436775239e-01	1.207817391293683862e+01	1.987493793445344742e-02	6.296044736133871167e-02	0.000000000000000000e+00
3.036771118035460378e-12	1.677673143331077088e-01	1.198297506021507175e+01	2.067344875408361551e-02	6.582896035055968431e-02	0.000000000000000000e+00
3.180625692794118977e-12	1.731689233548045770e-01	1.189450437090634338e+01	2.149779125792031231e-02	6.875640012839537296e-02	0.000000000000000000e+00
3.331294787934670055e-12	1.787777707979937569e-01	1.181241047446645354e+01	2.234833756861109855e-02	7.173544265517101115e-02	0.000000000000000000e+00
3.489101213406766494e-12	1.845982767441283201e-01	1.173635740370234437e+01	2.322547212532077854e-02	7.475846170209334007e-02	0.000000000000000000e+00
3.654383070957261569e-12	1.906349870915589051e-01	1.166602470238703049e+01	2.412959055901447297e-02	7.781757592000522472e-02	0.000000000000000000e+00
3.827494478516314936e-12	1.968925621481902311e-01	1.160110728842199634e+01	2.506109843172880935e-02	8.090470399137056345e-02	0.000000000000000000e+00
4.008806328898464320e-12	2.033757640499161135e-01	1.154131512527664682e+01	2.602040987692261914e-02	8.401159770290483886e-02	0.000000000000000000e+00
4.198707084443905621e-12	2.100894425488594730e-01	1.148637276035797683e+01	2.700794606586578647e-02	8.712991257632229924e-02	0.000000000000000000e+00
4.397603609302712498e-12	2.170385198597312160e-01	1.143601875047698968e+01	2.802413363494027365e-02	9.025122905591320688e-02	0.000000000000000000e+00
4.605922041145112927e-12	2.242279739066012356e-01	1.139000502259268721e+01	2.906940296178265812e-02	9.336710721668281532e-02	0.000000000000000000e+00
4.824108704165373984e-12	2.316628202440485229e-01	1.134809618561500777e+01	3.014418635274402139e-02	9.646912733306879650e-02	0.000000000000000000e+00
5.052631065335679604e-12	2.393480864418640053e-01	1.131006884527483969e+01	3.124891525191368646e-02	9.954891901941216592e-02	0.000000000000000000e+00
5.291978735958436557e-12	2.472887455353523500e-01	1.127571111124574088e+01	3.238401156771710671e-02	1.025981896902213170e-01	0.000000000000000000e+00
5.542664520663095602e-12	2.554897791869221724e-01	1.124482167753824946e+01	3.354989716144086975e-02	1.056087962785248469e-01	0.000000000000000000e+00
5.805225516094907684e-12	2.639562253316093399e-01	1.121720919436191011e+01	3.474700085243429687e-02	1.085728092212090573e-01	0.000000000000000000e+00
6.080224261649427052e-12	2.726931656006336691e-01	1.119269187832446555e+01	3.597575692934580627e-02	1.114825361261841813e-01	0.000000000000000000e+00
6.368249944718585906e-12	2.817057109712627905e-01	1.117109707167918842e+01	3.723660353964269171e-02	1.143305514081698337e-01	0.000000000000000000e+00
6.669919663030115058e-12	2.909989864322335418e-01	1.115226077413529282e+01	3.852998104256620537e-02	1.171097281957211300e-01	0.000000000000000000e+00
6.985879746785234820e-12	3.005781145920189967e-01	1.113602716256628788e+01	3.985633030855961073e-02	1.198132404548854224e-01	0.000000000000000000e+00
7.316807143427207274e-12	3.104481980852852874e-01	1.112224811073769715e+01	4.121609093741410851e-02	1.224345969619642094e-01	0.000000000000000000e+00
7.663410868007462274e-12	3.206143014314670192e-01	1.111078271021837516e+01	4.260969950416246960e-02	1.249676436776658156e-01	0.000000000000000000e+00
8.026433522257174683e-12	3.310814309882513240e-01	1.110149680907106884e+01	4.403758761282513395e-02	1.274065883048479675e-01	0.000000000000000000e+00
8.406652885618316356e-12	3.418545144881264819e-01	1.109426256115430043e+01	4.550017999528627177e-02	1.297459991562353587e-01	0.000000000000000000e+00
8.804883581643446547e-12	3.529383791926102854e-01	1.108895799363955703e+01	4.699789251129574824e-02	1.319808126652320668e-01	0.000000000000000000e+00
9.221978823334340144e-12	3.643377288276140047e-01	1.108546659435112147e+01	4.853113007225626913e-02	1.341063404142967819e-01	0.000000000000000000e+00
9.658832241158709141e-12	3.760571171548416913e-01	1.108367691848734360e+01	5.010028421021569395e-02	1.361182909653390061e-01	0.000000000000000000e+00
1.011637979766206976e-11	3.881008981960858972e-01	1.108348222224218027e+01	5.170572759885398023e-02	1.380127390900444950e-01	0.000000000000000000e+00
1.059560179277614774e-11	4.004732139340873021e-01	1.108478010764293487e+01	5.334781370255645139e-02	1.397861519903259020e-01	0.000000000000000000e+00
1.109752496412069864e-11	4.131779915993111230e-01	1.108747221420181184e+01	5.502687767144085612e-02	1.414353825072287574e-01	0.000000000000000000e+00
1.162322468679854125e-11	4.262189178802032186e-01	1.109146392638108125e+01	5.674323425330090459e-02	1.429576756891286216e-01	0.000000000000000000e+00
1.217382727739662020e-11	4.395994119320155713e-01	1.109666410139391068e+01	5.849717561118394915e-02	1.443506619236080701e-01	0.000000000000000000e+00
1.275051240713012859e-11	4.533225977087685377e-01	1.110298481370017143e+01	6.028896912944132352e-02	1.456123540997484589e-01	0.000000000000000000e+00
1.335451562929897339e-11	4.673912757325833223e-01	1.111034112127230955e+01	6.211885519043260778e-02	1.467411487830935779e-01	0.000000000000000000e+00
1.398713102647241439e-11	4.818078935760817805e-01	1.111865083340976490e+01	6.398704492987893067e-02	1.477358067729366564e-01	0.000000000000000000e+00
1.464971398307287854e-11	4.965745169839339557e-01	1.112783431924125210e+01	6.589371800454540962e-02	1.485954696878263592e-01	0.000000000000000000e+00
1.534368408930013065e-11	5.116927996559239578e-01	1.113781431263219091e+01	6.783902034129714320e-02	1.493196273156557063e-01	0.000000000000000000e+00
1.607052818261638620e-11	5.271639532552793161e-01	1.114851574057670902e+01	6.982306191780350557e-02	1.499081318887423020e-01	0.000000000000000000e+00
1.683180353330955093e-11	5.429887166155269451e-01	1.115986556742427460e+01	7.184591446646695911e-02	1.503611814723364859e-01	0.000000000000000000e+00
1.762914118095944293e-11	5.591673260103685594e-01	1.117179264991229815e+01	7.390760936759920019e-02	1.506793006761219522e-01	0.000000000000000000e+00
1.846424942895546448e-11	5.756994901294010258e-01	1.118422761416336542e+01	7.600813612613009640e-02	1.508633538914852246e-01	0.000000000000000000e+00
1.933891750455232057e-11	5.925844665927146870e-01	1.119710283985473254e+01	7.814745357659509672e-02	1.509145198567182211e-01	0.000000000000000000e+00
2.025501939230666486e-11	6.098210783554728343e-01	1.121035247624896947e+01	8.032549281392470375e-02	1.508342887232370089e-01	0.000000000000000000e+00
2.121451784910627571e-11	6.274076355346166478e-01	1.122391238484756748e+01	8.254214810138428560e-02	1.506244448425397842e-01	0.000000000000000000e+00
2.221946860939528424e-11	6.453419095587986654e-01	1.123772009540715011e+01	8.479727460187551358e-02	1.502870618907158062e-01	0.000000000000000000e+00
2.327202478960412005e-11	6.636211098520740093e-01	1.125171475645154473e+01	8.709068646828883875e-02	1.498244868746176073e-01	0.000000000000000000e+00
2.437444150122221807e-11	6.822418614132325088e-01	1.126583708779252468e+01	8.942215502066468147e-02	1.492393365075876943e-01	0.000000000000000000e+00
2.552908068239516723e-11	7.012001831129877072e-01	1.128002933198768432e+01	9.179140700547402942e-02	1.485344593815905723e-01	0.000000000000000000e+00
2.673841615839943880e-11	7.204914673220333965e-01	1.129423521575047573e+01	9.419812292312261526e-02	1.477129523824333435e-01	0.000000000000000000e+00
2.800503894183625342e-11	7.401104607483638409e-01	1.130839990915754001e+01	9.664193549290502061e-02	1.467781277011932783e-01	0.000000000000000000e+00
2.933166278390048099e-11	7.600512468325998361e-01	1.132246999300244816e+01	9.912242820855189651e-02	1.457335046694580305e-01	0.000000000000000000e+00
3.072112998861759207e-11	7.803072293831011530e-01	1.133639343234847097e+01	1.016391339431148427e-01	1.445827917626116288e-01	0.000000000000000000e+00
3.217641750250735458e-11	8.008711190193598117e-01	1.135011954623207053e+01	1.041915338849236095e-01	1.433298695985039395e-01	0.000000000000000000e+00
3.370064329271925032e-11	8.217349195398708783e-01	1.136359900716279547e+01	1.067790561123346527e-01	1.419787888514974228e-01	0.000000000000000000e+00
3.529707302730657668e-11	8.428899330994166217e-01	1.137678381647692305e+01	1.094010767276507312e-01	1.405337403911171013e-01	0.000000000000000000e+00
3.696912707195032437e-11	8.643269621831498606e-01	1.138962744371951707e+01	1.120569447871764546e-01	1.389990255580486611e-01	0.000000000000000000e+00
3.872038781812557004e-11	8.860363107682120987e-01	1.140208484181621706e+01	1.147459819801215086e-01	1.373790467527637449e-01	0.000000000000000000e+00
4.055460735840827506e-11	9.080076403020674869e-01	1.141411238975978293e+01	1.174674641209791925e-01	1.356783020450471056e-01	0.000000000000000000e+00
4.247571552536894126e-11	9.302299655074971474e-01	1.142566789412129324e+01	1.202206201568920829e-01	1.339013514672498240e-01	0.000000000000000000e+00
4.448782831127576069e-11	9.526916548130421880e-01	1.143671061912428044e+01	1.230046313260414609e-01	1.320528515824427873e-01	0.000000000000000000e+00
4.659525668664686662e-11	9.753804355893156419e-01	1.144720126774327795e+01	1.258186312888079916e-01	1.301374783759622067e-01	0.000000000000000000e+00
4.880251583654433574e-11	9.982833994927715615e-01	1.145710201824168983e+01	1.286617055279990762e-01	1.281599494582144894e-01	0.000000000000000000e+00
5.111433483440165318e-11	1.021387011869251848e+00	1.146637651098039434e+01	1.315328916397488224e-01	1.261250050202902262e-01	0.000000000000000000e+00
5.353566677410718816e-11	1.044677122525321966e+00	1.147498987222983580e+01	1.344311792318145793e-01	1.240373975754509028e-01	0.000000000000000000e+00
5.607169938205469661e-11	1.068138981151553368e+00	1.148290871429435178e+01	1.373555105134820209e-01	1.219018583114941101e-01	0.000000000000000000e+00
5.872786613189488850e-11	1.091757253596355337e+00	1.149010115490627371e+01	1.403047806017195809e-01	1.197231052732081885e-01	0.000000000000000000e+00
6.150985788580503926e-11	1.115516042570787070e+00	1.149653682107734021e+01	1.432778384042613928e-01	1.175058082975476703e-01	0.000000000000000000e+00
6.442363508721370414e-11	1.139398908710364866e+00	1.150218687365421744e+01	1.462734871220465471e-01	1.152546066453518508e-01	0.000000000000000000e+00
6.747544053110686101e-11	1.163388871592613061e+00	1.150702400378890111e+01	1.492904823512387902e-01	1.129740681777609140e-01	0.000000000000000000e+00
7.067181273927477085e-11	1.187468006245071317e+00	1.151102228562429630e+01	1.523274800560068254e-01	1.106687220035191960e-01	0.000000000000000000e+00
7.401959996915652408e-11	1.211617251270173057e+00	1.151415683405092416e+01	1.553830144787342882e-01	1.083430688382837626e-01	0.000000000000000000e+00
7.752597488629464062e-11	1.235816591344163440e+00	1.151640358502928763e+01	1.584555227337336170e-01	1.060015198214979415e-01	0.000000000000000000e+00
8.119844993184008328e-11	1.260045113331796029e+00	1.151773921240939202e+01	1.615433513932610365e-01	1.036483941212541782e-01	0.000000000000000000e+00
8.504489341802668113e-11	1.284281069008396337e+00	1.151814110164833416e+01	1.646447630437486431e-01	1.012878883976580796e-01	0.000000000000000000e+00
8.907354638610458163e-11	1.308501945371185027e+00	1.151758737057676996e+01	1.677579429844665293e-01	9.892408823182097244e-02	0.000000000000000000e+00
9.329304026284695888e-11	1.332684541197641126e+00	1.151605690296868723e+01	1.708810063253249079e-01	9.656093984764102522e-02	0.000000000000000000e+00
9.771241535346501225e-11	1.356805048862943286e+00	1.151352940847373496e+01	1.740120051386545852e-01	9.420224816525311906e-02	0.000000000000000000e+00
1.023411402105452712e-10	1.380839140658933539e+00	1.150998548816656353e+01	1.771489358489393429e-01	9.185166500702909853e-02	0.000000000000000000e+00
1.071891319205126445e-10	1.404762057984623169e+00	1.150540670887411032e+01	1.802897466050074338e-01	8.951269284253325631e-02	0.000000000000000000e+00
1.122667773510811312e-10	1.428548705446337941e+00	1.149977568223347824e+01	1.834323449594052469e-01	8.718866537430745856e-02	0.000000000000000000e+00
1.175849554052158201e-10	1.452173746260873033e+00	1.149307614695004887e+01	1.865746054255217612e-01	8.488275014685739417e-02	0.000000000000000000e+00
1.231550603292826197e-10	1.475611699440494196e+00	1.148529304645029825e+01	1.897143771154509717e-01	8.259794487214068559e-02	0.000000000000000000e+00
1.289890261253308184e-10	1.498837064265689190e+00	1.147641260601834290e+01	1.928494947015283734e-01	8.033706434034923460e-02	0.000000000000000000e+00
1.350993521198024986e-10	1.521824746962356256e+00	1.146642232826172325e+01	1.959778295355242006e-01	7.810272213447523593e-02	0.000000000000000000e+00
1.414991297434578731e-10	1.544550234685931667e+00	1.145531123659412387e+01	1.990973041264813836e-01	7.589731874618148300e-02	0.000000000000000000e+00
1.482020705798860072e-10	1.566989549417990624e+00	1.144307016245465825e+01	2.022058771623784224e-01	7.372306737329792359e-02	0.000000000000000000e+00
1.552225357427047968e-10	1.589119319872922320e+00	1.142969186488373090e+01	2.053015462731845875e-01	7.158200361904890063e-02	0.000000000000000000e+00
1.625755666443793407e-10	1.610916851205387967e+00	1.141517112353357710e+01	2.083823508720739626e-01	6.947597487357899670e-02	0.000000000000000000e+00
1.702769172225897821e-10	1.632360184929180447e+00	1.139950478454214178e+01	2.114463745455034405e-01	6.740666651838685131e-02	0.000000000000000000e+00
1.783430876931905687e-10	1.653428158873561982e+00	1.138269180144563997e+01	2.144917475772094573e-01	6.537558807359035440e-02	0.000000000000000000e+00
1.867913599020784805e-10	1.674100461463728484e+00	1.136473323704254845e+01	2.175166495460763849e-01	6.338406619371951545e-02	0.000000000000000000e+00
1.956398343517064725e-10	1.694357679495447577e+00	1.134563227688430231e+01	2.205193109972251042e-01	6.143329673882826775e-02	0.000000000000000000e+00
2.049074689815846066e-10	1.714181346445774246e+00	1.132539420858896229e+01	2.234980159926424625e-01	5.952428298256847577e-02	0.000000000000000000e+00
2.146141197858401440e-10	1.733553983401521004e+00	1.130402641337864367e+01	2.264511036668258870e-01	5.765789878965497245e-02	0.000000000000000000e+00
2.247805833548729991e-10	1.752459136955209829e+00	1.128153832995360872e+01	2.293769701464345445e-01	5.583486159886932171e-02	0.000000000000000000e+00
2.354286414322420067e-10	1.770881414331290760e+00	1.125794141852706076e+01	2.322740703619170788e-01	5.405573777406957187e-02	0.000000000000000000e+00
2.465811075822603842e-10	1.788806673011060555e+00	1.123324888741111494e+01	2.351409454068240368e-01	5.232096194440929299e-02	0.000000000000000000e+00
2.582618760682674929e-10	1.806222298223471689e+00	1.120747509639221562e+01	2.379762693278923980e-01	5.063078059060806962e-02	0.000000000000000000e+00
2.704959730463131364e-10	1.823116738217583022e+00	1.118063592421348140e+01	2.407787789322689831e-01	4.898532347344385779e-02	0.000000000000000000e+00
2.833096101839318258e-10	1.839479420283423705e+00	1.115274880119759260e+01	2.435472599936016613e-01	4.738461173745585342e-02	0.000000000000000000e+00
2.967302408188872501e-10	1.855300765716602518e+00	1.112383262973283138e+01	2.462805490059022939e-01	4.582856644671538110e-02	0.000000000000000000e+00
3.107866187782014063e-10	1.870572200887925973e+00	1.109390772291220451e+01	2.489775343356551984e-01	4.431701957512831219e-02	0.000000000000000000e+00
3.255088599835056406e-10	1.885286173771033136e+00	1.106299572421109723e+01	2.516371588228653589e-01	4.284967924557699093e-02	0.000000000000000000e+00
3.409285069746807543e-10	1.899436145614972649e+00	1.103111957400255427e+01	2.542584183171206491e-01	4.142622364831641951e-02	0.000000000000000000e+00
3.570785964900469852e-10	1.913016608708132393e+00	1.099830342361455138e+01	2.568403651454633230e-01	4.004622021924286041e-02	0.000000000000000000e+00
3.739937302478801677e-10	1.926023078899131935e+00	1.096457258226237919e+01	2.593821077665192654e-01	3.870916944481758021e-02	0.000000000000000000e+00
3.917101490809260641e-10	1.938452091678001032e+00	1.092995346225300679e+01	2.618828111930474600e-01	3.741451513963119785e-02	0.000000000000000000e+00
4.102658105827190344e-10	1.950301196200789677e+00	1.089447350980993079e+01	2.643416977428398873e-01	3.616163730668646437e-02	0.000000000000000000e+00
4.297004704320835313e-10	1.961568943692550970e+00	1.085816114693781209e+01	2.667580470332520104e-01	3.494986420493470525e-02	0.000000000000000000e+00
4.500557675700488183e-10	1.972254891361681972e+00	1.082104563932671049e+01	2.691312001751955396e-01	3.377847612412783473e-02	0.000000000000000000e+00
4.713753134116729086e-10	1.982359653168317859e+00	1.078315656753274077e+01	2.714605807912822133e-01	3.264670291241881378e-02	0.000000000000000000e+00
4.937047852839003559e-10	1.991884653609264477e+00	1.074452399544948555e+01	2.737456587367149141e-01	3.155373174368616973e-02	0.000000000000000000e+00
5.170920242896755486e-10	2.000831997616672631e+00	1.070517856526097944e+01	2.759859308586021798e-01	3.049873894261064325e-02	0.000000000000000000e+00
5.415871378079465267e-10	2.009204453676554092e+00	1.066515136179770451e+01	2.781809230023483126e-01	2.948086834136217499e-02	0.000000000000000000e+00
5.672426068491988835e-10	2.017005446251534995e+00	1.062447382554342035e+01	2.803301923304750698e-01	2.849926073911500032e-02	0.000000000000000000e+00
5.941133984965039838e-10	2.024239047955822102e+00	1.058317767470364323e+01	2.824333296066632859e-01	2.755303543514604075e-02	0.000000000000000000e+00
6.222570836730231313e-10	2.030909971364656119e+00	1.054129484885880963e+01	2.844899610694702763e-01	2.664130015423161330e-02	0.000000000000000000e+00
6.517339604882420571e-10	2.037023556866680796e+00	1.049885745457397412e+01	2.864997498780724738e-01	2.576316530497789470e-02	0.000000000000000000e+00
6.826071834272379248e-10	2.042585769475210977e+00	1.045589772213114976e+01	2.884623986797032469e-01	2.491770436544316417e-02	0.000000000000000000e+00
7.149428986597561750e-10	2.047603172861930609e+00	1.041244797454464788e+01	2.903776487768551795e-01	2.410403114580153897e-02	0.000000000000000000e+00
7.488103857590030225e-10	2.052082924052959889e+00	1.036854057946377061e+01	2.922452827873144310e-01	2.332123363326476725e-02	0.000000000000000000e+00
7.842822061337681836e-10	2.056032754165292520e+00	1.032420794118172047e+01	2.940651243335760112e-01	2.256840882149827032e-02	0.000000000000000000e+00
8.214343584919422200e-10	2.059460944893640733e+00	1.027948241529163909e+01	2.958370393912261864e-01	2.184465419048204488e-02	0.000000000000000000e+00
8.603464416684491388e-10	2.062376333642792936e+00	1.023439583405796505e+01	2.975609532485019582e-01	2.114907228131785583e-02	0.000000000000000000e+00
9.011018251665036851e-10	2.064788220660765283e+00	1.018897943847802701e+01	2.992368422696738417e-01	2.048077036401204157e-02	0.000000000000000000e+00
9.437878277775391497e-10	2.066706273489979928e+00	1.014326437046931240e+01	3.008647084938708138e-01	1.983885241443442485e-02	0.000000000000000000e+00
9.884959046625586031e-10	2.068140489786348901e+00	1.009728165374751185e+01	3.024445769115288729e-01	1.922247222065614700e-02	0.000000000000000000e+00
1.035321843295661502e-09	2.069101190078527441e+00	1.005106213339786869e+01	3.039764983344368510e-01	1.863077420569062004e-02	0.000000000000000000e+00
1.084365968689608688e-09	2.069598989614098272e+00	1.000463645115623557e+01	3.054605482209934997e-01	1.806293034097086400e-02	0.000000000000000000e+00
1.135733358343102889e-09	2.069644802123844496e+00	9.958034982503980004e+00	3.068968313920776847e-01	1.751812815527905784e-02	0.000000000000000000e+00
1.189534067370320724e-09	2.069249790219164442e+00	9.911287886839701855e+00	3.082854754527976082e-01	1.699557478631859991e-02	0.000000000000000000e+00
1.245883364295008068e-09	2.068425380316473383e+00	9.864425015321078405e+00	3.096266380936480433e-01	1.649449543977662622e-02	0.000000000000000000e+00
1.304901978014401580e-09	2.067183229786420107e+00	9.817475929479215324e+00	3.109205039609357901e-01	1.601413428045475942e-02	0.000000000000000000e+00
1.366716356462010101e-09	2.065535212286720324e+00	9.770469885538025423e+00	3.121672852388500674e-01	1.555375851087986878e-02	0.000000000000000000e+00
1.431458937523481393e-09	2.063493399298675257e+00	9.723435814464494342e+00	3.133672217915808300e-01	1.511264756607986343e-02	0.000000000000000000e+00
1.499268432786047049e-09	2.061070040995658825e+00	9.676402311739305873e+00	3.145205808725257679e-01	1.469010720530672907e-02	0.000000000000000000e+00
1.570290124729377524e-09	2.058277522584749164e+00	9.629397271493845167e+00	3.156276646900680327e-01	1.428545975627943873e-02	0.000000000000000000e+00
1.644676177994662829e-09	2.055128271516038829e+00	9.582447301002272155e+00	3.166888180855838009e-01	1.389803718225463523e-02	0.000000000000000000e+00
1.722585965398783835e-09	2.051634738616644693e+00	9.535578587506456927e+00	3.177043998000255720e-01	1.352719721786828540e-02	0.000000000000000000e+00
1.804186409392068039e-09	2.047809385088612988e+00	9.488817019468992697e+00	3.186747781938690238e-01	1.317232189930314136e-02	0.000000000000000000e+00
1.889652339691211477e-09	2.043664664922077989e+00	9.442188143075219031e+00	3.196003315761334895e-01	1.283281041838533164e-02	0.000000000000000000e+00
1.979166867853557524e-09	2.039213008143780925e+00	9.395717130388490546e+00	3.204814482577943435e-01	1.250809081845358911e-02	0.000000000000000000e+00
2.072921779595369695e-09	2.034466816346490958e+00	9.349428754188506829e+00	3.213185282862885406e-01	1.219760862981598797e-02	0.000000000000000000e+00
2.171117945694509622e-09	2.029438448579311771e+00	9.303347381861840404e+00	3.221119830044077981e-01	1.190082790351625931e-02	0.000000000000000000e+00
2.273965752357932151e-09	2.024140212611955203e+00	9.257496958952643240e+00	3.228622357633375572e-01	1.161724013380965002e-02	0.000000000000000000e+00
2.381685551976160644e-09	2.018584370412495055e+00	9.211900975963111193e+00	3.235697254766877751e-01	1.134634395001713272e-02	0.000000000000000000e+00
2.494508135230316413e-09	2.012783098512062274e+00	9.166582506697560362e+00	3.242349004400529866e-01	1.108766878865440064e-02	0.000000000000000000e+00
2.612675225563326382e-09	2.006748510936087193e+00	9.121564156436141602e+00	3.248582252303575668e-01	1.084075631548206235e-02	0.000000000000000000e+00
2.736439997074666368e-09	2.000492639453522958e+00	9.076868081067052785e+00	3.254401782850793179e-01	1.060516646363825546e-02	0.000000000000000000e+00
2.866067616948244470e-09	1.994027403135543386e+00	9.032515855753072032e+00	3.259812530217903181e-01	1.038047588470107467e-02	0.000000000000000000e+00
3.001835813575592210e-09	1.987364496145615389e+00	8.988527801451864363e+00	3.264819652313287190e-01	1.016627175105322585e-02	0.000000000000000000e+00
3.144035471591500167e-09	1.980515422666445424e+00	8.944923549806224727e+00	3.269428398492068011e-01	9.962164077623743286e-03	0.000000000000000000e+00
3.292971255097148186e-09	1.973491535575900624e+00	8.901722370682515262e+00	3.273644064095754258e-01	9.767772138472246776e-03	0.000000000000000000e+00
3.448962260405766611e-09	1.966304029626893435e+00	8.858943189885438940e+00	3.277471980860020007e-01	9.582737550762455633e-03	0.000000000000000000e+00
3.612342699709437910e-09	1.958963941931066932e+00	8.816604510873613521e+00	3.280917554457515872e-01	9.406716855138275157e-03	0.000000000000000000e+00
3.783462617131932968e-09	1.951482130182536023e+00	8.774724467417229334e+00	3.283986216331920560e-01	9.239378716664014071e-03	0.000000000000000000e+00
3.962688638701478467e-09	1.943869286808709518e+00	8.733320752753499505e+00	3.286683480727001228e-01	9.080408388612369597e-03	0.000000000000000000e+00
4.150404757850472502e-09	1.936135931078946992e+00	8.692410618194605476e+00	3.289014939230971990e-01	8.929506552666924626e-03	0.000000000000000000e+00
4.347013158125017173e-09	1.928292406299060513e+00	8.652010881078657789e+00	3.290986259719642093e-01	8.786387246321691880e-03	0.000000000000000000e+00
4.552935074866938773e-09	1.920348877925248887e+00	8.612137900147537550e+00	3.292603198720426838e-01	8.650767916170910149e-03	0.000000000000000000e+00
4.768611697714474181e-09	1.912315331887441294e+00	8.572807567259538075e+00	3.293871607660520673e-01	8.522392651776372618e-03	0.000000000000000000e+00
4.994505115855140358e-09	1.904201577582403493e+00	8.534035315491067308e+00	3.294797440456397331e-01	8.401007117177228256e-03	0.000000000000000000e+00
5.231099308056257792e-09	1.896017235144545454e+00	8.495836068718453760e+00	3.295386756081685187e-01	8.286370038459389686e-03	0.000000000000000000e+00
5.478901179593956120e-09	1.887771659229806387e+00	8.458223908551573800e+00	3.295645719912751459e-01	8.178250809993728096e-03	0.000000000000000000e+00
5.738441648302404521e-09	1.879473932542350179e+00	8.421212114709893726e+00	3.295580580616205846e-01	8.076426763818273652e-03	0.000000000000000000e+00
6.010276782070388176e-09	1.871132945620452848e+00	8.384813587487984776e+00	3.295197647382429595e-01	7.980685194109713929e-03	0.000000000000000000e+00
6.294988990221888141e-09	1.862757413650657945e+00	8.349040828510572609e+00	3.294503328958520716e-01	7.890827835930478915e-03	0.000000000000000000e+00
6.593188271333541710e-09	1.854355836600710017e+00	8.313905965128929765e+00	3.293504055219526050e-01	7.806660002012636573e-03	0.000000000000000000e+00
6.905513520162316861e-09	1.845936539071892701e+00	8.279420680321377901e+00	3.292206376026680092e-01	7.727998734996108059e-03	0.000000000000000000e+00
7.232633896483518810e-09	1.837507648484049128e+00	8.245596233568477373e+00	3.290616915279178656e-01	7.654667293861393100e-03	0.000000000000000000e+00
7.575250258771920716e-09	1.829077099218087810e+00	8.212443435983759699e+00	3.288742388303845798e-01	7.586501123972124068e-03	0.000000000000000000e+00
7.934096665797492339e-09	1.820652631570222724e+00	8.179972624419052707e+00	3.286589610169814435e-01	7.523340521489222353e-03	0.000000000000000000e+00
8.309941949353386453e-09	1.812241796371519831e+00	8.148193664851380191e+00	3.284165502092268873e-01	7.465031406612287687e-03	0.000000000000000000e+00
8.703591361485183753e-09	1.803851950320005226e+00	8.117115937549911564e+00	3.281477087920177116e-01	7.411429424617079105e-03	0.000000000000000000e+00
9.115888299750837812e-09	1.795490259627342988e+00	8.086748318564863425e+00	3.278531506646653604e-01	7.362393962206485558e-03	0.000000000000000000e+00
9.547716114208065503e-09	1.787163697110462968e+00	8.057099164604263564e+00	3.275336011227453770e-01	7.317791465187168873e-03	0.000000000000000000e+00
1.000000000000000021e-08	1.778879030432303443e+00	8.028176260119481711e+00	3.271897965907950567e-01	7.277493458569564595e-03	0.000000000000000000e+00
