pc	M	R	C	k2	j3
9.999999999999999799e-13	9.413888682998387825e-02	1.303157247953798503e+02	1.066700429009305581e-03	1.662407796711061947e-04	0.000000000000000000e+00
1.047370897959448749e-12	9.521391148420293993e-02	1.037426097871271509e+02	1.355231453887944301e-03	1.636367880729691767e-04	0.000000000000000000e+00
1.096985797892381920e-12	9.654262120187337426e-02	8.569630971983707468e+01	1.663516835514129103e-03	1.660578991521459132e-04	0.000000000000000000e+00
1.148951000187311009e-12	9.808184765132978156e-02	7.273579687557811724e+01	1.991180691380514418e-03	1.734812489669927617e-04	0.000000000000000000e+00
1.203377840777590522e-12	9.980655119861722713e-02	6.303387613038876225e+01	2.338057943436446309e-03	1.869652277874576886e-04	0.000000000000000000e+00
1.260382929679727463e-12	1.017015489892605234e-01	5.553558845028268820e+01	2.704122891497881369e-03	2.083852200837050628e-04	0.000000000000000000e+00
1.320088400831416649e-12	1.037574681135967208e-01	4.959171495626939219e+01	3.089445038541902000e-03	2.403133793878282833e-04	0.000000000000000000e+00
1.382622173764653478e-12	1.059685735234809911e-01	4.478211386072131006e+01	3.494159562738266729e-03	2.859965818535247840e-04	0.000000000000000000e+00
1.448118227674535917e-12	1.083314964103559291e-01	4.082361123203306619e+01	3.918443217328104050e-03	3.493110944782792482e-04	0.000000000000000000e+00
1.516716888470924089e-12	1.108445417006973660e-01	3.751871248361781852e+01	4.362511860358479245e-03	4.347312784134757004e-04	0.000000000000000000e+00
1.588565129428052692e-12	1.135072427505179338e-01	3.472570254474896956e+01	4.826616224117276539e-03	5.472919966703853169e-04	0.000000000000000000e+00
1.663816886076127415e-12	1.163200502874000564e-01	3.234041777614898194e+01	5.311035330066070370e-03	6.925153192632572084e-04	0.000000000000000000e+00
1.742633386009647278e-12	1.192840770095074665e-01	3.028471658648810916e+01	5.816064252598847351e-03	8.763530856610938493e-04	0.000000000000000000e+00
1.825183494319046040e-12	1.224009634751464931e-01	2.849889036008988086e+01	6.342012896775339921e-03	1.105085209657918205e-03	0.000000000000000000e+00
1.911644075385703708e-12	1.256728331021166323e-01	2.693655246232219724e+01	6.889213278346575757e-03	1.385223427372923605e-03	0.000000000000000000e+00
2.002200371815584363e-12	1.291022164037523845e-01	2.556115890627457077e+01	7.458017413203880779e-03	1.723429560569531178e-03	0.000000000000000000e+00
2.097046401323230665e-12	1.326919684003977917e-01	2.434356597036596170e+01	8.048791464063209319e-03	2.126377387905712367e-03	0.000000000000000000e+00
2.196385372416542332e-12	1.364451570672838288e-01	2.326028462445440681e+01	8.661903398250909991e-03	2.600667651885651445e-03	0.000000000000000000e+00
2.300430119772921506e-12	1.403651096601178372e-01	2.229216443772364897e+01	9.297735051702621031e-03	3.152683819999016913e-03	0.000000000000000000e+00
2.409403560239526876e-12	1.444554084767750435e-01	2.142344386952969870e+01	9.956684728716041002e-03	3.788560682535461153e-03	0.000000000000000000e+00
2.523539170434765862e-12	1.487198622567286466e-01	2.064104390100922259e+01	1.063916518903366450e-02	4.513984000446310055e-03	0.000000000000000000e+00
2.643081486974102692e-12	1.531624166142352694e-01	1.993403865565819899e+01	1.134559166582553222e-02	5.334173293330690679e-03	0.000000000000000000e+00
2.768286630392061017e-12	1.577871332678893734e-01	1.929323425039813245e+01	1.207638036871670588e-02	6.253751034644419379e-03	0.000000000000000000e+00
2.899422853882880921e-12	1.625982710372001205e-01	1.871083077084382396e+01	1.283196266884773645e-02	7.276692805439758695e-03	0.000000000000000000e+00
3.036771118035460378e-12	1.676002759626828709e-01	1.818017235542762933e+01	1.361278446356135007e-02	8.406283542797418629e-03	0.000000000000000000e+00
3.180625692794118977e-12	1.727977500185158277e-01	1.769555013754485628e+01	1.441930238101530454e-02	9.645020627016852310e-03	0.000000000000000000e+00
3.331294787934670055e-12	1.781953409806897870e-01	1.725204979355097379e+01	1.525196770623707919e-02	1.099461427496021756e-02	0.000000000000000000e+00
3.489101213406766494e-12	1.837978026431613121e-01	1.684541348225236845e+01	1.611123656299288942e-02	1.245589026825267079e-02	0.000000000000000000e+00
3.654383070957261569e-12	1.896100447724735905e-01	1.647193151538768774e+01	1.699757819801148845e-02	1.402887698612271389e-02	0.000000000000000000e+00
3.827494478516314936e-12	1.956371174799824975e-01	1.612835904337612192e+01	1.791147319048252279e-02	1.571274509249248261e-02	0.000000000000000000e+00
4.008806328898464320e-12	2.018841558953415327e-01	1.581184896167714804e+01	1.885340574768332167e-02	1.750581193940807523e-02	0.000000000000000000e+00
4.198707084443905621e-12	2.083562838372354509e-01	1.551989699430128056e+01	1.982385002478901162e-02	1.940554830467828423e-02	0.000000000000000000e+00
4.397603609302712498e-12	2.150587226756121850e-01	1.525028677242889152e+01	2.082328708405683376e-02	2.140862706734834517e-02	0.000000000000000000e+00
4.605922041145112927e-12	2.219968063202409081e-01	1.500104947687860601e+01	2.185220762517417828e-02	2.351093832835579600e-02	0.000000000000000000e+00
4.824108704165373984e-12	2.291759621551431314e-01	1.477043117106740766e+01	2.291110972120337722e-02	2.570772165405831380e-02	0.000000000000000000e+00
5.052631065335679604e-12	2.366016208988628300e-01	1.455686682846848257e+01	2.400048630691362095e-02	2.799344466183278923e-02	0.000000000000000000e+00
5.291978735958436557e-12	2.442791736373088052e-01	1.435895624208842136e+01	2.512081962578676178e-02	3.036196454733863445e-02	0.000000000000000000e+00
5.542664520663095602e-12	2.522140751858362173e-01	1.417544000815228422e+01	2.627259711474357051e-02	3.280658129037461457e-02	0.000000000000000000e+00
5.805225516094907684e-12	2.604118371808366028e-01	1.400518249987440278e+01	2.745631090998627497e-02	3.532008735265609184e-02	0.000000000000000000e+00
6.080224261649427052e-12	2.688780011547171056e-01	1.384715750203513629e+01	2.867245461078139421e-02	3.789487233279234535e-02	0.000000000000000000e+00
6.368249944718585906e-12	2.776180218863940063e-01	1.370043679861124097e+01	2.992150795196453841e-02	4.052280000863738713e-02	0.000000000000000000e+00
6.669919663030115058e-12	2.866372889089443543e-01	1.356417831370940696e+01	3.120393985887406907e-02	4.319558237330515388e-02	0.000000000000000000e+00
6.985879746785234820e-12	2.959411940572388988e-01	1.343761459544258052e+01	3.252022006905480600e-02	4.590455444294415377e-02	0.000000000000000000e+00
7.316807143427207274e-12	3.055351141250563507e-01	1.332004521538399544e+01	3.387081645452069689e-02	4.864093080048334516e-02	0.000000000000000000e+00
7.663410868007462274e-12	3.154243706122774049e-01	1.321082952965920398e+01	3.525619111034673792e-02	5.139578146384516516e-02	0.000000000000000000e+00
8.026433522257174683e-12	3.256141124736838255e-01	1.310938146047152486e+01	3.667678450546665164e-02	5.416008496080244178e-02	0.000000000000000000e+00
8.406652885618316356e-12	3.361093750208654085e-01	1.301516275102556008e+01	3.813302499730601008e-02	5.692481846853371386e-02	0.000000000000000000e+00
8.804883581643446547e-12	3.469151148212291091e-01	1.292767752975698414e+01	3.962533498735314186e-02	5.968096181864201988e-02	0.000000000000000000e+00
9.221978823334340144e-12	3.580361800280065232e-01	1.284646836913477053e+01	4.115412743234341669e-02	6.241970058837131852e-02	0.000000000000000000e+00
9.658832241158709141e-12	3.694772582149168927e-01	1.277111261603782211e+01	4.271980018515306177e-02	6.513228237833409984e-02	0.000000000000000000e+00
1.011637979766206976e-11	3.812427789508631149e-01	1.270121937823726199e+01	4.432272407190929187e-02	6.781015619640767822e-02	0.000000000000000000e+00
1.059560179277614774e-11	3.933369856740830395e-01	1.263642595457394080e+01	4.596325359018776924e-02	7.044501180144294161e-02	0.000000000000000000e+00
1.109752496412069864e-11	4.057639374932332510e-01	1.257639499423347829e+01	4.764172876181647920e-02	7.302880494393171329e-02	0.000000000000000000e+00
1.162322468679854125e-11	4.185274759910914688e-01	1.252081227145304254e+01	4.935847184163223711e-02	7.555383217696298725e-02	0.000000000000000000e+00
1.217382727739662020e-11	4.316311583261911444e-01	1.246938476798402107e+01	5.111377967131383593e-02	7.801267130007003003e-02	0.000000000000000000e+00
1.275051240713012859e-11	4.450782001387151854e-01	1.242183879133705915e+01	5.290791771247581321e-02	8.039833402829435482e-02	0.000000000000000000e+00
1.335451562929897339e-11	4.588715317825931006e-01	1.237791796283537238e+01	5.474112898710031122e-02	8.270417280246843139e-02	0.000000000000000000e+00
1.398713102647241439e-11	4.730137739834381905e-01	1.233738189243210925e+01	5.661363157461998807e-02	8.492396702128938990e-02	0.000000000000000000e+00
1.464971398307287854e-11	4.875072083528891320e-01	1.230000461094596531e+01	5.852561720413297641e-02	8.705192956145157979e-02	0.000000000000000000e+00
1.534368408930013065e-11	5.023537019976280771e-01	1.226557363862891670e+01	6.047724206904845495e-02	8.908274893627711466e-02	0.000000000000000000e+00
1.607052818261638620e-11	5.175546956273894272e-01	1.223388867419239823e+01	6.246862747927599269e-02	9.101153802153404138e-02	0.000000000000000000e+00
1.683180353330955093e-11	5.331112167448345263e-01	1.220476064934609539e+01	6.449986245355213144e-02	9.283380006827073039e-02	0.000000000000000000e+00
1.762914118095944293e-11	5.490238583010369489e-01	1.217801083085461222e+01	6.657100241875001101e-02	9.454570070222625966e-02	0.000000000000000000e+00
1.846424942895546448e-11	5.652927408375286733e-01	1.215346990982101616e+01	6.868206646698410411e-02	9.614370065563666856e-02	0.000000000000000000e+00
1.933891750455232057e-11	5.819174535721074459e-01	1.213097748157306377e+01	7.083303030762246044e-02	9.762481028464561894e-02	0.000000000000000000e+00
2.025501939230666486e-11	5.988970580712780212e-01	1.211038115270751447e+01	7.302382922537922760e-02	9.898658413479514973e-02	0.000000000000000000e+00
2.121451784910627571e-11	6.162300801868645372e-01	1.209153613597345256e+01	7.525435724317622310e-02	1.002268510020959541e-01	0.000000000000000000e+00
2.221946860939528424e-11	6.339144832350509517e-01	1.207430455419877013e+01	7.752446598729748062e-02	1.013441235217148878e-01	0.000000000000000000e+00
2.327202478960412005e-11	6.519476307110390056e-01	1.205855503869600298e+01	7.983396079729690453e-02	1.023371919701857730e-01	0.000000000000000000e+00
2.437444150122221807e-11	6.703262656212289894e-01	1.204416224920670864e+01	8.218259955766464564e-02	1.032054402438361967e-01	0.000000000000000000e+00
2.552908068239516723e-11	6.890464963435601886e-01	1.203100647117889466e+01	8.457009207096444214e-02	1.039485575406233070e-01	0.000000000000000000e+00
2.673841615839943880e-11	7.081037866561095129e-01	1.201897329131536196e+01	8.699609959258933212e-02	1.045667111118990245e-01	0.000000000000000000e+00
2.800503894183625342e-11	7.274929275232872028e-01	1.200795324221850713e+01	8.946023248980056186e-02	1.050605405121070451e-01	0.000000000000000000e+00
2.933166278390048099e-11	7.472080178837735565e-01	1.199784147217601316e+01	9.196204899426486945e-02	1.054309606174828468e-01	0.000000000000000000e+00
3.072112998861759207e-11	7.672424638109704986e-01	1.198853751970575310e+01	9.450105556035624799e-02	1.056793379674875050e-01	0.000000000000000000e+00
3.217641750250735458e-11	7.875889582038710923e-01	1.197994506295293959e+01	9.707670508154678246e-02	1.058073772895942455e-01	0.000000000000000000e+00
3.370064329271925032e-11	8.082394678461481963e-01	1.197197169531926697e+01	9.968839588090526449e-02	1.058171396349401605e-01	0.000000000000000000e+00
3.529707302730657668e-11	8.291852127343868339e-01	1.196452873307265108e+01	1.023354695354808108e-01	1.057109223085500871e-01	0.000000000000000000e+00
3.696912707195032437e-11	8.504166869349976121e-01	1.195753101090785719e+01	1.050172139565782176e-01	1.054914528836599780e-01	0.000000000000000000e+00
3.872038781812557004e-11	8.719236447558896819e-01	1.195089675407881202e+01	1.077328615560509545e-01	1.051616600894144521e-01	0.000000000000000000e+00
4.055460735840827506e-11	8.936950969435260017e-01	1.194454744933736556e+01	1.104815886075681403e-01	1.047247706081784052e-01	0.000000000000000000e+00
4.247571552536894126e-11	9.157192961652680374e-01	1.193840764212088601e+01	1.132625139351703669e-01	1.041841794862992249e-01	0.000000000000000000e+00
4.448782831127576069e-11	9.379837401312195455e-01	1.193240492127354635e+01	1.160746980182095905e-01	1.035435472961518388e-01	0.000000000000000000e+00
4.659525668664686662e-11	9.604752131970137885e-01	1.192646975306114854e+01	1.189171481611866893e-01	1.028067782726182905e-01	0.000000000000000000e+00
4.880251583654433574e-11	9.831797878294846749e-01	1.192053534732807663e+01	1.217888183940441515e-01	1.019778796248410196e-01	0.000000000000000000e+00
5.111433483440165318e-11	1.006082806422177844e+00	1.191453771083166480e+01	1.246886049519760342e-01	1.010610061311600361e-01	0.000000000000000000e+00
5.353566677410718816e-11	1.029168892533959934e+00	1.190841544725207690e+01	1.276153478072005742e-01	1.000604995304376077e-01	0.000000000000000000e+00
5.607169938205469661e-11	1.052421988827252797e+00	1.190210977033057738e+01	1.305678332550349596e-01	9.898077104571424700e-02	0.000000000000000000e+00
5.872786613189488850e-11	1.075825414450056972e+00	1.189556438155406148e+01	1.335448002060631023e-01	9.782630989789785347e-02	0.000000000000000000e+00
6.150985788580503926e-11	1.099361846917957797e+00	1.188872546682590858e+01	1.365449357242634887e-01	9.660173212660934372e-02	0.000000000000000000e+00
6.442363508721370414e-11	1.123013336961311559e+00	1.188154171372821644e+01	1.395668741988872197e-01	9.531165447283704295e-02	0.000000000000000000e+00
6.747544053110686101e-11	1.146761345493690021e+00	1.187396403491296049e+01	1.426092025567189669e-01	9.396070502331844987e-02	0.000000000000000000e+00
7.067181273927477085e-11	1.170586793086957789e+00	1.186594587061572525e+01	1.456704601612857086e-01	9.255354709247530509e-02	0.000000000000000000e+00
7.401959996915652408e-11	1.194470130660608698e+00	1.185744290982783866e+01	1.487491479778375036e-01	9.109490944661902123e-02	0.000000000000000000e+00
7.752597488629464062e-11	1.218391334176234686e+00	1.184841310879180831e+01	1.518437247354157693e-01	8.958933024849555227e-02	0.000000000000000000e+00
8.119844993184008328e-11	1.242329915969887510e+00	1.183881674809794404e+01	1.549526044271777869e-01	8.804144226058083222e-02	0.000000000000000000e+00
8.504489341802668113e-11	1.266265001996712103e+00	1.182861635079435558e+01	1.580741636110623016e-01	8.645582244338723132e-02	0.000000000000000000e+00
8.907354638610458163e-11	1.290175417787894130e+00	1.181777662290615538e+01	1.612067494846020077e-01	8.483687614095779261e-02	0.000000000000000000e+00
9.329304026284695888e-11	1.314039714016401517e+00	1.180626454230687550e+01	1.643486783177302013e-01	8.318894370426278828e-02	0.000000000000000000e+00
9.771241535346501225e-11	1.337836194845325233e+00	1.179404921758021274e+01	1.674982371972965900e-01	8.151636894182238968e-02	0.000000000000000000e+00
1.023411402105452712e-10	1.361542946179046920e+00	1.178110194457517856e+01	1.706536829886671491e-01	7.982328688851655918e-02	0.000000000000000000e+00
1.071891319205126445e-10	1.385137932680845951e+00	1.176739624013385743e+01	1.738132500308748885e-01	7.811375448449024705e-02	0.000000000000000000e+00
1.122667773510811312e-10	1.408599101375773266e+00	1.175290764599791871e+01	1.769751619950662991e-01	7.639166661675780845e-02	0.000000000000000000e+00
1.175849554052158201e-10	1.431904371295018352e+00	1.173761388416329865e+01	1.801376243123722354e-01	7.466080878313532954e-02	0.000000000000000000e+00
1.231550603292826197e-10	1.455031682944036620e+00	1.172149471904350015e+01	1.832988283211267611e-01	7.292479431954737579e-02	0.000000000000000000e+00
1.289890261253308184e-10	1.477959053729633876e+00	1.170453206002921576e+01	1.864569525098665470e-01	7.118711275191161314e-02	0.000000000000000000e+00
1.350993521198024986e-10	1.500664685885986005e+00	1.168670984094318577e+01	1.896101737874023863e-01	6.945105131077916605e-02	0.000000000000000000e+00
1.414991297434578731e-10	1.523127047898991782e+00	1.166801398106877841e+01	1.927566742960756252e-01	6.771976567319291929e-02	0.000000000000000000e+00
1.482020705798860072e-10	1.545324853197429293e+00	1.164843242063722606e+01	1.958946340453555923e-01	6.599625297731469276e-02	0.000000000000000000e+00
1.552225357427047968e-10	1.567237123976571000e+00	1.162795508213644879e+01	1.990222354730965815e-01	6.428328608158365154e-02	0.000000000000000000e+00
1.625755666443793407e-10	1.588843258390606916e+00	1.160657386488334986e+01	2.021376679540024257e-01	6.258353481672349061e-02	0.000000000000000000e+00
1.702769172225897821e-10	1.610123153015358355e+00	1.158428254343872688e+01	2.052391411185823800e-01	6.089945656293345444e-02	0.000000000000000000e+00
1.783430876931905687e-10	1.631057214047528348e+00	1.156107673687614223e+01	2.083248830245378325e-01	5.923333352220960801e-02	0.000000000000000000e+00
1.867913599020784805e-10	1.651626367998812572e+00	1.153695391840586915e+01	2.113931375917962596e-01	5.758729864612895100e-02	0.000000000000000000e+00
1.956398343517064725e-10	1.671812108643074613e+00	1.151191342697173958e+01	2.144421666513090796e-01	5.596330051850502418e-02	0.000000000000000000e+00
2.049074689815846066e-10	1.691596588940930568e+00	1.148595634906526719e+01	2.174702602992282519e-01	5.436312128775395991e-02	0.000000000000000000e+00
2.146141197858401440e-10	1.710962712526135965e+00	1.145908542312991685e+01	2.204757471608846942e-01	5.278838632871765690e-02	0.000000000000000000e+00
2.247805833548729991e-10	1.729894091517336641e+00	1.143130508373417342e+01	2.234569850423325788e-01	5.124055890369377808e-02	0.000000000000000000e+00
2.354286414322420067e-10	1.748375076322211230e+00	1.140262142777257282e+01	2.264123623489411041e-01	4.972093784020005514e-02	0.000000000000000000e+00
2.465811075822603842e-10	1.766390807954906439e+00	1.137304215315967681e+01	2.293403031603448994e-01	4.823068832794960570e-02	0.000000000000000000e+00
2.582618760682674929e-10	1.783927301982936919e+00	1.134257646731138358e+01	2.322392773302931479e-01	4.677080888726792285e-02	0.000000000000000000e+00
2.704959730463131364e-10	1.800971478626275823e+00	1.131123496748708313e+01	2.351078045729389776e-01	4.534216991392538837e-02	0.000000000000000000e+00
2.833096101839318258e-10	1.817511105973794727e+00	1.127902974040837947e+01	2.379444429379627968e-01	4.394550973328145704e-02	0.000000000000000000e+00
2.967302408188872501e-10	1.833534839696651986e+00	1.124597427129009120e+01	2.407477938275636720e-01	4.258142639856655337e-02	0.000000000000000000e+00
3.107866187782014063e-10	1.849032266806170055e+00	1.121208337726307747e+01	2.435165073824419324e-01	4.125040794127124433e-02	0.000000000000000000e+00
3.255088599835056406e-10	1.863993976891310078e+00	1.117737303764431367e+01	2.462492941154546811e-01	3.995282588635026139e-02	0.000000000000000000e+00
3.409285069746807543e-10	1.878411503825889506e+00	1.114186040521866516e+01	2.489449159568489500e-01	3.868892625392903600e-02	0.000000000000000000e+00
3.570785964900469852e-10	1.892277303894043472e+00	1.110556382787534702e+01	2.516021818760492135e-01	3.745886990020888541e-02	0.000000000000000000e+00
3.739937302478801677e-10	1.905584783065253696e+00	1.106850278413543442e+01	2.542199520732456031e-01	3.626272214365749980e-02	0.000000000000000000e+00
3.917101490809260641e-10	1.918328333239617045e+00	1.103069772916735758e+01	2.567971457847252892e-01	3.510044766693152379e-02	0.000000000000000000e+00
4.102658105827190344e-10	1.930503351605152629e+00	1.099216994179386298e+01	2.593327473283798534e-01	3.397193330679831175e-02	0.000000000000000000e+00
4.297004704320835313e-10	1.942106151860581109e+00	1.095294165149823051e+01	2.618257913711429796e-01	3.287698990812707583e-02	0.000000000000000000e+00
4.500557675700488183e-10	1.953133960749073861e+00	1.091303598876105241e+01	2.642753636744883949e-01	3.181535597320467312e-02	0.000000000000000000e+00
4.713753134116729086e-10	1.963584935696036649e+00	1.087247689726002697e+01	2.666806058678407032e-01	3.078672421080077062e-02	0.000000000000000000e+00
4.937047852839003559e-10	1.973458195942263238e+00	1.083128887318724765e+01	2.690407267205729425e-01	2.979067963460392196e-02	0.000000000000000000e+00
5.170920242896755486e-10	1.982753762867984104e+00	1.078949701820668672e+01	2.713549938337960765e-01	2.882681066474579445e-02	0.000000000000000000e+00
5.415871378079465267e-10	1.991472468269819718e+00	1.074712715268130836e+01	2.736227192595301339e-01	2.789464505481132825e-02	0.000000000000000000e+00
5.672426068491988835e-10	1.999616030004293110e+00	1.070420566469145029e+01	2.758432746514238310e-01	2.699364052020122515e-02	0.000000000000000000e+00
5.941133984965039838e-10	2.007186981655489699e+00	1.066075940159371171e+01	2.780160857578844458e-01	2.612323725118815415e-02	0.000000000000000000e+00
6.222570836730231313e-10	2.014188695168129151e+00	1.061681545993512721e+01	2.801406426349773993e-01	2.528287189327973680e-02	0.000000000000000000e+00
6.517339604882420571e-10	2.020625272664037908e+00	1.057240139102329124e+01	2.822164810973499804e-01	2.447189480700423178e-02	0.000000000000000000e+00
6.826071834272379248e-10	2.026501535918591390e+00	1.052754515045803885e+01	2.842431841560149608e-01	2.368967685896950295e-02	0.000000000000000000e+00
7.149428986597561750e-10	2.031823006848739954e+00	1.048227503395186844e+01	2.862203827445553017e-01	2.293555971860606127e-02	0.000000000000000000e+00
7.488103857590030225e-10	2.036595912427944022e+00	1.043661933485490145e+01	2.881477677548331395e-01	2.220886779797450264e-02	0.000000000000000000e+00
7.842822061337681836e-10	2.040827112330024118e+00	1.039060649476865450e+01	2.900250780912372317e-01	2.150891520011876182e-02	0.000000000000000000e+00
8.214343584919422200e-10	2.044524049652212572e+00	1.034426517290127379e+01	2.918520938799790687e-01	2.083500213050291927e-02	0.000000000000000000e+00
8.603464416684491388e-10	2.047694729966438310e+00	1.029762422008784206e+01	2.936286362514863857e-01	2.018643420396489668e-02	0.000000000000000000e+00
9.011018251665036851e-10	2.050347716757230820e+00	1.025071247920350892e+01	2.953545745527315636e-01	1.956250789076231442e-02	0.000000000000000000e+00
9.437878277775391497e-10	2.052492077286983463e+00	1.020355857720659465e+01	2.970298270670753693e-01	1.896252021938448981e-02	0.000000000000000000e+00
9.884959046625586031e-10	2.054137327195122431e+00	1.015619122479946945e+01	2.986543468674172086e-01	1.838576667553522281e-02	0.000000000000000000e+00
1.035321843295661502e-09	2.055293398062578714e+00	1.010863917839547632e+01	3.002281203789538000e-01	1.783155521133381743e-02	0.000000000000000000e+00
1.084365968689608688e-09	2.055970619323251203e+00	1.006093117119120883e+01	3.017511689869658564e-01	1.729919616555222750e-02	0.000000000000000000e+00
1.135733358343102889e-09	2.056179691227338679e+00	1.001309552657541246e+01	3.032235590641546019e-01	1.678800658036441046e-02	0.000000000000000000e+00
1.189534067370320724e-09	2.055931632491029504e+00	9.965160410129339397e+00	3.046453893491740117e-01	1.629731180156986439e-02	0.000000000000000000e+00
1.245883364295008068e-09	2.055237753708963222e+00	9.917153923636538693e+00	3.060167864328972032e-01	1.582643913570441416e-02	0.000000000000000000e+00
1.304901978014401580e-09	2.054109629537859139e+00	9.869104063046924225e+00	3.073379040763490888e-01	1.537477121400299823e-02	0.000000000000000000e+00
1.366716356462010101e-09	2.052559091263642443e+00	9.821038480979265017e+00	3.086089317381065511e-01	1.494164595196469277e-02	0.000000000000000000e+00
1.431458937523481393e-09	2.050598150011246013e+00	9.772984371715590868e+00	3.098300891527032142e-01	1.452643705866197774e-02	0.000000000000000000e+00
1.499268432786047049e-09	2.048238999556747153e+00	9.724968790168418309e+00	3.110016190025738370e-01	1.412853903258882646e-02	0.000000000000000000e+00
1.570290124729377524e-09	2.045493985468650688e+00	9.677018634926135121e+00	3.121237847981618851e-01	1.374735937308816172e-02	0.000000000000000000e+00
1.644676177994662829e-09	2.042375584229954022e+00	9.629160505956258831e+00	3.131968742871645839e-01	1.338231763033051296e-02	0.000000000000000000e+00
1.722585965398783835e-09	2.038896355833183627e+00	9.581420414418749587e+00	3.142212037892851417e-01	1.303284818742843701e-02	0.000000000000000000e+00
1.804186409392068039e-09	2.035068933864641050e+00	9.533824107286488214e+00	3.151971082761942378e-01	1.269840447060693878e-02	0.000000000000000000e+00
1.889652339691211477e-09	2.030906003876440380e+00	9.486397085750173375e+00	3.161249392760340227e-01	1.237845595840514519e-02	0.000000000000000000e+00
1.979166867853557524e-09	2.026420309417479082e+00	9.439164621282454704e+00	3.170050670669062876e-01	1.207248388520173500e-02	0.000000000000000000e+00
2.072921779595369695e-09	2.021624572754864069e+00	9.392151375221878595e+00	3.178378828898270614e-01	1.177999381029216919e-02	0.000000000000000000e+00
2.171117945694509622e-09	2.016531511247667829e+00	9.345381547210813267e+00	3.186237984589510019e-01	1.150049993283769161e-02	0.000000000000000000e+00
2.273965752357932151e-09	2.011153817287001377e+00	9.298879082149303699e+00	3.193632375160646575e-01	1.123353629839504361e-02	0.000000000000000000e+00
2.381685551976160644e-09	2.005504171829307847e+00	9.252667654427220612e+00	3.200566400391319788e-01	1.097864883902470619e-02	0.000000000000000000e+00
2.494508135230316413e-09	1.999595187795798257e+00	9.206770437736915724e+00	3.207044627572134265e-01	1.073541272605846135e-02	0.000000000000000000e+00
2.612675225563326382e-09	1.993439378907838178e+00	9.161209962377347082e+00	3.213071807517414724e-01	1.050339991064780723e-02	0.000000000000000000e+00
2.736439997074666368e-09	1.987049200575421226e+00	9.116008495480372176e+00	3.218652822963528615e-01	1.028220342433096464e-02	0.000000000000000000e+00
2.866067616948244470e-09	1.980437013772486932e+00	9.071187991576453058e+00	3.223792660658577058e-01	1.007143967368286097e-02	0.000000000000000000e+00
3.001835813575592210e-09	1.973615098602270912e+00	9.026769977956231372e+00	3.228496486871322291e-01	9.870736400502592642e-03	0.000000000000000000e+00
3.144035471591500167e-09	1.966595570495444756e+00	8.982775275703714257e+00	3.232769623988454022e-01	9.679718731826006395e-03	0.000000000000000000e+00
3.292971255097148186e-09	1.959390409022837343e+00	8.939224295960080724e+00	3.236617504212972452e-01	9.498072760890569066e-03	0.000000000000000000e+00
3.448962260405766611e-09	1.952011515116715890e+00	8.896137162910786600e+00	3.240045730622137521e-01	9.325432697481698952e-03	0.000000000000000000e+00
3.612342699709437910e-09	1.944470640708080289e+00	8.853533611352457200e+00	3.243060008891180956e-01	9.161491081979406675e-03	0.000000000000000000e+00
3.783462617131932968e-09	1.936779350246341957e+00	8.811432646167229876e+00	3.245666217773054973e-01	9.005940901994007736e-03	0.000000000000000000e+00
3.962688638701478467e-09	1.928949044515482436e+00	8.769852753932541489e+00	3.247870381890820002e-01	8.858492147251302226e-03	0.000000000000000000e+00
4.150404757850472502e-09	1.920990976325666511e+00	8.728812047587597434e+00	3.249678653762075320e-01	8.718850702717552761e-03	0.000000000000000000e+00
4.347013158125017173e-09	1.912916280521038681e+00	8.688328420549341402e+00	3.251097315227565732e-01	8.586755588950801057e-03	0.000000000000000000e+00
4.552935074866938773e-09	1.904735845068310729e+00	8.648418843620294894e+00	3.252132829179978923e-01	8.461944723314043099e-03	0.000000000000000000e+00
4.768611697714474181e-09	1.896460373951609268e+00	8.609099815273744127e+00	3.252791785698138094e-01	8.344166985885380361e-03	0.000000000000000000e+00
4.994505115855140358e-09	1.888100413053117377e+00	8.570387440846197080e+00	3.253080922660631646e-01	8.233184875868755290e-03	0.000000000000000000e+00
5.231099308056257792e-09	1.879666336487557210e+00	8.532297394345947694e+00	3.253007122531217377e-01	8.128770430990970783e-03	0.000000000000000000e+00
5.478901179593956120e-09	1.871168305465606529e+00	8.494844723796227015e+00	3.252577420534454311e-01	8.030704028022873572e-03	0.000000000000000000e+00
5.738441648302404521e-09	1.862616250567560749e+00	8.458043810443950150e+00	3.251798993960588469e-01	7.938774235260277409e-03	0.000000000000000000e+00
6.010276782070388176e-09	1.854019921434868490e+00	8.421908585257909863e+00	3.250679169240077160e-01	7.852781726885575686e-03	0.000000000000000000e+00
6.294988990221888141e-09	1.845388885363451914e+00	8.386452513266787534e+00	3.249225428576130725e-01	7.772531609246779820e-03	0.000000000000000000e+00
6.593188271333541710e-09	1.836732504150881740e+00	8.351688568275903890e+00	3.247445381318381785e-01	7.697841448507932588e-03	0.000000000000000000e+00
6.905513520162316861e-09	1.828059881242028339e+00	8.317628917513330222e+00	3.245346794333062168e-01	7.628534965246343974e-03	0.000000000000000000e+00
7.232633896483518810e-09	1.819379928496323462e+00	8.284285298333379899e+00	3.242937564179187437e-01	7.564439794124393039e-03	0.000000000000000000e+00
7.575250258771920716e-09	1.810701374171461042e+00	8.251668958658189723e+00	3.240225754592309659e-01	7.505396966081594179e-03	0.000000000000000000e+00
7.934096665797492339e-09	1.802032718275815348e+00	8.219790592378492633e+00	3.237219541510537035e-01	7.451251050193132518e-03	0.000000000000000000e+00
8.309941949353386453e-09	1.793382223587906887e+00	8.188660179131316497e+00	3.233927258058992837e-01	7.401852162667902149e-03	0.000000000000000000e+00
8.703591361485183753e-09	1.784757938770459740e+00	8.158287222656294801e+00	3.230357339725148380e-01	7.357058477177808205e-03	0.000000000000000000e+00
9.115888299750837812e-09	1.776167718937491147e+00	8.128680653884959639e+00	3.226518396669377786e-01	7.316732123360192123e-03	0.000000000000000000e+00
9.547716114208065503e-09	1.767619206268625343e+00	8.099848899013075254e+00	3.222419148231857600e-01	7.280744149071062370e-03	0.000000000000000000e+00
1.000000000000000021e-08	1.759119788614347035e+00	8.071799610490563381e+00	3.218068449698452960e-01	7.248964465527113488e-03	0.000000000000000000e+00
