pc	M	R	C	k2	j3
9.999999999999999799e-13	1.280205039870884742e-01	2.460845431113456527e+01	7.681843084124738257e-03	3.536654259351925539e-03	0.000000000000000000e+00
1.047370897959448749e-12	1.326620060443391425e-01	2.363646877263539636e+01	8.287703408898202187e-03	4.401636723770616794e-03	0.000000000000000000e+00
1.096985797892381920e-12	1.374728669899854538e-01	2.277977535970633127e+01	8.911232769205737134e-03	5.398969231377158742e-03	0.000000000000000000e+00
1.148951000187311009e-12	1.424570501314806892e-01	2.202044564208031829e+01	9.552742656394766149e-03	6.534398975232044715e-03	0.000000000000000000e+00
1.203377840777590522e-12	1.476187750270366861e-01	2.134405350808831159e+01	1.021256729215819919e-02	7.812361439675870670e-03	0.000000000000000000e+00
1.260382929679727463e-12	1.529625063744483038e-01	2.073886416625216711e+01	1.089106271959332239e-02	9.235937423796733436e-03	0.000000000000000000e+00
1.320088400831416649e-12	1.584929454879598909e-01	2.019523793521617705e+01	1.158860599286409658e-02	1.080687797184484017e-02	0.000000000000000000e+00
1.382622173764653478e-12	1.642150239556168789e-01	1.970518539002099700e+01	1.230559444291380762e-02	1.252560137812190784e-02	0.000000000000000000e+00
1.448118227674535917e-12	1.701338986752073679e-01	1.926203083485560796e+01	1.304244504290212950e-02	1.439127674208497999e-02	0.000000000000000000e+00
1.516716888470924089e-12	1.762549470083422387e-01	1.886015473384348340e+01	1.379959367364257464e-02	1.640186153771639940e-02	0.000000000000000000e+00
1.588565129428052692e-12	1.825836687372283107e-01	1.849479925581272965e+01	1.457748296326390018e-02	1.855414905056784400e-02	0.000000000000000000e+00
1.663816886076127415e-12	1.891254004446206727e-01	1.816192239136390896e+01	1.537652788217562516e-02	2.084372271350523609e-02	0.000000000000000000e+00
1.742633386009647278e-12	1.958855053187548712e-01	1.785805640710057318e+01	1.619714036767059759e-02	2.326514177046291529e-02	0.000000000000000000e+00
1.825183494319046040e-12	2.028694255823328685e-01	1.758020606652154783e+01	1.703973644416502051e-02	2.581202680147039533e-02	0.000000000000000000e+00
1.911644075385703708e-12	2.100826663421470342e-01	1.732577067487613220e+01	1.790473485473067713e-02	2.847712992058206577e-02	0.000000000000000000e+00
2.002200371815584363e-12	2.175307769008254510e-01	1.709248097478294426e+01	1.879255546766296983e-02	3.125248423357714772e-02	0.000000000000000000e+00
2.097046401323230665e-12	2.252193312360202260e-01	1.687834764200361803e+01	1.970361766860869931e-02	3.412944471913471195e-02	0.000000000000000000e+00
2.196385372416542332e-12	2.331539063553983993e-01	1.668161898961348655e+01	2.063833861108651732e-02	3.709880122372218730e-02	0.000000000000000000e+00
2.300430119772921506e-12	2.413400586857183672e-01	1.650074600293638127e+01	2.159713136077503690e-02	4.015088427761173695e-02	0.000000000000000000e+00
2.409403560239526876e-12	2.497832987563007590e-01	1.633435326527102660e+01	2.258040296263658792e-02	4.327561369568588834e-02	0.000000000000000000e+00
2.523539170434765862e-12	2.584890634882412996e-01	1.618121464909998508e+01	2.358855237526836027e-02	4.646261360943793745e-02	0.000000000000000000e+00
2.643081486974102692e-12	2.674626864582243524e-01	1.604023288395251967e+01	2.462196831381099210e-02	4.970126088225874927e-02	0.000000000000000000e+00
2.768286630392061017e-12	2.767093170925217227e-01	1.591042297383573789e+01	2.568102136661662080e-02	5.298076686573182509e-02	0.000000000000000000e+00
2.899422853882880921e-12	2.862338706029490254e-01	1.579089785005650448e+01	2.676605920502852717e-02	5.629022199359600548e-02	0.000000000000000000e+00
3.036771118035460378e-12	2.960412534359364578e-01	1.568085353417781569e+01	2.787743237830513088e-02	5.961878779758626734e-02	0.000000000000000000e+00
3.180625692794118977e-12	3.061363935309153184e-01	1.557955946188158691e+01	2.901549764624670319e-02	6.295574647715235228e-02	0.000000000000000000e+00
3.331294787934670055e-12	3.165242270250450685e-01	1.548635050469715502e+01	3.018061653874831718e-02	6.629057530929767517e-02	0.000000000000000000e+00
3.489101213406766494e-12	3.272096844139334437e-01	1.540061992162148385e+01	3.137315398983299419e-02	6.961298885611215403e-02	0.000000000000000000e+00
3.654383070957261569e-12	3.381976756328841649e-01	1.532181314424762419e+01	3.259347694993964401e-02	7.291301990750959083e-02	0.000000000000000000e+00
3.827494478516314936e-12	3.494930743146379415e-01	1.524942229069927357e+01	3.384195299221968989e-02	7.618100637405925135e-02	0.000000000000000000e+00
4.008806328898464320e-12	3.611007009974681603e-01	1.518298131544315765e+01	3.511894888794343111e-02	7.940765856337267392e-02	0.000000000000000000e+00
4.198707084443905621e-12	3.730253049218507644e-01	1.512206172559258377e+01	3.642482908620261334e-02	8.258408396532075646e-02	0.000000000000000000e+00
4.397603609302712498e-12	3.852715454179667098e-01	1.506626877004910270e+01	3.775995424568648340e-02	8.570178731625392732e-02	0.000000000000000000e+00
4.605922041145112927e-12	3.978439711744360396e-01	1.501523807325832927e+01	3.912467957542281605e-02	8.875272805367948048e-02	0.000000000000000000e+00
4.824108704165373984e-12	4.107469935387529913e-01	1.496863264464121102e+01	4.051935263259139053e-02	9.172930512982230278e-02	0.000000000000000000e+00
5.052631065335679604e-12	4.239848623113692816e-01	1.492614017987126829e+01	4.194431150991421303e-02	9.462436026403932277e-02	0.000000000000000000e+00
5.291978735958436557e-12	4.375616472153862069e-01	1.488747064430137002e+01	4.339988367567724353e-02	9.743124581738091261e-02	0.000000000000000000e+00
5.542664520663095602e-12	4.514812155689540973e-01	1.485235412464264293e+01	4.488638447937579740e-02	1.001437290158759819e-01	0.000000000000000000e+00
5.805225516094907684e-12	4.657472075691820312e-01	1.482053892037753684e+01	4.640411544213725314e-02	1.027560944081926109e-01	0.000000000000000000e+00
6.080224261649427052e-12	4.803630110980509627e-01	1.479178983514855972e+01	4.795336255208887399e-02	1.052630840420293729e-01	0.000000000000000000e+00
6.368249944718585906e-12	4.953317358182712238e-01	1.476588664462520306e+01	4.953439454206860076e-02	1.076599200522981165e-01	0.000000000000000000e+00
6.669919663030115058e-12	5.106561860688143550e-01	1.474262272480920899e+01	5.114746108517034817e-02	1.099422886017094453e-01	0.000000000000000000e+00
6.985879746785234820e-12	5.263388333649587913e-01	1.472180381748912659e+01	5.279279100390428525e-02	1.121063435223480231e-01	0.000000000000000000e+00
7.316807143427207274e-12	5.423817879442214274e-01	1.470324692314881965e+01	5.447059041543875907e-02	1.141486960665896305e-01	0.000000000000000000e+00
7.663410868007462274e-12	5.587867698778139491e-01	1.468677930185696390e+01	5.618104088202691138e-02	1.160664086669396383e-01	0.000000000000000000e+00
8.026433522257174683e-12	5.755551172054604869e-01	1.467223755277746022e+01	5.792430140448420750e-02	1.178569812832507974e-01	0.000000000000000000e+00
8.406652885618316356e-12	5.926879141033191134e-01	1.465946678370375444e+01	5.970052256808559832e-02	1.195183693763245264e-01	0.000000000000000000e+00
8.804883581643446547e-12	6.101859170451477965e-01	1.464832014458524867e+01	6.150983923969631506e-02	1.210489971709275830e-01	0.000000000000000000e+00
9.221978823334340144e-12	6.280494997482723996e-01	1.463865831789499516e+01	6.335236542800250226e-02	1.224475582485597541e-01	0.000000000000000000e+00
9.658832241158709141e-12	6.462786298449634259e-01	1.463034898964210306e+01	6.522819258480838656e-02	1.237133510658242896e-01	0.000000000000000000e+00
1.011637979766206976e-11	6.648728445926076480e-01	1.462326636119350987e+01	6.713738782589706577e-02	1.248459365019199963e-01	0.000000000000000000e+00
1.059560179277614774e-11	6.838312270419145689e-01	1.461729069369574852e+01	6.907999223526979649e-02	1.258452682849346971e-01	0.000000000000000000e+00
1.109752496412069864e-11	7.031523822701385429e-01	1.461230789068406821e+01	7.105601917329035233e-02	1.267116735800241367e-01	0.000000000000000000e+00
1.162322468679854125e-11	7.228344137358491128e-01	1.460820911477705231e+01	7.306545259462365882e-02	1.274458026610939543e-01	0.000000000000000000e+00
1.217382727739662020e-11	7.428749001317592748e-01	1.460489043529253372e+01	7.510824541156924106e-02	1.280486507209429581e-01	0.000000000000000000e+00
1.275051240713012859e-11	7.632708723508699888e-01	1.460225251144822423e+01	7.718431782150461662e-02	1.285215133261680964e-01	0.000000000000000000e+00
1.335451562929897339e-11	7.840188078842015296e-01	1.460020029572749323e+01	7.929355740915358663e-02	1.288659976440598154e-01	0.000000000000000000e+00
1.398713102647241439e-11	8.051147458158904868e-01	1.459864275104084541e+01	8.143583148463688637e-02	1.290839645306428307e-01	0.000000000000000000e+00
1.464971398307287854e-11	8.265541900686501631e-01	1.459749258940252759e+01	8.361097799429306754e-02	1.291775614220157520e-01	0.000000000000000000e+00
1.534368408930013065e-11	8.483320016851992884e-01	1.459666602336168673e+01	8.581879533826866635e-02	1.291491747299716719e-01	0.000000000000000000e+00
1.607052818261638620e-11	8.704423800482661289e-01	1.459608254506014724e+01	8.805904111051898742e-02	1.290014047963423949e-01	0.000000000000000000e+00
1.683180353330955093e-11	8.928788457561445124e-01	1.459566473060515968e+01	9.033143092667587915e-02	1.287370770949361753e-01	0.000000000000000000e+00
1.762914118095944293e-11	9.156342254877067877e-01	1.459533806783963428e+01	9.263563736246573088e-02	1.283591939084052502e-01	0.000000000000000000e+00
1.846424942895546448e-11	9.387006386415447379e-01	1.459503080807059661e+01	9.497128895460636711e-02	1.278709742003659444e-01	0.000000000000000000e+00
1.933891750455232057e-11	9.620694857061149463e-01	1.459467383194167667e+01	9.733796930063579045e-02	1.272757825385193720e-01	0.000000000000000000e+00
2.025501939230666486e-11	9.857314386546836005e-01	1.459420053274440576e+01	9.973521625019439452e-02	1.265771377812604515e-01	0.000000000000000000e+00
2.121451784910627571e-11	1.009676433577926691e+00	1.459354672045281909e+01	1.021625211670663808e-01	1.257787230650449506e-01	0.000000000000000000e+00
2.221946860939528424e-11	1.033893665452459532e+00	1.459265053145730917e+01	1.046193283354229231e-01	1.248843198650702313e-01	0.000000000000000000e+00
2.327202478960412005e-11	1.058371555461511404e+00	1.459145233181538082e+01	1.071050315988560792e-01	1.238978442046092809e-01	0.000000000000000000e+00
2.437444150122221807e-11	1.083097677673556580e+00	1.458989453944916725e+01	1.096189674625523691e-01	1.228232571215312208e-01	0.000000000000000000e+00
2.552908068239516723e-11	1.108058738870880022e+00	1.458792147464474453e+01	1.121604134056402441e-01	1.216646283264210399e-01	0.000000000000000000e+00
2.673841615839943880e-11	1.133240586931742788e+00	1.458547926892792468e+01	1.147285886470101185e-01	1.204263230328560391e-01	0.000000000000000000e+00
2.800503894183625342e-11	1.158628215940054718e+00	1.458251580441768702e+01	1.173226542973708347e-01	1.191122386328128807e-01	0.000000000000000000e+00
2.933166278390048099e-11	1.184205786755218259e+00	1.457898067329350411e+01	1.199417148406258932e-01	1.177269757766413599e-01	0.000000000000000000e+00
3.072112998861759207e-11	1.209956639058598959e+00	1.457482516484494184e+01	1.225848184276229352e-01	1.162745690004417937e-01	0.000000000000000000e+00
3.217641750250735458e-11	1.235863317893179048e+00	1.457000224216168149e+01	1.252509586025304933e-01	1.147594127439049844e-01	0.000000000000000000e+00
3.370064329271925032e-11	1.261907597788638924e+00	1.456446657181464488e+01	1.279390752063416237e-01	1.131858349924214913e-01	0.000000000000000000e+00
3.529707302730657668e-11	1.288070513019786478e+00	1.455817448810321757e+01	1.306480563161028230e-01	1.115581516533464129e-01	0.000000000000000000e+00
3.696912707195032437e-11	1.314332381208212386e+00	1.455108405925697923e+01	1.333767384755797647e-01	1.098806625818458393e-01	0.000000000000000000e+00
3.872038781812557004e-11	1.340672615767831921e+00	1.454315510632580555e+01	1.361238857117472167e-01	1.081576585246981359e-01	0.000000000000000000e+00
4.055460735840827506e-11	1.367069626484318512e+00	1.453434909392057861e+01	1.388881784872084690e-01	1.063934123598625353e-01	0.000000000000000000e+00
4.247571552536894126e-11	1.393500968278092333e+00	1.452462895473095372e+01	1.416682284459219177e-01	1.045921562326829202e-01	0.000000000000000000e+00
4.448782831127576069e-11	1.419943401469841326e+00	1.451395905443862944e+01	1.444625828502193177e-01	1.027580640870750933e-01	0.000000000000000000e+00
4.659525668664686662e-11	1.446372955668534077e+00	1.450230517831905175e+01	1.472697290683843141e-01	1.008952303573249359e-01	0.000000000000000000e+00
4.880251583654433574e-11	1.472764998148247573e+00	1.448963459167468848e+01	1.500880986380984938e-01	9.900770868927591395e-02	0.000000000000000000e+00
5.111433483440165318e-11	1.499094308924712182e+00	1.447591605341958143e+01	1.529160723092480578e-01	9.709942451252133455e-02	0.000000000000000000e+00
5.353566677410718816e-11	1.525335159286909548e+00	1.446111988890345401e+01	1.557519846698050270e-01	9.517425041888716297e-02	0.000000000000000000e+00
5.607169938205469661e-11	1.551461394372827929e+00	1.444521805308997919e+01	1.585941290960760364e-01	9.323591667916548975e-02	0.000000000000000000e+00
5.872786613189488850e-11	1.577446518839825229e+00	1.442818419863649027e+01	1.614407627929045630e-01	9.128806727022555079e-02	0.000000000000000000e+00
6.150985788580503926e-11	1.603263752722091873e+00	1.440999375928223536e+01	1.642901084385361421e-01	8.933422966725669545e-02	0.000000000000000000e+00
6.442363508721370414e-11	1.628885785515081785e+00	1.439062419679244798e+01	1.671403227660881730e-01	8.737782009681041573e-02	0.000000000000000000e+00
6.747544053110686101e-11	1.654284799354143187e+00	1.437005482272659762e+01	1.699894971565318602e-01	8.542216095687528432e-02	0.000000000000000000e+00
7.067181273927477085e-11	1.679432658825569247e+00	1.434826662160116939e+01	1.728356754417866015e-01	8.347043893290992389e-02	0.000000000000000000e+00
7.401959996915652408e-11	1.704301027982777939e+00	1.432524224560167347e+01	1.756768623490301273e-01	8.152570872210064545e-02	0.000000000000000000e+00
7.752597488629464062e-11	1.728861487868855296e+00	1.430096603228511043e+01	1.785110316968261945e-01	7.959086194676309733e-02	0.000000000000000000e+00
8.119844993184008328e-11	1.753085662801021405e+00	1.427542407729901974e+01	1.813361347770870435e-01	7.766868922477063175e-02	0.000000000000000000e+00
8.504489341802668113e-11	1.776945344263645810e+00	1.424860429362196257e+01	1.841501086012002075e-01	7.576179161420647235e-02	0.000000000000000000e+00
8.907354638610458163e-11	1.800412616412223832e+00	1.422049649293131424e+01	1.869508839993668792e-01	7.387262525233964650e-02	0.000000000000000000e+00
9.329304026284695888e-11	1.823459979702361844e+00	1.419109246672406499e+01	1.897363935025141168e-01	7.200349947041907728e-02	0.000000000000000000e+00
9.771241535346501225e-11	1.846060470065884473e+00	1.416038607198173160e+01	1.925045786965778882e-01	7.015659283052236295e-02	0.000000000000000000e+00
1.023411402105452712e-10	1.868187672959116918e+00	1.412837338495636708e+01	1.952533856612244934e-01	6.833379145248459630e-02	0.000000000000000000e+00
1.071891319205126445e-10	1.889815594597079373e+00	1.409505278734185652e+01	1.979807461892902909e-01	6.653716236367049341e-02	0.000000000000000000e+00
1.122667773510811312e-10	1.910918740403406257e+00	1.406042475112557000e+01	2.006845847357200674e-01	6.476825809026315328e-02	0.000000000000000000e+00
1.175849554052158201e-10	1.931472240845655719e+00	1.402449177392597157e+01	2.033628285584352102e-01	6.302870659504650197e-02	0.000000000000000000e+00
1.231550603292826197e-10	1.951451981314277662e+00	1.398725837799854510e+01	2.060134176307928111e-01	6.131993494148411938e-02	0.000000000000000000e+00
1.289890261253308184e-10	1.970834734647042064e+00	1.394873114192538566e+01	2.086343145807384725e-01	5.964321833914004028e-02	0.000000000000000000e+00
1.350993521198024986e-10	1.989598286459614229e+00	1.390891874225816949e+01	2.112235139449117893e-01	5.799969825117134298e-02	0.000000000000000000e+00
1.414991297434578731e-10	2.007721554426075361e+00	1.386783201075577132e+01	2.137790507765369163e-01	5.639038065801595112e-02	0.000000000000000000e+00
1.482020705798860072e-10	2.025184701453839775e+00	1.382548398599866424e+01	2.162990089293443940e-01	5.481611644010503381e-02	0.000000000000000000e+00
1.552225357427047968e-10	2.041969252882901653e+00	1.378188992468563079e+01	2.187815306828028439e-01	5.327763503989008803e-02	0.000000000000000000e+00
1.625755666443793407e-10	2.058058215935170132e+00	1.373706704589669414e+01	2.212248312777484183e-01	5.177551597467469624e-02	0.000000000000000000e+00
1.702769172225897821e-10	2.073435875710806897e+00	1.369103472907023722e+01	2.236271719323871254e-01	5.031024547470266256e-02	0.000000000000000000e+00
1.783430876931905687e-10	2.088087748775244279e+00	1.364381457185088031e+01	2.259868516987083575e-01	4.888218182819423219e-02	0.000000000000000000e+00
1.867913599020784805e-10	2.102000670348095124e+00	1.359543031586881590e+01	2.283022160249304211e-01	4.749159019806249715e-02	0.000000000000000000e+00
1.956398343517064725e-10	2.115162883852437226e+00	1.354590782160278373e+01	2.305716652130505862e-01	4.613864941438125533e-02	0.000000000000000000e+00
2.049074689815846066e-10	2.127564120944258619e+00	1.349527505734127608e+01	2.327936620323008965e-01	4.482337576031663468e-02	0.000000000000000000e+00
2.146141197858401440e-10	2.139195677943872553e+00	1.344356210793472073e+01	2.349667390189714711e-01	4.354579398447969846e-02	0.000000000000000000e+00
2.247805833548729991e-10	2.150050473780653171e+00	1.339080116805773280e+01	2.370895044310439570e-01	4.230577530638542777e-02	0.000000000000000000e+00
2.354286414322420067e-10	2.160123138076096794e+00	1.333702638115584449e+01	2.391606547251043380e-01	4.110311741225985277e-02	0.000000000000000000e+00
2.465811075822603842e-10	2.169410136512747389e+00	1.328227283127776737e+01	2.411790072928229611e-01	3.993754163106029431e-02	0.000000000000000000e+00
2.582618760682674929e-10	2.177909461259635027e+00	1.322657726298218961e+01	2.431434548805694318e-01	3.880867953357885342e-02	0.000000000000000000e+00
2.704959730463131364e-10	2.185620518473648577e+00	1.316997842777724337e+01	2.450529475045697680e-01	3.771611957266180620e-02	0.000000000000000000e+00
2.833096101839318258e-10	2.192544159613582178e+00	1.311251698857317471e+01	2.469064983590236184e-01	3.665940360884323984e-02	0.000000000000000000e+00
2.967302408188872501e-10	2.198682705760028000e+00	1.305423542752471811e+01	2.487031893539132232e-01	3.563802866983190737e-02	0.000000000000000000e+00
3.107866187782014063e-10	2.204039972689133986e+00	1.299517800458360384e+01	2.504421762335587998e-01	3.465144675188738116e-02	0.000000000000000000e+00
3.255088599835056406e-10	2.208621283399756940e+00	1.293539069976348088e+01	2.521226929990922905e-01	3.369907607153083129e-02	0.000000000000000000e+00
3.409285069746807543e-10	2.212433482706749110e+00	1.287492104328307363e+01	2.537440591886143126e-01	3.278029700271017921e-02	0.000000000000000000e+00
3.570785964900469852e-10	2.215484970485455563e+00	1.281381646584777911e+01	2.553057193618639142e-01	3.189443858171035068e-02	0.000000000000000000e+00
3.739937302478801677e-10	2.217785487867351968e+00	1.275212487999188937e+01	2.568072115842197078e-01	3.104079246356898289e-02	0.000000000000000000e+00
3.917101490809260641e-10	2.219345962570467456e+00	1.268989567317072087e+01	2.582481332125833307e-01	3.021865628265923281e-02	0.000000000000000000e+00
4.102658105827190344e-10	2.220178504199270986e+00	1.262717965923902952e+01	2.596281440958052023e-01	2.942727882477029142e-02	0.000000000000000000e+00
4.297004704320835313e-10	2.220296370210665504e+00	1.256402893499241458e+01	2.609469686007869216e-01	2.866595397389224906e-02	0.000000000000000000e+00
4.500557675700488183e-10	2.219713956408370770e+00	1.250049680352310411e+01	2.622043994490278473e-01	2.793393220153721559e-02	0.000000000000000000e+00
4.713753134116729086e-10	2.218446768058991214e+00	1.243663768065658104e+01	2.634002999221499164e-01	2.723047275687574820e-02	0.000000000000000000e+00
4.937047852839003559e-10	2.216511360890383919e+00	1.237250624612315164e+01	2.645346188775962171e-01	2.655483553151592388e-02	0.000000000000000000e+00
5.170920242896755486e-10	2.213925164131132828e+00	1.230815574535289159e+01	2.656074109774519965e-01	2.590624200452919593e-02	0.000000000000000000e+00
5.415871378079465267e-10	2.210706396932812012e+00	1.224363992515748301e+01	2.666187905780459388e-01	2.528393645022618610e-02	0.000000000000000000e+00
5.672426068491988835e-10	2.206874017027117052e+00	1.217901332834421702e+01	2.675689231180131689e-01	2.468717300328119105e-02	0.000000000000000000e+00
5.941133984965039838e-10	2.202447692729214257e+00	1.211433120792631968e+01	2.684580274137560729e-01	2.411518797863733757e-02	0.000000000000000000e+00
6.222570836730231313e-10	2.197447752589832604e+00	1.204964936949719956e+01	2.692863769808488406e-01	2.356728452420258843e-02	0.000000000000000000e+00
6.517339604882420571e-10	2.191895156212453788e+00	1.198502408085981052e+01	2.700543025861465440e-01	2.304274442704764073e-02	0.000000000000000000e+00
6.826071834272379248e-10	2.185811378811574279e+00	1.192051132960886939e+01	2.707621990543022661e-01	2.254086430132220750e-02	0.000000000000000000e+00
7.149428986597561750e-10	2.179218155277588664e+00	1.185616508528914004e+01	2.714105378258926393e-01	2.206094688005401025e-02	0.000000000000000000e+00
7.488103857590030225e-10	2.172137537930182827e+00	1.179203904846109729e+01	2.719998392257768072e-01	2.160230156658325684e-02	0.000000000000000000e+00
7.842822061337681836e-10	2.164591882305729520e+00	1.172818707702644936e+01	2.725306648106509688e-01	2.116426472621349766e-02	0.000000000000000000e+00
8.214343584919422200e-10	2.156603809973843600e+00	1.166466305739611897e+01	2.730036193637809805e-01	2.074619641457781452e-02	0.000000000000000000e+00
8.603464416684491388e-10	2.148196165938930591e+00	1.160152077580385566e+01	2.734193522330710113e-01	2.034746775857778148e-02	0.000000000000000000e+00
9.011018251665036851e-10	2.139391968251854514e+00	1.153881379072338653e+01	2.737785576389356601e-01	1.996748001756895596e-02	0.000000000000000000e+00
9.437878277775391497e-10	2.130214204039696302e+00	1.147659422131304652e+01	2.740819810465766060e-01	1.960563918610547587e-02	0.000000000000000000e+00
9.884959046625586031e-10	2.120685677296374028e+00	1.141491227259865049e+01	2.743304147833656725e-01	1.926136427015010671e-02	0.000000000000000000e+00
1.035321843295661502e-09	2.110829159689709744e+00	1.135381767217564253e+01	2.745246865448627838e-01	1.893410385711648963e-02	0.000000000000000000e+00
1.084365968689608688e-09	2.100667366852471574e+00	1.129335966324287277e+01	2.746656594729019463e-01	1.862331538186625876e-02	0.000000000000000000e+00
1.135733358343102889e-09	2.090222921607069129e+00	1.123358690406575633e+01	2.747542326708097282e-01	1.832847412215828087e-02	0.000000000000000000e+00
1.189534067370320724e-09	2.079518320835209266e+00	1.117454735922402875e+01	2.747913422784593607e-01	1.804911483394919941e-02	0.000000000000000000e+00
1.245883364295008068e-09	2.068575827433918324e+00	1.111628783301817336e+01	2.747779613201554727e-01	1.778473895739797472e-02	0.000000000000000000e+00
1.304901978014401580e-09	2.057417246136248323e+00	1.105885298212991863e+01	2.747150967935014232e-01	1.753487649984463229e-02	0.000000000000000000e+00
1.366716356462010101e-09	2.046064075428182694e+00	1.100228635456552340e+01	2.746037863087681941e-01	1.729908170673247203e-02	0.000000000000000000e+00
1.431458937523481393e-09	2.034537529259841548e+00	1.094663060730983872e+01	2.744450974775039520e-01	1.707695679242137235e-02	0.000000000000000000e+00
1.499268432786047049e-09	2.022858511923343983e+00	1.089192741326768044e+01	2.742401285876359673e-01	1.686806086616675707e-02	0.000000000000000000e+00
1.570290124729377524e-09	2.011047594480939615e+00	1.083821737988678358e+01	2.739900090211246919e-01	1.667199378655648268e-02	0.000000000000000000e+00
1.644676177994662829e-09	1.999124950027445280e+00	1.078553980977664395e+01	2.736958978552019861e-01	1.648845131198358252e-02	0.000000000000000000e+00
1.722585965398783835e-09	1.987110196328876421e+00	1.073393204615253183e+01	2.733589800136355663e-01	1.631700052265926126e-02	0.000000000000000000e+00
1.804186409392068039e-09	1.975022496801434047e+00	1.068343005664502421e+01	2.729804660256113236e-01	1.615732663550884310e-02	0.000000000000000000e+00
1.889652339691211477e-09	1.962880596184999993e+00	1.063406858656836640e+01	2.725615936437176812e-01	1.600908753953011673e-02	0.000000000000000000e+00
1.979166867853557524e-09	1.950702804105864940e+00	1.058588110284077821e+01	2.721036274554470835e-01	1.587198284375636315e-02	0.000000000000000000e+00
2.072921779595369695e-09	1.938506981036997701e+00	1.053889972328052060e+01	2.716078589858793579e-01	1.574570699395854909e-02	0.000000000000000000e+00
2.171117945694509622e-09	1.926310499148572886e+00	1.049315506881055704e+01	2.710756050431751829e-01	1.562996959634067873e-02	0.000000000000000000e+00
2.273965752357932151e-09	1.914130166946255152e+00	1.044867597997706454e+01	2.705082041705450524e-01	1.552450137168858747e-02	0.000000000000000000e+00
2.381685551976160644e-09	1.901982298965431584e+00	1.040548980970710957e+01	2.699070183491381059e-01	1.542904823407769375e-02	0.000000000000000000e+00
2.494508135230316413e-09	1.889882727198908929e+00	1.036362244034203428e+01	2.692734335085999464e-01	1.534332651655849131e-02	0.000000000000000000e+00
2.612675225563326382e-09	1.877846795904921207e+00	1.032309823939100113e+01	2.686088590856237635e-01	1.526710863084858663e-02	0.000000000000000000e+00
2.736439997074666368e-09	1.865889355378919978e+00	1.028394001827526871e+01	2.679147271439220601e-01	1.520020463050743287e-02	0.000000000000000000e+00
2.866067616948244470e-09	1.854024749068622357e+00	1.024616895948678597e+01	2.671924911412276171e-01	1.514234093850466700e-02	0.000000000000000000e+00
3.001835813575592210e-09	1.842266809112712345e+00	1.020980457871351099e+01	2.664436247684363601e-01	1.509332818691072435e-02	0.000000000000000000e+00
3.144035471591500167e-09	1.830628873552442082e+00	1.017486476277085927e+01	2.656696217436865237e-01	1.505295629272763655e-02	0.000000000000000000e+00
3.292971255097148186e-09	1.819123786320345326e+00	1.014136572953132109e+01	2.648719949874126511e-01	1.502103193862844993e-02	0.000000000000000000e+00
3.448962260405766611e-09	1.807763896537617931e+00	1.010932199035246803e+01	2.640522754421533724e-01	1.499736206572018990e-02	0.000000000000000000e+00
3.612342699709437910e-09	1.796561061439304385e+00	1.007874633603945114e+01	2.632120106226901179e-01	1.498175685635768500e-02	0.000000000000000000e+00
3.783462617131932968e-09	1.785526680472656391e+00	1.004964987660806131e+01	2.623527661724331383e-01	1.497404242725916199e-02	0.000000000000000000e+00
3.962688638701478467e-09	1.774671685662769116e+00	1.002204198320998962e+01	2.614761234491999042e-01	1.497404775915493758e-02	0.000000000000000000e+00
4.150404757850472502e-09	1.764006526746979997e+00	9.995930207263823419e+00	2.605836767430736445e-01	1.498159072892247395e-02	0.000000000000000000e+00
4.347013158125017173e-09	1.753541168143103679e+00	9.971320251790881883e+00	2.596770306940889284e-01	1.499651524911006957e-02	0.000000000000000000e+00
4.552935074866938773e-09	1.743285106860874345e+00	9.948215910210473467e+00	2.587578015191859815e-01	1.501864993956405527e-02	0.000000000000000000e+00
4.768611697714474181e-09	1.733247366322138605e+00	9.926619157837325957e+00	2.578276105922926997e-01	1.504783603526552507e-02	0.000000000000000000e+00
4.994505115855140358e-09	1.723436577468333786e+00	9.906530163930080235e+00	2.568880929971959493e-01	1.508390206914705586e-02	0.000000000000000000e+00
5.231099308056257792e-09	1.713860907723568028e+00	9.887947117841084932e+00	2.559408882294767484e-01	1.512669322492692786e-02	0.000000000000000000e+00
5.478901179593956120e-09	1.704528052513277103e+00	9.870866218508389522e+00	2.549876357850899833e-01	1.517604255786428324e-02	0.000000000000000000e+00
5.738441648302404521e-09	1.695445240075654114e+00	9.855281630500405399e+00	2.540299735308340634e-01	1.523179075726490382e-02	0.000000000000000000e+00
6.010276782070388176e-09	1.686619235898302760e+00	9.841185483062858452e+00	2.530695348706584746e-01	1.529376632413156217e-02	0.000000000000000000e+00
6.294988990221888141e-09	1.678056410714870994e+00	9.828567961173057199e+00	2.521079530915280031e-01	1.536180774320655869e-02	0.000000000000000000e+00
6.593188271333541710e-09	1.669762714100052614e+00	9.817417199142367323e+00	2.511468566757635856e-01	1.543573503202360156e-02	0.000000000000000000e+00
6.905513520162316861e-09	1.661743642722130154e+00	9.807719205387671835e+00	2.501878629564986967e-01	1.551537892262925059e-02	0.000000000000000000e+00
7.232633896483518810e-09	1.654004207562296935e+00	9.799457875734455925e+00	2.492325693447786650e-01	1.560055593694895971e-02	0.000000000000000000e+00
7.575250258771920716e-09	1.646548958190323875e+00	9.792614972798954653e+00	2.482825540723385405e-01	1.569108810011971000e-02	0.000000000000000000e+00
7.934096665797492339e-09	1.639382023070616201e+00	9.787170134153692302e+00	2.473393787275419142e-01	1.578677543174348066e-02	0.000000000000000000e+00
8.309941949353386453e-09	1.632507108911961380e+00	9.783100971471617058e+00	2.464045824498976300e-01	1.588743068082851609e-02	0.000000000000000000e+00
8.703591361485183753e-09	1.625927471131989321e+00	9.780382924189790828e+00	2.454796780974370651e-01	1.599284705456435057e-02	0.000000000000000000e+00
9.115888299750837812e-09	1.619645885408274477e+00	9.778989316290218170e+00	2.445661435595134214e-01	1.610281176117269591e-02	0.000000000000000000e+00
9.547716114208065503e-09	1.613664651402856531e+00	9.778891404385126052e+00	2.436654183413624608e-01	1.621711370593997489e-02	0.000000000000000000e+00
1.000000000000000021e-08	1.607985601328747460e+00	9.780058401751015040e+00	2.427789016960005264e-01	1.633552492543917725e-02	0.000000000000000000e+00
