pc	M	R	C	k2	j3
9.999999999999999799e-13	9.238239820727045526e-02	2.745416960163135656e+01	4.968795866162845250e-03	1.547364617904301801e-03	0.000000000000000000e+00
1.047370897959448749e-12	9.631578840510063300e-02	2.555523809406273017e+01	5.565289841731569168e-03	1.933649904683181842e-03	0.000000000000000000e+00
1.096985797892381920e-12	1.004144735509261699e-01	2.399133386220755071e+01	6.180336992709770105e-03	2.437515110607050769e-03	0.000000000000000000e+00
1.148951000187311009e-12	1.046836991650841042e-01	2.268395185873981035e+01	6.814446383518981375e-03	3.077560310653694627e-03	0.000000000000000000e+00
1.203377840777590522e-12	1.091291516484384216e-01	2.157736626050665407e+01	7.468142233320413000e-03	3.870516262653434219e-03	0.000000000000000000e+00
1.260382929679727463e-12	1.137568644352280195e-01	2.063093483815602980e+01	8.141959550044436042e-03	4.831054478292736570e-03	0.000000000000000000e+00
1.320088400831416649e-12	1.185731449866586767e-01	1.981432394188297863e+01	8.836439638839801991e-03	5.971664479981486640e-03	0.000000000000000000e+00
1.382622173764653478e-12	1.235845143803000340e-01	1.910443766019214351e+01	9.552125761635161041e-03	7.302578971375581207e-03	0.000000000000000000e+00
1.448118227674535917e-12	1.287976535957482960e-01	1.848338160614451553e+01	1.028955886981050387e-02	8.831678817851110544e-03	0.000000000000000000e+00
1.516716888470924089e-12	1.342193520044051291e-01	1.793707643792993522e+01	1.104927325147027524e-02	1.056443302270843390e-02	0.000000000000000000e+00
1.588565129428052692e-12	1.398564560637962917e-01	1.745429149735193164e+01	1.183179208702749355e-02	1.250396927817102460e-02	0.000000000000000000e+00
1.663816886076127415e-12	1.457158146416270283e-01	1.702595724923067877e+01	1.263762269534321817e-02	1.465096961123169700e-02	0.000000000000000000e+00
1.742633386009647278e-12	1.518042218982014191e-01	1.664466696460337403e+01	1.346725164033692884e-02	1.700386473722933015e-02	0.000000000000000000e+00
1.825183494319046040e-12	1.581283544327660995e-01	1.630430959735689100e+01	1.432113943125514106e-02	1.955879451542288233e-02	0.000000000000000000e+00
1.911644075385703708e-12	1.646947035817103999e-01	1.599979512013727145e+01	1.519971505655612169e-02	2.230976218914038425e-02	0.000000000000000000e+00
2.002200371815584363e-12	1.715095001321062795e-01	1.572684641262966743e+01	1.610336996492010841e-02	2.524876157507760510e-02	0.000000000000000000e+00
2.097046401323230665e-12	1.785785131590116037e-01	1.548184343671818652e+01	1.703243602978030125e-02	2.836582250931074176e-02	0.000000000000000000e+00
2.196385372416542332e-12	1.859069575211143577e-01	1.526169846528895846e+01	1.798717706220711102e-02	3.164914851308466698e-02	0.000000000000000000e+00
2.300430119772921506e-12	1.935000872862242260e-01	1.506374323218068767e+01	1.896786700801078931e-02	3.508566675157559489e-02	0.000000000000000000e+00
2.409403560239526876e-12	2.013632914241518523e-01	1.488565908551408690e+01	1.997480130746671564e-02	3.866116510052974853e-02	0.000000000000000000e+00
2.523539170434765862e-12	2.095020883658207655e-01	1.472542296593693578e+01	2.100829530079980148e-02	4.236064453593026830e-02	0.000000000000000000e+00
2.643081486974102692e-12	2.179221219255813580e-01	1.458126279961942373e+01	2.206868301407967706e-02	4.616847138644242926e-02	0.000000000000000000e+00
2.768286630392061017e-12	2.266291583019041100e-01	1.445162054521517625e+01	2.315631618935857367e-02	5.006858731760829850e-02	0.000000000000000000e+00
2.899422853882880921e-12	2.356290829795070207e-01	1.433512146358369854e+01	2.427156337720725796e-02	5.404468108228231704e-02	0.000000000000000000e+00
3.036771118035460378e-12	2.449278976415775189e-01	1.423054843316593754e+01	2.541480910544530528e-02	5.808036527844735036e-02	0.000000000000000000e+00
3.180625692794118977e-12	2.545317171421920266e-01	1.413682041675962253e+01	2.658645306188803584e-02	6.215930494094602798e-02	0.000000000000000000e+00
3.331294787934670055e-12	2.644467652951065784e-01	1.405297428482536048e+01	2.778690924267925022e-02	6.626542294803301758e-02	0.000000000000000000e+00
3.489101213406766494e-12	2.746793714504194850e-01	1.397814948195433260e+01	2.901660511344439017e-02	7.038282267358958455e-02	0.000000000000000000e+00
3.654383070957261569e-12	2.852359646813771854e-01	1.391157493189546912e+01	3.027598067971343926e-02	7.449629922478499811e-02	0.000000000000000000e+00
3.827494478516314936e-12	2.961230631083265341e-01	1.385255796161733244e+01	3.156548685500779744e-02	7.859079297725353463e-02	0.000000000000000000e+00
4.008806328898464320e-12	3.073470501879403960e-01	1.380047551831407127e+01	3.288555936018558445e-02	8.265197333088847298e-02	0.000000000000000000e+00
4.198707084443905621e-12	3.189139669170134583e-01	1.375476567737179145e+01	3.423659602986535433e-02	8.666595156055539872e-02	0.000000000000000000e+00
4.397603609302712498e-12	3.308296153345751112e-01	1.371491858850574452e+01	3.561897199063996516e-02	9.061944494097839975e-02	0.000000000000000000e+00
4.605922041145112927e-12	3.430995396312114254e-01	1.368046985049197772e+01	3.703303938480045215e-02	9.449978313383075590e-02	0.000000000000000000e+00
4.824108704165373984e-12	3.557289902934656078e-01	1.365099483004840586e+01	3.847912541723818441e-02	9.829505299416387010e-02	0.000000000000000000e+00
5.052631065335679604e-12	3.687228877667834692e-01	1.362610386234142013e+01	3.995753021483052642e-02	1.019940052154330451e-01	0.000000000000000000e+00
5.291978735958436557e-12	3.820857836350999848e-01	1.360543809189683451e+01	4.146852456431001505e-02	1.055861426977813822e-01	0.000000000000000000e+00
5.542664520663095602e-12	3.958218195923827731e-01	1.358866581388631367e+01	4.301234769226713189e-02	1.090617320896062753e-01	0.000000000000000000e+00
5.805225516094907684e-12	4.099346867450994192e-01	1.357547944450461053e+01	4.458920470996059066e-02	1.124117956630041604e-01	0.000000000000000000e+00
6.080224261649427052e-12	4.244275817042357235e-01	1.356559271142490530e+01	4.619926436152117094e-02	1.156281088744516294e-01	0.000000000000000000e+00
6.368249944718585906e-12	4.393031627341716927e-01	1.355873831615329017e+01	4.784265648631824686e-02	1.187032220107054337e-01	0.000000000000000000e+00
6.669919663030115058e-12	4.545635049063474487e-01	1.355466584664352681e+01	4.951946960100522821e-02	1.216304834317122191e-01	0.000000000000000000e+00
6.985879746785234820e-12	4.702100600144049070e-01	1.355313995568276297e+01	5.122974904798559964e-02	1.244039440202888147e-01	0.000000000000000000e+00
7.316807143427207274e-12	4.862437239741684292e-01	1.355393885245663022e+01	5.297350656417087328e-02	1.270184470083711714e-01	0.000000000000000000e+00
7.663410868007462274e-12	5.026649220279236774e-01	1.355685329027623709e+01	5.475073053182844679e-02	1.294696161549077906e-01	0.000000000000000000e+00
8.026433522257174683e-12	5.194735727702267658e-01	1.356168570665687412e+01	5.656138277215839311e-02	1.317538177267437161e-01	0.000000000000000000e+00
8.406652885618316356e-12	5.366690558688643753e-01	1.356824931872250239e+01	5.840539622770948847e-02	1.338681534203192414e-01	0.000000000000000000e+00
8.804883581643446547e-12	5.542501837056241776e-01	1.357636733415455055e+01	6.028267292745739803e-02	1.358104619652690526e-01	0.000000000000000000e+00
9.221978823334340144e-12	5.722151714735798089e-01	1.358587218298416666e+01	6.219308199970510070e-02	1.375792039750405593e-01	0.000000000000000000e+00
9.658832241158709141e-12	5.905616090568630572e-01	1.359660483051888846e+01	6.413645782213553415e-02	1.391735218874041169e-01	0.000000000000000000e+00
1.011637979766206976e-11	6.092864336496687239e-01	1.360841415435098689e+01	6.611259822756840321e-02	1.405932235427017896e-01	0.000000000000000000e+00
1.059560179277614774e-11	6.283859035607023413e-01	1.362115637412646052e+01	6.812126283152261652e-02	1.418386650099250357e-01	0.000000000000000000e+00
1.109752496412069864e-11	6.478555725249768305e-01	1.363469454949228243e+01	7.016217129680113462e-02	1.429107835427738393e-01	0.000000000000000000e+00
1.162322468679854125e-11	6.676902666780447637e-01	1.364889811191977209e+01	7.223500189892470558e-02	1.438110649494284687e-01	0.000000000000000000e+00
1.217382727739662020e-11	6.878840823154015460e-01	1.366364247852375158e+01	7.433939206802227251e-02	1.445414769987236892e-01	0.000000000000000000e+00
1.275051240713012859e-11	7.084306017715779058e-01	1.367880882741880022e+01	7.647496167539365175e-02	1.451044832752592939e-01	0.000000000000000000e+00
1.335451562929897339e-11	7.293227808848414817e-01	1.369428365129047442e+01	7.864130198635137237e-02	1.455029791319867871e-01	0.000000000000000000e+00
1.398713102647241439e-11	7.505527493085469848e-01	1.370995825075613439e+01	8.083795583214394009e-02	1.457402644038051920e-01	0.000000000000000000e+00
1.464971398307287854e-11	7.721117938747383835e-01	1.372572843027060863e+01	8.306441664160636729e-02	1.458199685420016878e-01	0.000000000000000000e+00
1.534368408930013065e-11	7.939903458582215912e-01	1.374149423542592174e+01	8.532012771835621734e-02	1.457461038568336753e-01	0.000000000000000000e+00
1.607052818261638620e-11	8.161779735379874889e-01	1.375715973892379829e+01	8.760448182358121505e-02	1.455229564994394986e-01	0.000000000000000000e+00
1.683180353330955093e-11	8.386633746153273616e-01	1.377263281535359418e+01	8.991682081719640229e-02	1.451551143361023977e-01	0.000000000000000000e+00
1.762914118095944293e-11	8.614343772734979199e-01	1.378782504648964036e+01	9.225643536588158666e-02	1.446474227862423190e-01	0.000000000000000000e+00
1.846424942895546448e-11	8.844779387503302059e-01	1.380265151426212356e+01	9.462256503895251358e-02	1.440048875817859508e-01	0.000000000000000000e+00
1.933891750455232057e-11	9.077801507874744269e-01	1.381703072883231798e+01	9.701439818768922696e-02	1.432328134367453487e-01	0.000000000000000000e+00
2.025501939230666486e-11	9.313262543382417880e-01	1.383088452159284643e+01	9.943107292617246740e-02	1.423366254811525011e-01	0.000000000000000000e+00
2.121451784910627571e-11	9.551008835723200363e-01	1.384413809597908163e+01	1.018717012987778309e-01	1.413218809555860378e-01	0.000000000000000000e+00
2.221946860939528424e-11	9.790881746627885240e-01	1.385671994728816969e+01	1.043353796231514391e-01	1.401942561450309765e-01	0.000000000000000000e+00
2.327202478960412005e-11	1.003271477205285978e+00	1.386856158092534130e+01	1.068211579109520498e-01	1.389595109885383428e-01	0.000000000000000000e+00
2.437444150122221807e-11	1.027633350120239264e+00	1.387959744011008745e+01	1.093280381704448412e-01	1.376234661739775267e-01	0.000000000000000000e+00
2.552908068239516723e-11	1.052155589782406198e+00	1.388976485806573891e+01	1.118549758218187196e-01	1.361919879688928137e-01	0.000000000000000000e+00
2.673841615839943880e-11	1.076819259540078288e+00	1.389900403638711524e+01	1.144008808888291040e-01	1.346709886161537306e-01	0.000000000000000000e+00
2.800503894183625342e-11	1.101604724167735805e+00	1.390725802265998468e+01	1.169646195402011118e-01	1.330663473103557148e-01	0.000000000000000000e+00
2.933166278390048099e-11	1.126491688658872281e+00	1.391447270406606052e+01	1.195450157771093536e-01	1.313839915480122800e-01	0.000000000000000000e+00
3.072112998861759207e-11	1.151459238154563636e+00	1.392059681810469485e+01	1.221408529003304433e-01	1.296297012806981175e-01	0.000000000000000000e+00
3.217641750250735458e-11	1.176485892362598706e+00	1.392558191194132178e+01	1.247508767703226634e-01	1.278093346090169447e-01	0.000000000000000000e+00
3.370064329271925032e-11	1.201549674931376099e+00	1.392938243475228965e+01	1.273737992934811381e-01	1.259286315514996091e-01	0.000000000000000000e+00
3.529707302730657668e-11	1.226628431718833179e+00	1.393195566439576538e+01	1.300083295510592041e-01	1.239932241584449785e-01	0.000000000000000000e+00
3.696912707195032437e-11	1.251699659437820911e+00	1.393326148670810127e+01	1.326531543415562509e-01	1.220086144036202358e-01	0.000000000000000000e+00
3.872038781812557004e-11	1.276740358122218089e+00	1.393326240483918710e+01	1.353069191501940771e-01	1.199802395907839381e-01	0.000000000000000000e+00
4.055460735840827506e-11	1.301727108937171584e+00	1.393192341531489475e+01	1.379682341673999502e-01	1.179133768626453999e-01	0.000000000000000000e+00
4.247571552536894126e-11	1.326636135505573133e+00	1.392921201969388889e+01	1.406356771856785703e-01	1.158131810194245742e-01	0.000000000000000000e+00
4.448782831127576069e-11	1.351443365412225317e+00	1.392509835891335968e+01	1.433077951050434895e-01	1.136846796243668190e-01	0.000000000000000000e+00
4.659525668664686662e-11	1.376124517632304256e+00	1.391955507743868736e+01	1.459831107420103968e-01	1.115326928944162105e-01	0.000000000000000000e+00
4.880251583654433574e-11	1.400655158901510822e+00	1.391255747742204107e+01	1.486601233005595546e-01	1.093619465674458557e-01	0.000000000000000000e+00
5.111433483440165318e-11	1.425010797616923064e+00	1.390408342600225744e+01	1.513373152377859021e-01	1.071769504620845304e-01	0.000000000000000000e+00
5.353566677410718816e-11	1.449166962880311216e+00	1.389411351602710631e+01	1.540131547853228478e-01	1.049820577907490532e-01	0.000000000000000000e+00
5.607169938205469661e-11	1.473099438806308337e+00	1.388263082430944628e+01	1.566861192817694814e-01	1.027814207526087514e-01	0.000000000000000000e+00
5.872786613189488850e-11	1.496784120793517747e+00	1.386962084665904626e+01	1.593546765778120766e-01	1.005790002927194476e-01	0.000000000000000000e+00
6.150985788580503926e-11	1.520196930719450501e+00	1.385507142471531061e+01	1.620172727631314091e-01	9.837857155005855225e-02	0.000000000000000000e+00
6.442363508721370414e-11	1.543313894494997118e+00	1.383897272356762365e+01	1.646723365777279235e-01	9.618372397525663808e-02	0.000000000000000000e+00
6.747544053110686101e-11	1.566111229904306734e+00	1.382131725621869123e+01	1.673182843685508681e-01	9.399786341777986720e-02	0.000000000000000000e+00
7.067181273927477085e-11	1.588565438578181332e+00	1.380209985521321414e+01	1.699535261223173166e-01	9.182420073471903033e-02	0.000000000000000000e+00
7.401959996915652408e-11	1.610653391569824899e+00	1.378131771888503998e+01	1.725764699531806001e-01	8.966574790227341274e-02	0.000000000000000000e+00
7.752597488629464062e-11	1.632352415833906445e+00	1.375897041255871400e+01	1.751855272589775414e-01	8.752533599187971303e-02	0.000000000000000000e+00
8.119844993184008328e-11	1.653640382006196230e+00	1.373505988916691578e+01	1.777791178433086872e-01	8.540559552504312091e-02	0.000000000000000000e+00
8.504489341802668113e-11	1.674495829014925663e+00	1.370959044473907262e+01	1.803556799386251408e-01	8.330898149885002102e-02	0.000000000000000000e+00
8.907354638610458163e-11	1.694898011793549264e+00	1.368256850077542097e+01	1.829136744754782662e-01	8.123773115082330576e-02	0.000000000000000000e+00
9.329304026284695888e-11	1.714826718836004904e+00	1.365400264200630254e+01	1.854515613765457260e-01	7.919391041555365329e-02	0.000000000000000000e+00
9.771241535346501225e-11	1.734262311087592101e+00	1.362390354813931559e+01	1.879678010456286297e-01	7.717945099615133864e-02	0.000000000000000000e+00
1.023411402105452712e-10	1.753185811780223924e+00	1.359228394441744747e+01	1.904608612916000032e-01	7.519606229317526980e-02	0.000000000000000000e+00
1.071891319205126445e-10	1.771578989334031684e+00	1.355915859034070081e+01	1.929292231873526720e-01	7.324532077369402816e-02	0.000000000000000000e+00
1.122667773510811312e-10	1.789424440267747718e+00	1.352454426053680336e+01	1.953713872414409580e-01	7.132863144301718195e-02	0.000000000000000000e+00
1.175849554052158201e-10	1.806705660869754926e+00	1.348845976206871988e+01	1.977858780380693515e-01	6.944724570103483208e-02	0.000000000000000000e+00
1.231550603292826197e-10	1.823407127064248456e+00	1.345092591753192934e+01	2.001712504755923938e-01	6.760224484162871694e-02	0.000000000000000000e+00
1.289890261253308184e-10	1.839514391630243217e+00	1.341196544053021000e+01	2.025260998128819434e-01	6.579458771062934863e-02	0.000000000000000000e+00
1.350993521198024986e-10	1.855014109345880069e+00	1.337160271086561636e+01	2.048490657663303016e-01	6.402505003116698568e-02	0.000000000000000000e+00
1.414991297434578731e-10	1.869893832327080618e+00	1.332986396703734577e+01	2.071388051527004170e-01	6.229431189353826226e-02	0.000000000000000000e+00
1.482020705798860072e-10	1.884142047158640532e+00	1.328677719688981718e+01	2.093939956133201996e-01	6.060291653661045025e-02	0.000000000000000000e+00
1.552225357427047968e-10	1.897748230805300418e+00	1.324237208856240677e+01	2.116133408049898357e-01	5.895129461570668833e-02	0.000000000000000000e+00
1.625755666443793407e-10	1.910702908416395340e+00	1.319667997657799674e+01	2.137955761959767775e-01	5.733976563037489205e-02	0.000000000000000000e+00
1.702769172225897821e-10	1.922997710246228786e+00	1.314973381537347485e+01	2.159394746571674240e-01	5.576854847850456348e-02	0.000000000000000000e+00
1.783430876931905687e-10	1.934625426021108208e+00	1.310156814893477240e+01	2.180438521571695376e-01	5.423774380164289588e-02	0.000000000000000000e+00
1.867913599020784805e-10	1.945580042428669998e+00	1.305221904942344224e+01	2.201075724166458858e-01	5.274737214187903006e-02	0.000000000000000000e+00
1.956398343517064725e-10	1.955856845367785812e+00	1.300172364035089423e+01	2.221295663773981410e-01	5.129734601266700000e-02	0.000000000000000000e+00
2.049074689815846066e-10	1.965452254355112949e+00	1.295012025376182407e+01	2.241088112623484951e-01	4.988749876572872582e-02	0.000000000000000000e+00
2.146141197858401440e-10	1.974363721692389273e+00	1.289744865420930253e+01	2.260443154257216480e-01	4.851758691917402999e-02	0.000000000000000000e+00
2.247805833548729991e-10	1.982589753284845102e+00	1.284374994258378777e+01	2.279351224737038994e-01	4.718731337293206179e-02	0.000000000000000000e+00
2.354286414322420067e-10	1.990129943140789726e+00	1.278906644254008285e+01	2.297803176405923131e-01	4.589631027527938528e-02	0.000000000000000000e+00
2.465811075822603842e-10	1.996984990410530791e+00	1.273344169977173657e+01	2.315790305257355852e-01	4.464417435806067314e-02	0.000000000000000000e+00
2.582618760682674929e-10	2.003156707272302217e+00	1.267692039226908207e+01	2.333304386515637763e-01	4.343044466590790381e-02	0.000000000000000000e+00
2.704959730463131364e-10	2.008648117208653883e+00	1.261954818055146355e+01	2.350337830624257274e-01	4.225455515373044424e-02	0.000000000000000000e+00
2.833096101839318258e-10	2.013463338498588051e+00	1.256137104002415406e+01	2.366883691575733251e-01	4.111598124662444592e-02	0.000000000000000000e+00
2.967302408188872501e-10	2.017607586705892242e+00	1.250243542388664153e+01	2.382935664613025362e-01	4.001408616892818126e-02	0.000000000000000000e+00
3.107866187782014063e-10	2.021087013885429773e+00	1.244278879098863477e+01	2.398487819823862666e-01	3.894823401093183007e-02	0.000000000000000000e+00
3.255088599835056406e-10	2.023908705147894338e+00	1.238247948208955229e+01	2.413534640084938343e-01	3.791776253455134138e-02	0.000000000000000000e+00
3.409285069746807543e-10	2.026080678746202235e+00	1.232155666008231165e+01	2.428071054006254448e-01	3.692198187689590266e-02	0.000000000000000000e+00
3.570785964900469852e-10	2.027611887685278891e+00	1.226007020009040183e+01	2.442092483398663472e-01	3.596017169836449728e-02	0.000000000000000000e+00
3.739937302478801677e-10	2.028512204405234609e+00	1.219807066426904107e+01	2.455594856622725364e-01	3.503167753287034919e-02	0.000000000000000000e+00
3.917101490809260641e-10	2.028792408219523669e+00	1.213560876903617292e+01	2.468574730266595851e-01	3.413570405392935686e-02	0.000000000000000000e+00
4.102658105827190344e-10	2.028464083683169328e+00	1.207273451359803751e+01	2.481029379675394053e-01	3.327154258881225013e-02	0.000000000000000000e+00
4.297004704320835313e-10	2.027539623427859983e+00	1.200949820777171517e+01	2.492956632448697085e-01	3.243833686369377439e-02	0.000000000000000000e+00
4.500557675700488183e-10	2.026031994373209688e+00	1.194595079826900808e+01	2.504354545418542299e-01	3.163540860863479215e-02	0.000000000000000000e+00
4.713753134116729086e-10	2.023954905119585757e+00	1.188214354443845977e+01	2.515221706315188266e-01	3.086198438091221005e-02	0.000000000000000000e+00
4.937047852839003559e-10	2.021322678453906452e+00	1.181812805870224814e+01	2.525557101230433421e-01	3.011731200465157451e-02	0.000000000000000000e+00
5.170920242896755486e-10	2.018150324981998534e+00	1.175395614336166794e+01	2.535360274619888887e-01	2.940062105319734762e-02	0.000000000000000000e+00
5.415871378079465267e-10	2.014453304789887156e+00	1.168967952443734148e+01	2.544631124115733223e-01	2.871117533488799778e-02	0.000000000000000000e+00
5.672426068491988835e-10	2.010247652840968069e+00	1.162534846372124342e+01	2.553370398382601159e-01	2.804826997164480695e-02	0.000000000000000000e+00
5.941133984965039838e-10	2.005549745489718649e+00	1.156101312073603005e+01	2.561579149817014289e-01	2.741107924831842971e-02	0.000000000000000000e+00
6.222570836730231313e-10	2.000376347342483374e+00	1.149672367998825884e+01	2.569258798372737185e-01	2.679894508959916252e-02	0.000000000000000000e+00
6.517339604882420571e-10	1.994744606033481027e+00	1.143253031766633221e+01	2.576411165793462410e-01	2.621113910020619192e-02	0.000000000000000000e+00
6.826071834272379248e-10	1.988672067153408607e+00	1.136848313312500913e+01	2.583038545149260456e-01	2.564693884579951830e-02	0.000000000000000000e+00
7.149428986597561750e-10	1.982176458029673904e+00	1.130463211657306921e+01	2.589143462494380432e-01	2.510571165552109504e-02	0.000000000000000000e+00
7.488103857590030225e-10	1.975275846306685734e+00	1.124102632504184562e+01	2.594729105247312040e-01	2.458675622556017598e-02	0.000000000000000000e+00
7.842822061337681836e-10	1.967988275588571812e+00	1.117771326194792358e+01	2.599799028820483082e-01	2.408941735196394596e-02	0.000000000000000000e+00
8.214343584919422200e-10	1.960331939471141594e+00	1.111474004391044268e+01	2.604357150108074781e-01	2.361304740188466256e-02	0.000000000000000000e+00
8.603464416684491388e-10	1.952325162751959775e+00	1.105215342461823447e+01	2.608407748764159373e-01	2.315703481362372390e-02	0.000000000000000000e+00
9.011018251665036851e-10	1.943986363733230416e+00	1.098999987805322398e+01	2.611955428179560390e-01	2.272077588385449862e-02	0.000000000000000000e+00
9.437878277775391497e-10	1.935334001478244081e+00	1.092832529960940313e+01	2.615005145274600373e-01	2.230368100697430189e-02	0.000000000000000000e+00
9.884959046625586031e-10	1.926386564240797572e+00	1.086717499198865156e+01	2.617562228277523495e-01	2.190518140656195004e-02	0.000000000000000000e+00
1.035321843295661502e-09	1.917162367223493424e+00	1.080659264488756932e+01	2.619632377429663705e-01	2.152472583910114076e-02	0.000000000000000000e+00
1.084365968689608688e-09	1.907679595345143531e+00	1.074662078491221529e+01	2.621221643525155631e-01	2.116176824322573216e-02	0.000000000000000000e+00
1.135733358343102889e-09	1.897956341292706961e+00	1.068730139857077965e+01	2.622336354600682262e-01	2.081580268028842065e-02	0.000000000000000000e+00
1.189534067370320724e-09	1.888010587846869370e+00	1.062867580221475627e+01	2.622983146810334287e-01	2.048631756210646249e-02	0.000000000000000000e+00
1.245883364295008068e-09	1.877860201965471987e+00	1.057078465966349867e+01	2.623168974974542933e-01	2.017285842782874997e-02	0.000000000000000000e+00
1.304901978014401580e-09	1.867522872112679089e+00	1.051366781633991110e+01	2.622901088259774749e-01	1.987492098591789325e-02	0.000000000000000000e+00
1.366716356462010101e-09	1.857016013827735845e+00	1.045736377760976055e+01	2.622187048057883496e-01	1.959208914863110745e-02	0.000000000000000000e+00
1.431458937523481393e-09	1.846356719778477595e+00	1.040190957608059108e+01	2.621034709806689400e-01	1.932392719158428779e-02	0.000000000000000000e+00
1.499268432786047049e-09	1.835561851310181458e+00	1.034734146926538401e+01	2.619452194028499270e-01	1.907001685418873924e-02	0.000000000000000000e+00
1.570290124729377524e-09	1.824648025701824938e+00	1.029369491483281251e+01	2.617447889495362889e-01	1.882996617143653517e-02	0.000000000000000000e+00
1.644676177994662829e-09	1.813631591626716499e+00	1.024100443808813132e+01	2.615030465557704464e-01	1.860338734908442010e-02	0.000000000000000000e+00
1.722585965398783835e-09	1.802528656740866708e+00	1.018930358106789846e+01	2.612208937801287489e-01	1.838993170271741376e-02	0.000000000000000000e+00
1.804186409392068039e-09	1.791354929283687225e+00	1.013862480972237812e+01	2.608992473924555133e-01	1.818923749539514897e-02	0.000000000000000000e+00
1.889652339691211477e-09	1.780125734749302469e+00	1.008899893078252319e+01	2.605390574839031581e-01	1.800097735805328628e-02	0.000000000000000000e+00
1.979166867853557524e-09	1.768856092638650290e+00	1.004045592394023956e+01	2.601412979843565343e-01	1.782482239116482334e-02	0.000000000000000000e+00
2.072921779595369695e-09	1.757560697879543721e+00	9.993024792744842344e+00	2.597069683358531056e-01	1.766047861123625287e-02	0.000000000000000000e+00
2.171117945694509622e-09	1.746253914551593400e+00	9.946733465493679205e+00	2.592370955498279339e-01	1.750763499381321336e-02	0.000000000000000000e+00
2.273965752357932151e-09	1.734949767472066640e+00	9.901608824219163552e+00	2.587327324688016295e-01	1.736605487983895746e-02	0.000000000000000000e+00
2.381685551976160644e-09	1.723661907649535863e+00	9.857676424423093664e+00	2.581949600128821132e-01	1.723544243344535959e-02	0.000000000000000000e+00
2.494508135230316413e-09	1.712403562481880082e+00	9.814960625865671418e+00	2.576248761442512802e-01	1.711552194284471362e-02	0.000000000000000000e+00
2.612675225563326382e-09	1.701187638060623897e+00	9.773484656089726386e+00	2.570236091737143069e-01	1.700608138990754997e-02	0.000000000000000000e+00
2.736439997074666368e-09	1.690026677090860519e+00	9.733270626493320421e+00	2.563923106218894410e-01	1.690688718681891342e-02	0.000000000000000000e+00
2.866067616948244470e-09	1.678932873565381012e+00	9.694339483288910486e+00	2.557321581110634789e-01	1.681769745013948769e-02	0.000000000000000000e+00
3.001835813575592210e-09	1.667918055631586460e+00	9.656710992357947276e+00	2.550443523953421776e-01	1.673830889095031388e-02	0.000000000000000000e+00
3.144035471591500167e-09	1.656993684473056172e+00	9.620403641051575860e+00	2.543301188155443482e-01	1.666853913038868207e-02	0.000000000000000000e+00
3.292971255097148186e-09	1.646170857912075070e+00	9.585434673822527785e+00	2.535907057804406284e-01	1.660818053559574500e-02	0.000000000000000000e+00
3.448962260405766611e-09	1.635460315712933488e+00	9.551820151170778317e+00	2.528273827285654196e-01	1.655702941359345551e-02	0.000000000000000000e+00
3.612342699709437910e-09	1.624872450204885466e+00	9.519574757943059851e+00	2.520414453971835389e-01	1.651493315902551398e-02	0.000000000000000000e+00
3.783462617131932968e-09	1.614417300882784456e+00	9.488711929696265202e+00	2.512342100499491693e-01	1.648170553862175411e-02	0.000000000000000000e+00
3.962688638701478467e-09	1.604104554882959111e+00	9.459243859101531982e+00	2.504070116105993060e-01	1.645718476213220427e-02	0.000000000000000000e+00
4.150404757850472502e-09	1.593943568288144874e+00	9.431181268846881238e+00	2.495612110832433894e-01	1.644121085768703028e-02	0.000000000000000000e+00
4.347013158125017173e-09	1.583943359461906120e+00	9.404533608729790828e+00	2.486981872504384905e-01	1.643362675285462565e-02	0.000000000000000000e+00
4.552935074866938773e-09	1.574112596621313198e+00	9.379308876966129915e+00	2.478193372383776794e-01	1.643427992666548348e-02	0.000000000000000000e+00
4.768611697714474181e-09	1.564459602464270516e+00	9.355513619787508617e+00	2.469260748728797916e-01	1.644302416392276478e-02	0.000000000000000000e+00
4.994505115855140358e-09	1.554992374724645021e+00	9.333152853237765001e+00	2.460198334815641708e-01	1.645970982227823801e-02	0.000000000000000000e+00
5.231099308056257792e-09	1.545718574609304063e+00	9.312230148604458080e+00	2.451020591977981777e-01	1.648421075321765406e-02	0.000000000000000000e+00
5.478901179593956120e-09	1.536645572099960777e+00	9.292747622253278550e+00	2.441742156889755988e-01	1.651635424783546788e-02	0.000000000000000000e+00
5.738441648302404521e-09	1.527780388050027582e+00	9.274705694069673712e+00	2.432377785054323227e-01	1.655602019418362519e-02	0.000000000000000000e+00
6.010276782070388176e-09	1.519129712358761264e+00	9.258103208040260768e+00	2.422942318082255131e-01	1.660306104150358758e-02	0.000000000000000000e+00
6.294988990221888141e-09	1.510699910959455439e+00	9.242937234729042828e+00	2.413450716080620950e-01	1.665732413572709389e-02	0.000000000000000000e+00
6.593188271333541710e-09	1.502496993978850170e+00	9.229203251902703187e+00	2.403917928166688367e-01	1.671869235368088347e-02	0.000000000000000000e+00
6.905513520162316861e-09	1.494526692016341585e+00	9.216894947231711654e+00	2.394359034147769960e-01	1.678698895062560870e-02	0.000000000000000000e+00
7.232633896483518810e-09	1.486794411318309361e+00	9.206004281275824042e+00	2.384789124391685500e-01	1.686207385154052038e-02	0.000000000000000000e+00
7.575250258771920716e-09	1.479305211097723394e+00	9.196521331166390922e+00	2.375223271402285841e-01	1.694379046539846306e-02	0.000000000000000000e+00
7.934096665797492339e-09	1.472063813715076552e+00	9.188434338559398284e+00	2.365676500725135412e-01	1.703198007916029502e-02	0.000000000000000000e+00
8.309941949353386453e-09	1.465074587457920741e+00	9.181729683351306903e+00	2.356163737416652748e-01	1.712647973484046626e-02	0.000000000000000000e+00
8.703591361485183753e-09	1.458341587315641119e+00	9.176391710932064072e+00	2.346699883521193852e-01	1.722708961263221678e-02	0.000000000000000000e+00
9.115888299750837812e-09	1.451868582713205402e+00	9.172403025355842843e+00	2.337299755771685417e-01	1.733369630753103796e-02	0.000000000000000000e+00
9.547716114208065503e-09	1.445658959516380238e+00	9.169744114019255932e+00	2.327977992976275889e-01	1.744605449607670999e-02	0.000000000000000000e+00
1.000000000000000021e-08	1.439715770287466778e+00	9.168393458975041099e+00	2.318749077707704664e-01	1.756399465729151232e-02	0.000000000000000000e+00
