#
#
#
1571 <-- Number of lines
#
#
#
1 4.734940e+24 7.860000e+00 2.510000e+09
2 4.740964e+24 7.870000e+00 6.310000e+09
3 4.753012e+24 7.890000e+00 1.590000e+10
4 4.891566e+24 8.120000e+00 3.980000e+10
5 5.108434e+24 8.480000e+00 1.000000e+11
6 5.481928e+24 9.100000e+00 2.510000e+11
7 6.144578e+24 1.020000e+01 6.310000e+11
8 7.108434e+24 1.180000e+01 1.590000e+12
9 8.554217e+24 1.420000e+01 3.980000e+12
10 1.072289e+25 1.780000e+01 1.000000e+13
11 1.415663e+25 2.350000e+01 2.510000e+13
12 1.927711e+25 3.200000e+01 6.310000e+13
13 2.704819e+25 4.490000e+01 1.590000e+14
14 3.885542e+25 6.450000e+01 3.980000e+14
15 5.716867e+25 9.490000e+01 1.000000e+15
16 8.614458e+25 1.430000e+02 2.510000e+15
17 1.313253e+26 2.180000e+02 6.310000e+15
18 2.042169e+26 3.390000e+02 1.590000e+16
19 3.216867e+26 5.340000e+02 3.980000e+16
20 5.138554e+26 8.530000e+02 1.000000e+17
21 8.313253e+26 1.380000e+03 2.510000e+17
22 1.385542e+27 2.300000e+03 6.310000e+17
23 2.283133e+27 3.790000e+03 1.590000e+18
24 3.783133e+27 6.280000e+03 3.980000e+18
25 6.325301e+27 1.050000e+04 1.000000e+19
26 1.060241e+28 1.760000e+04 2.510000e+19
27 1.789157e+28 2.970000e+04 6.310000e+19
28 3.036145e+28 5.040000e+04 1.590000e+20
29 5.180723e+28 8.600000e+04 3.980000e+20
30 8.855422e+28 1.470000e+05 1.000000e+21
31 1.518072e+29 2.520000e+05 2.510000e+21
32 2.608434e+29 4.330000e+05 6.310000e+21
33 4.673370e+29 7.751701e+05 1.441959e+22
34 4.761640e+29 7.898119e+05 1.485807e+22
35 4.851640e+29 8.047406e+05 1.530987e+22
36 4.943390e+29 8.199597e+05 1.577543e+22
37 5.036940e+29 8.354774e+05 1.625520e+22
38 5.132310e+29 8.512970e+05 1.674947e+22
39 5.229550e+29 8.674268e+05 1.725881e+22
40 5.328690e+29 8.838717e+05 1.778352e+22
41 5.429780e+29 9.006402e+05 1.832441e+22
42 5.532840e+29 9.177354e+05 1.888149e+22
43 5.637930e+29 9.351674e+05 1.945571e+22
44 5.745090e+29 9.529428e+05 2.004739e+22
45 5.854340e+29 9.710648e+05 2.065686e+22
46 5.965750e+29 9.895452e+05 2.128507e+22
47 6.079350e+29 1.008389e+06 2.193235e+22
48 6.195180e+29 1.027603e+06 2.259918e+22
49 6.313300e+29 1.047196e+06 2.328651e+22
50 6.433740e+29 1.067174e+06 2.399452e+22
51 6.556570e+29 1.087549e+06 2.472415e+22
52 6.681820e+29 1.108325e+06 2.547605e+22
53 6.809540e+29 1.129511e+06 2.625070e+22
54 6.939790e+29 1.151117e+06 2.704890e+22
55 7.072620e+29 1.173151e+06 2.787146e+22
56 7.208080e+29 1.195621e+06 2.871901e+22
57 7.346230e+29 1.218537e+06 2.959236e+22
58 7.487120e+29 1.241908e+06 3.049214e+22
59 7.630800e+29 1.265741e+06 3.141932e+22
60 7.777340e+29 1.290050e+06 3.237486e+22
61 7.926800e+29 1.314842e+06 3.335924e+22
62 8.079230e+29 1.340127e+06 3.437374e+22
63 8.234690e+29 1.365915e+06 3.541900e+22
64 8.393260e+29 1.392219e+06 3.649598e+22
65 8.554980e+29 1.419045e+06 3.760581e+22
66 8.719940e+29 1.446409e+06 3.874928e+22
67 8.888190e+29 1.474318e+06 3.992752e+22
68 9.059810e+29 1.502787e+06 4.114181e+22
69 9.234860e+29 1.531825e+06 4.239279e+22
70 9.413410e+29 1.561443e+06 4.368190e+22
71 9.595550e+29 1.591657e+06 4.501026e+22
72 9.781340e+29 1.622476e+06 4.637884e+22
73 9.970850e+29 1.653913e+06 4.778924e+22
74 1.016420e+30 1.685986e+06 4.924241e+22
75 1.036140e+30 1.718698e+06 5.073981e+22
76 1.056260e+30 1.752074e+06 5.228270e+22
77 1.076780e+30 1.786114e+06 5.387254e+22
78 1.097720e+30 1.820850e+06 5.551077e+22
79 1.119070e+30 1.856266e+06 5.719866e+22
80 1.140860e+30 1.892412e+06 5.893798e+22
81 1.163090e+30 1.929289e+06 6.073018e+22
82 1.185770e+30 1.966911e+06 6.257701e+22
83 1.208910e+30 2.005297e+06 6.447991e+22
84 1.232520e+30 2.044463e+06 6.644050e+22
85 1.256600e+30 2.084408e+06 6.846100e+22
86 1.281180e+30 2.125183e+06 7.054271e+22
87 1.306250e+30 2.166771e+06 7.268786e+22
88 1.331830e+30 2.209205e+06 7.489807e+22
89 1.357930e+30 2.252501e+06 7.717572e+22
90 1.384570e+30 2.296694e+06 7.952243e+22
91 1.411740e+30 2.341765e+06 8.194059e+22
92 1.439470e+30 2.387766e+06 8.443230e+22
93 1.467760e+30 2.434696e+06 8.699979e+22
94 1.496630e+30 2.482588e+06 8.964530e+22
95 1.526090e+30 2.531459e+06 9.237124e+22
96 1.556160e+30 2.581342e+06 9.518018e+22
97 1.586840e+30 2.632237e+06 9.807451e+22
98 1.618140e+30 2.684160e+06 1.010568e+23
99 1.650090e+30 2.737162e+06 1.041298e+23
100 1.682690e+30 2.791243e+06 1.072962e+23
101 1.715960e+30 2.846434e+06 1.105588e+23
102 1.749920e+30 2.902771e+06 1.139208e+23
103 1.784570e+30 2.960252e+06 1.173849e+23
104 1.819940e+30 3.018928e+06 1.209544e+23
105 1.856030e+30 3.078799e+06 1.246325e+23
106 1.892860e+30 3.139897e+06 1.284223e+23
107 1.930460e+30 3.202273e+06 1.323274e+23
108 1.968830e+30 3.265926e+06 1.363513e+23
109 2.008000e+30 3.330906e+06 1.404976e+23
110 2.047970e+30 3.397214e+06 1.447699e+23
111 2.088770e+30 3.464899e+06 1.491721e+23
112 2.130410e+30 3.533977e+06 1.537082e+23
113 2.172920e+30 3.604499e+06 1.583822e+23
114 2.216310e+30 3.676481e+06 1.631977e+23
115 2.260600e+30 3.749956e+06 1.681612e+23
116 2.305800e+30 3.824941e+06 1.732738e+23
117 2.351950e+30 3.901502e+06 1.785433e+23
118 2.399050e+30 3.979640e+06 1.839731e+23
119 2.447140e+30 4.059420e+06 1.895679e+23
120 2.496230e+30 4.140859e+06 1.953309e+23
121 2.546340e+30 4.223990e+06 2.012718e+23
122 2.597490e+30 4.308847e+06 2.073921e+23
123 2.649710e+30 4.395479e+06 2.136983e+23
124 2.703020e+30 4.483920e+06 2.201967e+23
125 2.757450e+30 4.574219e+06 2.268922e+23
126 2.813010e+30 4.666393e+06 2.337912e+23
127 2.869740e+30 4.760508e+06 2.409017e+23
128 2.927660e+30 4.856598e+06 2.482268e+23
129 2.986790e+30 4.954695e+06 2.557747e+23
130 3.047160e+30 5.054850e+06 2.635516e+23
131 3.108800e+30 5.157112e+06 2.715657e+23
132 3.171730e+30 5.261514e+06 2.798249e+23
133 3.235980e+30 5.368107e+06 2.883341e+23
134 3.301590e+30 5.476956e+06 2.971012e+23
135 3.368580e+30 5.588094e+06 3.061359e+23
136 3.436980e+30 5.701573e+06 3.154445e+23
137 3.506820e+30 5.817440e+06 3.250367e+23
138 3.578130e+30 5.935747e+06 3.349206e+23
139 3.650950e+30 6.056559e+06 3.451056e+23
140 3.725310e+30 6.179927e+06 3.555999e+23
141 3.801240e+30 6.305900e+06 3.664130e+23
142 3.878770e+30 6.434527e+06 3.775545e+23
143 3.957950e+30 6.565893e+06 3.890357e+23
144 4.038810e+30 6.700045e+06 4.008662e+23
145 4.121380e+30 6.837036e+06 4.130555e+23
146 4.205700e+30 6.976930e+06 4.256150e+23
147 4.291810e+30 7.119794e+06 4.385574e+23
148 4.379750e+30 7.265695e+06 4.518939e+23
149 4.469550e+30 7.414683e+06 4.656357e+23
150 4.561270e+30 7.566856e+06 4.797942e+23
151 4.654950e+30 7.722281e+06 4.943836e+23
152 4.750610e+30 7.880992e+06 5.094184e+23
153 4.848320e+30 8.043105e+06 5.249083e+23
154 5.097070e+30 8.455786e+06 5.408691e+23
155 5.202040e+30 8.629945e+06 5.573171e+23
156 5.309250e+30 8.807821e+06 5.742633e+23
157 5.418750e+30 8.989496e+06 5.917270e+23
158 5.530590e+30 9.175054e+06 6.097195e+23
159 5.644820e+30 9.364579e+06 6.282615e+23
160 5.761500e+30 9.558169e+06 6.473658e+23
161 5.880680e+30 9.755907e+06 6.670502e+23
162 6.002410e+30 9.957877e+06 6.873353e+23
163 6.126750e+30 1.016418e+07 7.082357e+23
164 6.253760e+30 1.037491e+07 7.297722e+23
165 6.383500e+30 1.059017e+07 7.519623e+23
166 6.516030e+30 1.081006e+07 7.748286e+23
167 6.651400e+30 1.103467e+07 7.983902e+23
168 6.789690e+30 1.126412e+07 8.226680e+23
169 6.930950e+30 1.149850e+07 8.476843e+23
170 7.075260e+30 1.173794e+07 8.734618e+23
171 7.222670e+30 1.198252e+07 9.000210e+23
172 7.373270e+30 1.223240e+07 9.273894e+23
173 7.527110e+30 1.248766e+07 9.555909e+23
174 7.684280e+30 1.274844e+07 9.846480e+23
175 7.844840e+30 1.301485e+07 1.014589e+24
176 8.008870e+30 1.328701e+07 1.045443e+24
177 8.176450e+30 1.356507e+07 1.077233e+24
178 8.347650e+30 1.384913e+07 1.109989e+24
179 8.522560e+30 1.413935e+07 1.143743e+24
180 8.701260e+30 1.443587e+07 1.178523e+24
181 8.883830e+30 1.473880e+07 1.214358e+24
182 9.070360e+30 1.504831e+07 1.251285e+24
183 9.260940e+30 1.536453e+07 1.289336e+24
184 9.455650e+30 1.568761e+07 1.328542e+24
185 9.654590e+30 1.601772e+07 1.368941e+24
186 9.857860e+30 1.635500e+07 1.410569e+24
187 1.006550e+31 1.669954e+07 1.453462e+24
188 1.027770e+31 1.705165e+07 1.497660e+24
189 1.049460e+31 1.741156e+07 1.543202e+24
190 1.071610e+31 1.777910e+07 1.590128e+24
191 1.094250e+31 1.815478e+07 1.638482e+24
192 1.117380e+31 1.853858e+07 1.688309e+24
193 1.141010e+31 1.893069e+07 1.739643e+24
194 1.165160e+31 1.933143e+07 1.792547e+24
195 1.189840e+31 1.974096e+07 1.847053e+24
196 1.215060e+31 2.015945e+07 1.903225e+24
197 1.240830e+31 2.058708e+07 1.961096e+24
198 1.267160e+31 2.102400e+07 2.020729e+24
199 1.294060e+31 2.147037e+07 2.082173e+24
200 1.321560e+31 2.192671e+07 2.145491e+24
201 1.349660e+31 2.239301e+07 2.210731e+24
202 1.378370e+31 2.286943e+07 2.277959e+24
203 1.407710e+31 2.335630e+07 2.347221e+24
204 1.437690e+31 2.385380e+07 2.418598e+24
205 1.468340e+31 2.436242e+07 2.492137e+24
206 1.499650e+31 2.488200e+07 2.567920e+24
207 1.531650e+31 2.541303e+07 2.646010e+24
208 1.564360e+31 2.595584e+07 2.726472e+24
209 1.597780e+31 2.651044e+07 2.809384e+24
210 1.631940e+31 2.707732e+07 2.894812e+24
211 1.666850e+31 2.765665e+07 2.982836e+24
212 1.702530e+31 2.824876e+07 3.073535e+24
213 1.738990e+31 2.885381e+07 3.167006e+24
214 1.776250e+31 2.947215e+07 3.263313e+24
215 1.814340e+31 3.010426e+07 3.362536e+24
216 1.853260e+31 3.075016e+07 3.464787e+24
217 1.893040e+31 3.141032e+07 3.570146e+24
218 1.933700e+31 3.208510e+07 3.678709e+24
219 1.975260e+31 3.277481e+07 3.790573e+24
220 2.017730e+31 3.347963e+07 3.905834e+24
221 2.061140e+31 3.420005e+07 4.024619e+24
222 2.105510e+31 3.493641e+07 4.146994e+24
223 2.150860e+31 3.568904e+07 4.273101e+24
224 2.197210e+31 3.645827e+07 4.403037e+24
225 2.244590e+31 3.724460e+07 4.536931e+24
226 2.293010e+31 3.804819e+07 4.674895e+24
227 2.342510e+31 3.886970e+07 4.817040e+24
228 2.393100e+31 3.970932e+07 4.963527e+24
229 2.444810e+31 4.056753e+07 5.114452e+24
230 2.497660e+31 4.144466e+07 5.269975e+24
231 2.551690e+31 4.234138e+07 5.430225e+24
232 2.606910e+31 4.325786e+07 5.595361e+24
233 2.663360e+31 4.419475e+07 5.765496e+24
234 2.721060e+31 4.515240e+07 5.940822e+24
235 2.780040e+31 4.613130e+07 6.121468e+24
236 2.840330e+31 4.713195e+07 6.307625e+24
237 2.901950e+31 4.815467e+07 6.499421e+24
238 2.964950e+31 4.920031e+07 6.697066e+24
239 3.029340e+31 5.026903e+07 6.900702e+24
240 3.095170e+31 5.136165e+07 7.110539e+24
241 3.162450e+31 5.247835e+07 7.326769e+24
242 3.231240e+31 5.362011e+07 7.549568e+24
243 3.301550e+31 5.478711e+07 7.779128e+24
244 3.373420e+31 5.598002e+07 8.015689e+24
245 3.446900e+31 5.719965e+07 8.259428e+24
246 3.522010e+31 5.844635e+07 8.510585e+24
247 3.598790e+31 5.972077e+07 8.769385e+24
248 3.677290e+31 6.102375e+07 9.036051e+24
249 3.757530e+31 6.235563e+07 9.310824e+24
250 3.839560e+31 6.371722e+07 9.593945e+24
251 3.923410e+31 6.510903e+07 9.885685e+24
252 4.009140e+31 6.653206e+07 1.018629e+25
253 4.096780e+31 6.798680e+07 1.049603e+25
254 4.186370e+31 6.947392e+07 1.081520e+25
255 4.277960e+31 7.099426e+07 1.114408e+25
256 4.371600e+31 7.254863e+07 1.148296e+25
257 4.467330e+31 7.413770e+07 1.183214e+25
258 4.565190e+31 7.576214e+07 1.219194e+25
259 4.665240e+31 7.742295e+07 1.256267e+25
260 4.767520e+31 7.912079e+07 1.294469e+25
261 4.872090e+31 8.085665e+07 1.333831e+25
262 4.978990e+31 8.263121e+07 1.374390e+25
263 5.088290e+31 8.444562e+07 1.416185e+25
264 5.200030e+31 8.630055e+07 1.459248e+25
265 5.314270e+31 8.819699e+07 1.503622e+25
266 5.431060e+31 9.013579e+07 1.549345e+25
267 5.550460e+31 9.211792e+07 1.596458e+25
268 5.672540e+31 9.414456e+07 1.645003e+25
269 5.797350e+31 9.621654e+07 1.695023e+25
270 5.924960e+31 9.833502e+07 1.746565e+25
271 6.055420e+31 1.005008e+08 1.799677e+25
272 6.188800e+31 1.027151e+08 1.854407e+25
273 6.325180e+31 1.049792e+08 1.910788e+25
274 6.464600e+31 1.072939e+08 1.968899e+25
275 6.607160e+31 1.096606e+08 2.028772e+25
276 6.752900e+31 1.120802e+08 2.090456e+25
277 6.901920e+31 1.145543e+08 2.154030e+25
278 7.054280e+31 1.170838e+08 2.219527e+25
279 7.210050e+31 1.196699e+08 2.287027e+25
280 7.369320e+31 1.223142e+08 2.356561e+25
281 7.532160e+31 1.250178e+08 2.428227e+25
282 7.698660e+31 1.277822e+08 2.502071e+25
283 7.868890e+31 1.306085e+08 2.578142e+25
284 8.042940e+31 1.334983e+08 2.656553e+25
285 8.220900e+31 1.364530e+08 2.737335e+25
286 8.402860e+31 1.394742e+08 2.820568e+25
287 8.588900e+31 1.425631e+08 2.906332e+25
288 8.779130e+31 1.457217e+08 2.994708e+25
289 8.973630e+31 1.489511e+08 3.085776e+25
290 9.172500e+31 1.522532e+08 3.179615e+25
291 9.375830e+31 1.556293e+08 3.276307e+25
292 9.583740e+31 1.590815e+08 3.375930e+25
293 9.796320e+31 1.626113e+08 3.478582e+25
294 1.001370e+32 1.662208e+08 3.584357e+25
295 1.023590e+32 1.699104e+08 3.693353e+25
296 1.046320e+32 1.736848e+08 3.805666e+25
297 1.069550e+32 1.775421e+08 3.921391e+25
298 1.093310e+32 1.814876e+08 4.040641e+25
299 1.117610e+32 1.855227e+08 4.163496e+25
300 1.142450e+32 1.896476e+08 4.290116e+25
301 1.167850e+32 1.938655e+08 4.420565e+25
302 1.193820e+32 1.981780e+08 4.554988e+25
303 1.220370e+32 2.025870e+08 4.693496e+25
304 1.247530e+32 2.070973e+08 4.836218e+25
305 1.275290e+32 2.117072e+08 4.983282e+25
306 1.303680e+32 2.164219e+08 5.134815e+25
307 1.332710e+32 2.212429e+08 5.290964e+25
308 1.362400e+32 2.261735e+08 5.451854e+25
309 1.392750e+32 2.312138e+08 5.617631e+25
310 1.423790e+32 2.363688e+08 5.788455e+25
311 1.455520e+32 2.416384e+08 5.964470e+25
312 1.487970e+32 2.470276e+08 6.145837e+25
313 1.521160e+32 2.525398e+08 6.332731e+25
314 1.555090e+32 2.581749e+08 6.525296e+25
315 1.589780e+32 2.639364e+08 6.723726e+25
316 1.625260e+32 2.698291e+08 6.928180e+25
317 1.715140e+32 2.847535e+08 7.138850e+25
318 1.753430e+32 2.911130e+08 7.355929e+25
319 1.792590e+32 2.976171e+08 7.579625e+25
320 1.832630e+32 3.042674e+08 7.810098e+25
321 1.873580e+32 3.110689e+08 8.047588e+25
322 1.915450e+32 3.180233e+08 8.292305e+25
323 1.958260e+32 3.251339e+08 8.544471e+25
324 2.002040e+32 3.324057e+08 8.804296e+25
325 2.046810e+32 3.398420e+08 9.072020e+25
326 2.092580e+32 3.474445e+08 9.347883e+25
327 2.139400e+32 3.552216e+08 9.632141e+25
328 2.187260e+32 3.631714e+08 9.925035e+25
329 2.236210e+32 3.713025e+08 1.022684e+26
330 2.286270e+32 3.796180e+08 1.053782e+26
331 2.337450e+32 3.881196e+08 1.085827e+26
332 2.389800e+32 3.968157e+08 1.118845e+26
333 2.443320e+32 4.057063e+08 1.152867e+26
334 2.498050e+32 4.147980e+08 1.187924e+26
335 2.554020e+32 4.240958e+08 1.224047e+26
336 2.611260e+32 4.336048e+08 1.261269e+26
337 2.669780e+32 4.433264e+08 1.299621e+26
338 2.729630e+32 4.532692e+08 1.339141e+26
339 2.790830e+32 4.634363e+08 1.379862e+26
340 2.853420e+32 4.738346e+08 1.421821e+26
341 2.917420e+32 4.844672e+08 1.465057e+26
342 2.982870e+32 4.953408e+08 1.509608e+26
343 3.049790e+32 5.064588e+08 1.555511e+26
344 3.118230e+32 5.178295e+08 1.602817e+26
345 3.188220e+32 5.294579e+08 1.651556e+26
346 3.259790e+32 5.413490e+08 1.701768e+26
347 3.332980e+32 5.535094e+08 1.753518e+26
348 3.407820e+32 5.659441e+08 1.806839e+26
349 3.484350e+32 5.786598e+08 1.861793e+26
350 3.562620e+32 5.916647e+08 1.918398e+26
351 3.642660e+32 6.049640e+08 1.976733e+26
352 3.724510e+32 6.185642e+08 2.036847e+26
353 3.808200e+32 6.324704e+08 2.098787e+26
354 3.893800e+32 6.466941e+08 2.162602e+26
355 3.981330e+32 6.612387e+08 2.228371e+26
356 4.070840e+32 6.761126e+08 2.296127e+26
357 4.162370e+32 6.913224e+08 2.365950e+26
358 4.255980e+32 7.068780e+08 2.437888e+26
359 4.351700e+32 7.227846e+08 2.512020e+26
360 4.449600e+32 7.390536e+08 2.588412e+26
361 4.549700e+32 7.556885e+08 2.667127e+26
362 4.652080e+32 7.727026e+08 2.748229e+26
363 4.756770e+32 7.901008e+08 2.831799e+26
364 4.863830e+32 8.078932e+08 2.917900e+26
365 4.973310e+32 8.260881e+08 3.006628e+26
366 5.085270e+32 8.446954e+08 3.098065e+26
367 5.199770e+32 8.637252e+08 3.192273e+26
368 5.316860e+32 8.831857e+08 3.289348e+26
369 5.436600e+32 9.030870e+08 3.389372e+26
370 5.559060e+32 9.234407e+08 3.492424e+26
371 5.684280e+32 9.442536e+08 3.598633e+26
372 5.812340e+32 9.655388e+08 3.708061e+26
373 5.943310e+32 9.873080e+08 3.820822e+26
374 6.077240e+32 1.009570e+09 3.936996e+26
375 6.214200e+32 1.032335e+09 4.056711e+26
376 6.354260e+32 1.055617e+09 4.180078e+26
377 6.497500e+32 1.079427e+09 4.307179e+26
378 6.643980e+32 1.103777e+09 4.438157e+26
379 6.793780e+32 1.128678e+09 4.573124e+26
380 6.946980e+32 1.154146e+09 4.712177e+26
381 7.103640e+32 1.180189e+09 4.855476e+26
382 7.263860e+32 1.206824e+09 5.003117e+26
383 7.427700e+32 1.234062e+09 5.155259e+26
384 7.595260e+32 1.261918e+09 5.312016e+26
385 7.766620e+32 1.290407e+09 5.473548e+26
386 7.941860e+32 1.319542e+09 5.639998e+26
387 8.374850e+32 1.391503e+09 5.811495e+26
388 8.563850e+32 1.422925e+09 5.988215e+26
389 8.933130e+32 1.484304e+09 6.170302e+26
390 9.134760e+32 1.517827e+09 6.357933e+26
391 9.340960e+32 1.552111e+09 6.551268e+26
392 9.551830e+32 1.587172e+09 6.750482e+26
393 9.767480e+32 1.623028e+09 6.955753e+26
394 9.988020e+32 1.659698e+09 7.167272e+26
395 1.021360e+33 1.697207e+09 7.385216e+26
396 1.044420e+33 1.735552e+09 7.609794e+26
397 1.068010e+33 1.774778e+09 7.841196e+26
398 1.092130e+33 1.814887e+09 8.079632e+26
399 1.116800e+33 1.855911e+09 8.325326e+26
400 1.142030e+33 1.897866e+09 8.578485e+26
401 1.167830e+33 1.940771e+09 8.839336e+26
402 1.194220e+33 1.984658e+09 9.108133e+26
403 1.221200e+33 2.029527e+09 9.385101e+26
404 1.248800e+33 2.075428e+09 9.670481e+26
405 1.277020e+33 2.122361e+09 9.964544e+26
406 1.305880e+33 2.170359e+09 1.026755e+27
407 1.335400e+33 2.219456e+09 1.057978e+27
408 1.365590e+33 2.269669e+09 1.090148e+27
409 1.396460e+33 2.321013e+09 1.123299e+27
410 1.428030e+33 2.373523e+09 1.157456e+27
411 1.460320e+33 2.427232e+09 1.192652e+27
412 1.493330e+33 2.482139e+09 1.228919e+27
413 1.527100e+33 2.538312e+09 1.266290e+27
414 1.561640e+33 2.595767e+09 1.304795e+27
415 1.596950e+33 2.654504e+09 1.344471e+27
416 1.633070e+33 2.714590e+09 1.385356e+27
417 1.670010e+33 2.776041e+09 1.427482e+27
418 1.707780e+33 2.838875e+09 1.470889e+27
419 1.746420e+33 2.903157e+09 1.515617e+27
420 1.785920e+33 2.968872e+09 1.561704e+27
421 1.826330e+33 3.036102e+09 1.609194e+27
422 1.867650e+33 3.104848e+09 1.658124e+27
423 1.972090e+33 3.278530e+09 1.708545e+27
424 2.016720e+33 3.352784e+09 1.760504e+27
425 2.062350e+33 3.428704e+09 1.814032e+27
426 2.109030e+33 3.506372e+09 1.869195e+27
427 2.156760e+33 3.585790e+09 1.926040e+27
428 2.205570e+33 3.667007e+09 1.984600e+27
429 2.255500e+33 3.750089e+09 2.044954e+27
430 2.306550e+33 3.835036e+09 2.107134e+27
431 2.358770e+33 3.921933e+09 2.171205e+27
432 2.412160e+33 4.010779e+09 2.237231e+27
433 2.466770e+33 4.101658e+09 2.305260e+27
434 2.522620e+33 4.194602e+09 2.375371e+27
435 2.579740e+33 4.289662e+09 2.447597e+27
436 2.638150e+33 4.386872e+09 2.522018e+27
437 2.697890e+33 4.486297e+09 2.598714e+27
438 2.758980e+33 4.587972e+09 2.677734e+27
439 2.821460e+33 4.691963e+09 2.759172e+27
440 2.885360e+33 4.798320e+09 2.843062e+27
441 2.950710e+33 4.907094e+09 2.929516e+27
442 3.017540e+33 5.018334e+09 3.018597e+27
443 3.085890e+33 5.132107e+09 3.110401e+27
444 3.155790e+33 5.248463e+09 3.204978e+27
445 3.227280e+33 5.367469e+09 3.302438e+27
446 3.300380e+33 5.489159e+09 3.402863e+27
447 3.375150e+33 5.613632e+09 3.506331e+27
448 3.451620e+33 5.740939e+09 3.612956e+27
449 3.529820e+33 5.871129e+09 3.722817e+27
450 3.609790e+33 6.004271e+09 3.836027e+27
451 3.691580e+33 6.140445e+09 3.952666e+27
452 3.775230e+33 6.279721e+09 4.072861e+27
453 3.860780e+33 6.422165e+09 4.196725e+27
454 3.948270e+33 6.567842e+09 4.324338e+27
455 4.037740e+33 6.716821e+09 4.455829e+27
456 4.129240e+33 6.869185e+09 4.591325e+27
457 4.222830e+33 7.025033e+09 4.730939e+27
458 4.318530e+33 7.184400e+09 4.874798e+27
459 4.416410e+33 7.347402e+09 5.023032e+27
460 4.516510e+33 7.514106e+09 5.175783e+27
461 4.618890e+33 7.684613e+09 5.333165e+27
462 4.723580e+33 7.858972e+09 5.495337e+27
463 4.830660e+33 8.037317e+09 5.662444e+27
464 4.940160e+33 8.219698e+09 5.834630e+27
465 5.052160e+33 8.406249e+09 6.012055e+27
466 5.166690e+33 8.597020e+09 6.194863e+27
467 5.283820e+33 8.792129e+09 6.383247e+27
468 5.403620e+33 8.991691e+09 6.577351e+27
469 5.526130e+33 9.195774e+09 6.777351e+27
470 5.651430e+33 9.404512e+09 6.983455e+27
471 5.779560e+33 9.617971e+09 7.195807e+27
472 5.910610e+33 9.836302e+09 7.414616e+27
473 6.044640e+33 1.005961e+10 7.640091e+27
474 6.181700e+33 1.028796e+10 7.872406e+27
475 6.321890e+33 1.052155e+10 8.111788e+27
476 6.465250e+33 1.076042e+10 8.358459e+27
477 6.611860e+33 1.100472e+10 8.612628e+27
478 6.761810e+33 1.125459e+10 8.874520e+27
479 7.160890e+33 1.191914e+10 9.144390e+27
480 7.323300e+33 1.218978e+10 9.422448e+27
481 7.489390e+33 1.246656e+10 9.708981e+27
482 7.659260e+33 1.274965e+10 1.000421e+28
483 7.832980e+33 1.303917e+10 1.030842e+28
484 8.010650e+33 1.333528e+10 1.062189e+28
485 8.192350e+33 1.363812e+10 1.094488e+28
486 8.378180e+33 1.394785e+10 1.127770e+28
487 8.568230e+33 1.426463e+10 1.162063e+28
488 8.762590e+33 1.458861e+10 1.197401e+28
489 8.961370e+33 1.491996e+10 1.233812e+28
490 9.164660e+33 1.525884e+10 1.271330e+28
491 9.372570e+33 1.560544e+10 1.309989e+28
492 9.585190e+33 1.595990e+10 1.349824e+28
493 9.802650e+33 1.632245e+10 1.390870e+28
494 1.002500e+34 1.669316e+10 1.433164e+28
495 1.025250e+34 1.707247e+10 1.476745e+28
496 1.048510e+34 1.746030e+10 1.521649e+28
497 1.072300e+34 1.785699e+10 1.567922e+28
498 1.096630e+34 1.826269e+10 1.615603e+28
499 1.121510e+34 1.867758e+10 1.664725e+28
500 1.146960e+34 1.910199e+10 1.715354e+28
501 1.172980e+34 1.953593e+10 1.767505e+28
502 1.199600e+34 1.997989e+10 1.821258e+28
503 1.226820e+34 2.043387e+10 1.876645e+28
504 1.254660e+34 2.089822e+10 1.933699e+28
505 1.283130e+34 2.137309e+10 1.992499e+28
506 1.312250e+34 2.185882e+10 2.053093e+28
507 1.342030e+34 2.235559e+10 2.115530e+28
508 1.372480e+34 2.286355e+10 2.179857e+28
509 1.403630e+34 2.338321e+10 2.246139e+28
510 1.435480e+34 2.391457e+10 2.314440e+28
511 1.468060e+34 2.445813e+10 2.384824e+28
512 1.501380e+34 2.501407e+10 2.457338e+28
513 1.535450e+34 2.558254e+10 2.532064e+28
514 1.570300e+34 2.616405e+10 2.609064e+28
515 1.605940e+34 2.675877e+10 2.688404e+28
516 1.642390e+34 2.736703e+10 2.770147e+28
517 1.679670e+34 2.798917e+10 2.854390e+28
518 1.784700e+34 2.974032e+10 2.941179e+28
519 1.825210e+34 3.041639e+10 3.030613e+28
520 1.866640e+34 3.110784e+10 3.122770e+28
521 1.909010e+34 3.181501e+10 3.217731e+28
522 1.952340e+34 3.253824e+10 3.315576e+28
523 1.996660e+34 3.327802e+10 3.416401e+28
524 2.041980e+34 3.403453e+10 3.520286e+28
525 2.088330e+34 3.480827e+10 3.627344e+28
526 2.135740e+34 3.559974e+10 3.737637e+28
527 2.184220e+34 3.640911e+10 3.851296e+28
528 2.233800e+34 3.723689e+10 3.968415e+28
529 2.284510e+34 3.808357e+10 4.089075e+28
530 2.336370e+34 3.894949e+10 4.213420e+28
531 2.389410e+34 3.983516e+10 4.341546e+28
532 2.443660e+34 4.074108e+10 4.473565e+28
533 2.499130e+34 4.166741e+10 4.609606e+28
534 2.555870e+34 4.261500e+10 4.749780e+28
535 2.613890e+34 4.358402e+10 4.894201e+28
536 2.673230e+34 4.457513e+10 5.043027e+28
537 2.733920e+34 4.558884e+10 5.196387e+28
538 2.795990e+34 4.662565e+10 5.354394e+28
539 2.859470e+34 4.768607e+10 5.517223e+28
540 2.924390e+34 4.877060e+10 5.684987e+28
541 2.990790e+34 4.987991e+10 5.857862e+28
542 3.058690e+34 5.101433e+10 6.035992e+28
543 3.128140e+34 5.217472e+10 6.219537e+28
544 3.199160e+34 5.336140e+10 6.408658e+28
545 3.271800e+34 5.457522e+10 6.603531e+28
546 3.346090e+34 5.581667e+10 6.804331e+28
547 3.422060e+34 5.708627e+10 7.011252e+28
548 3.499760e+34 5.838484e+10 7.224454e+28
549 3.668710e+34 6.120586e+10 7.444129e+28
550 3.752010e+34 6.259811e+10 7.670500e+28
551 3.837200e+34 6.402204e+10 7.903745e+28
552 3.924330e+34 6.547847e+10 8.144087e+28
553 4.013440e+34 6.696808e+10 8.391736e+28
554 4.104570e+34 6.849154e+10 8.646914e+28
555 4.197780e+34 7.004986e+10 8.909848e+28
556 4.293100e+34 7.164355e+10 9.180792e+28
557 4.390580e+34 7.327345e+10 9.459971e+28
558 4.490280e+34 7.494055e+10 9.747626e+28
559 4.592250e+34 7.664572e+10 1.004404e+29
560 4.696530e+34 7.838961e+10 1.034947e+29
561 4.803180e+34 8.017325e+10 1.066417e+29
562 5.126240e+34 8.556933e+10 1.098845e+29
563 5.242650e+34 8.751625e+10 1.132260e+29
564 5.361710e+34 8.950761e+10 1.166690e+29
565 5.483470e+34 9.154424e+10 1.202167e+29
566 5.607990e+34 9.362717e+10 1.238723e+29
567 5.735340e+34 9.575755e+10 1.276392e+29
568 5.865590e+34 9.793658e+10 1.315204e+29
569 5.998800e+34 1.001653e+11 1.355198e+29
570 6.135030e+34 1.024446e+11 1.396407e+29
571 6.274360e+34 1.047760e+11 1.438870e+29
572 6.416850e+34 1.071603e+11 1.482624e+29
573 6.661040e+34 1.112434e+11 1.527707e+29
574 6.812320e+34 1.137751e+11 1.574162e+29
575 6.967030e+34 1.163643e+11 1.622027e+29
576 7.125260e+34 1.190127e+11 1.671358e+29
577 7.287080e+34 1.217212e+11 1.722180e+29
578 7.452570e+34 1.244914e+11 1.774539e+29
579 7.621830e+34 1.273249e+11 1.828500e+29
580 7.794930e+34 1.302229e+11 1.884111e+29
581 8.206630e+34 1.371074e+11 1.941405e+29
582 8.393020e+34 1.402280e+11 2.000446e+29
583 8.583640e+34 1.434197e+11 2.061264e+29
584 8.778590e+34 1.466840e+11 2.123941e+29
585 8.977970e+34 1.500228e+11 2.188541e+29
586 9.181880e+34 1.534376e+11 2.255079e+29
587 9.390420e+34 1.569303e+11 2.323653e+29
588 9.603700e+34 1.605025e+11 2.394309e+29
589 9.821820e+34 1.641560e+11 2.467127e+29
590 1.004490e+35 1.678929e+11 2.542141e+29
591 1.027310e+35 1.717158e+11 2.619446e+29
592 1.050640e+35 1.756244e+11 2.699107e+29
593 1.074500e+35 1.796220e+11 2.781170e+29
594 1.098910e+35 1.837121e+11 2.865749e+29
595 1.123870e+35 1.878947e+11 2.952891e+29
596 1.149390e+35 1.921713e+11 3.042677e+29
597 1.175500e+35 1.965472e+11 3.135203e+29
598 1.202200e+35 2.010222e+11 3.230549e+29
599 1.229510e+35 2.055998e+11 3.328778e+29
600 1.297030e+35 2.169020e+11 3.430004e+29
601 1.326490e+35 2.218404e+11 3.534305e+29
602 1.356620e+35 2.268914e+11 3.641779e+29
603 1.387430e+35 2.320567e+11 3.752522e+29
604 1.442210e+35 2.412319e+11 3.866629e+29
605 1.474970e+35 2.467248e+11 3.984212e+29
606 1.508470e+35 2.523421e+11 4.105353e+29
607 1.542740e+35 2.580890e+11 4.230195e+29
608 1.577780e+35 2.639654e+11 4.358833e+29
609 1.613620e+35 2.699764e+11 4.491381e+29
610 1.650270e+35 2.761237e+11 4.627951e+29
611 1.687760e+35 2.824124e+11 4.768686e+29
612 1.755620e+35 2.937837e+11 4.913683e+29
613 1.795500e+35 3.004740e+11 5.063102e+29
614 1.836280e+35 3.073158e+11 5.217071e+29
615 1.909290e+35 3.195527e+11 5.375719e+29
616 1.952660e+35 3.268298e+11 5.539173e+29
617 1.997020e+35 3.342736e+11 5.707610e+29
618 2.042380e+35 3.418858e+11 5.881173e+29
619 2.088780e+35 3.496731e+11 6.060008e+29
620 2.136220e+35 3.576355e+11 6.244291e+29
621 2.220560e+35 3.717767e+11 6.434165e+29
622 2.271010e+35 3.802453e+11 6.629822e+29
623 2.322590e+35 3.889043e+11 6.831424e+29
624 2.375350e+35 3.977620e+11 7.039162e+29
625 2.468490e+35 4.133831e+11 7.253213e+29
626 2.524570e+35 4.227993e+11 7.473769e+29
627 2.581920e+35 4.324295e+11 7.701038e+29
628 2.640570e+35 4.422787e+11 7.935212e+29
629 2.743420e+35 4.595329e+11 8.176499e+29
630 2.805740e+35 4.699997e+11 8.425141e+29
631 2.869470e+35 4.807042e+11 8.681345e+29
632 2.934660e+35 4.916547e+11 8.945320e+29
633 3.000000e+35 5.016413e+11 8.714302e+29
634 3.500000e+35 5.854061e+11 9.347162e+29
635 3.700000e+35 6.189147e+11 9.586030e+29
636 3.900000e+35 6.524246e+11 9.821855e+29
637 4.100000e+35 6.859358e+11 1.005624e+30
638 4.300000e+35 7.194482e+11 1.029020e+30
639 4.500000e+35 7.529618e+11 1.052434e+30
640 4.700000e+35 7.864765e+11 1.075943e+30
641 4.900000e+35 8.199923e+11 1.099582e+30
642 5.100000e+35 8.535091e+11 1.123348e+30
643 5.300000e+35 8.870269e+11 1.147306e+30
644 5.500000e+35 9.205456e+11 1.171459e+30
645 5.700000e+35 9.540654e+11 1.195824e+30
646 5.900000e+35 9.875860e+11 1.220343e+30
647 6.100000e+35 1.021108e+12 1.245114e+30
648 6.300000e+35 1.054630e+12 1.270127e+30
649 6.500000e+35 1.088153e+12 1.295377e+30
650 6.700000e+35 1.121677e+12 1.320825e+30
651 6.900000e+35 1.155202e+12 1.346543e+30
652 7.100000e+35 1.188728e+12 1.372541e+30
653 7.300000e+35 1.222254e+12 1.398747e+30
654 7.500000e+35 1.255782e+12 1.425200e+30
655 7.700000e+35 1.289310e+12 1.451924e+30
656 7.900000e+35 1.322839e+12 1.478862e+30
657 8.100000e+35 1.356368e+12 1.506030e+30
658 8.300000e+35 1.389899e+12 1.533490e+30
659 8.500000e+35 1.423430e+12 1.561143e+30
660 8.700000e+35 1.456961e+12 1.589069e+30
661 8.900000e+35 1.490494e+12 1.617221e+30
662 9.100000e+35 1.524027e+12 1.645660e+30
663 9.300000e+35 1.557561e+12 1.674322e+30
664 9.500000e+35 1.591095e+12 1.703226e+30
665 9.700000e+35 1.624630e+12 1.732337e+30
666 9.900000e+35 1.658166e+12 1.761737e+30
667 1.010000e+36 1.691702e+12 1.791329e+30
668 1.030000e+36 1.725239e+12 1.821178e+30
669 1.050000e+36 1.758777e+12 1.851251e+30
670 1.070000e+36 1.792315e+12 1.881548e+30
671 1.090000e+36 1.825854e+12 1.912085e+30
672 1.110000e+36 1.859394e+12 1.942863e+30
673 1.130000e+36 1.892934e+12 1.973865e+30
674 1.150000e+36 1.926475e+12 2.005124e+30
675 1.170000e+36 1.960016e+12 2.036511e+30
676 1.190000e+36 1.993558e+12 2.068153e+30
677 1.210000e+36 2.027101e+12 2.100069e+30
678 1.230000e+36 2.060644e+12 2.132257e+30
679 1.250000e+36 2.094187e+12 2.164621e+30
680 1.270000e+36 2.127732e+12 2.197177e+30
681 1.290000e+36 2.161276e+12 2.229989e+30
682 1.310000e+36 2.194822e+12 2.262978e+30
683 1.330000e+36 2.228368e+12 2.296239e+30
684 1.350000e+36 2.261914e+12 2.329597e+30
685 1.370000e+36 2.295461e+12 2.363306e+30
686 1.400000e+36 2.345782e+12 2.414176e+30
687 1.500000e+36 2.513529e+12 2.587179e+30
688 1.600000e+36 2.681289e+12 2.767007e+30
689 1.700000e+36 2.849061e+12 2.948309e+30
690 1.750000e+36 2.932951e+12 3.043575e+30
691 1.850000e+36 3.100741e+12 3.233929e+30
692 1.950000e+36 3.268541e+12 3.426655e+30
693 2.050000e+36 3.436353e+12 3.625998e+30
694 2.150000e+36 3.604176e+12 3.829715e+30
695 2.250000e+36 3.772009e+12 4.037693e+30
696 2.350000e+36 3.939853e+12 4.249885e+30
697 2.450000e+36 4.107706e+12 4.466099e+30
698 2.550000e+36 4.275569e+12 4.686366e+30
699 2.650000e+36 4.443442e+12 4.910463e+30
700 2.750000e+36 4.611324e+12 5.138420e+30
701 2.850000e+36 4.779215e+12 5.370111e+30
702 2.950000e+36 4.947116e+12 5.605295e+30
703 3.050000e+36 5.115025e+12 5.844355e+30
704 3.150000e+36 5.282942e+12 6.086781e+30
705 3.250000e+36 5.450869e+12 6.332667e+30
706 3.350000e+36 5.618803e+12 6.581933e+30
707 3.450000e+36 5.786746e+12 6.834548e+30
708 3.550000e+36 5.954697e+12 7.090432e+30
709 4.000000e+36 6.710572e+12 8.285912e+30
710 4.100000e+36 6.878565e+12 8.553812e+30
711 4.200000e+36 7.046566e+12 8.829627e+30
712 4.300000e+36 7.214574e+12 9.108325e+30
713 4.400000e+36 7.382589e+12 9.389908e+30
714 4.500000e+36 7.550611e+12 9.674294e+30
715 4.600000e+36 7.718640e+12 9.961436e+30
716 4.700000e+36 7.886675e+12 1.025141e+31
717 4.800000e+36 8.054718e+12 1.054392e+31
718 4.900000e+36 8.222767e+12 1.083916e+31
719 5.000000e+36 8.390823e+12 1.113719e+31
720 5.100000e+36 8.558886e+12 1.143767e+31
721 5.200000e+36 8.726955e+12 1.174072e+31
722 5.300000e+36 8.895031e+12 1.204628e+31
723 5.400000e+36 9.063112e+12 1.235432e+31
724 5.500000e+36 9.231201e+12 1.266487e+31
725 5.600000e+36 9.399295e+12 1.297777e+31
726 5.700000e+36 9.567396e+12 1.329318e+31
727 5.800000e+36 9.735502e+12 1.361089e+31
728 5.900000e+36 9.903615e+12 1.393100e+31
729 6.000000e+36 1.007173e+13 1.425344e+31
730 6.100000e+36 1.023986e+13 1.457817e+31
731 6.200000e+36 1.040799e+13 1.490521e+31
732 6.300000e+36 1.057613e+13 1.523452e+31
733 6.400000e+36 1.074427e+13 1.556598e+31
734 6.500000e+36 1.091242e+13 1.589973e+31
735 6.600000e+36 1.108057e+13 1.623566e+31
736 6.700000e+36 1.124873e+13 1.657355e+31
737 6.800000e+36 1.141689e+13 1.691370e+31
738 6.900000e+36 1.158506e+13 1.725592e+31
739 7.000000e+36 1.175324e+13 1.760039e+31
740 7.100000e+36 1.192142e+13 1.794694e+31
741 7.200000e+36 1.208961e+13 1.829541e+31
742 7.300000e+36 1.225780e+13 1.864597e+31
743 7.400000e+36 1.242599e+13 1.899861e+31
744 7.500000e+36 1.259420e+13 1.935317e+31
745 7.600000e+36 1.276240e+13 1.970981e+31
746 7.700000e+36 1.293062e+13 2.006822e+31
747 7.800000e+36 1.309883e+13 2.042871e+31
748 7.900000e+36 1.326706e+13 2.079112e+31
749 8.000000e+36 1.343529e+13 2.115546e+31
750 8.100000e+36 1.360352e+13 2.152172e+31
751 8.200000e+36 1.377176e+13 2.188990e+31
752 8.300000e+36 1.394000e+13 2.225984e+31
753 8.400000e+36 1.410825e+13 2.263154e+31
754 8.500000e+36 1.427650e+13 2.300533e+31
755 8.600000e+36 1.444476e+13 2.338072e+31
756 8.700000e+36 1.461302e+13 2.375803e+31
757 8.800000e+36 1.478129e+13 2.413727e+31
758 8.900000e+36 1.494956e+13 2.451811e+31
759 9.000000e+36 1.511784e+13 2.490071e+31
760 9.100000e+36 1.528612e+13 2.528523e+31
761 9.200000e+36 1.545440e+13 2.567135e+31
762 9.300000e+36 1.562269e+13 2.605924e+31
763 9.400000e+36 1.579099e+13 2.644889e+31
764 9.500000e+36 1.595929e+13 2.684030e+31
765 9.600000e+36 1.612759e+13 2.723332e+31
766 9.700000e+36 1.629590e+13 2.762793e+31
767 9.800000e+36 1.646422e+13 2.802447e+31
768 9.900000e+36 1.663253e+13 2.842245e+31
769 1.000000e+37 1.680086e+13 2.882219e+31
770 1.010000e+37 1.696918e+13 2.922338e+31
771 1.020000e+37 1.713751e+13 2.962633e+31
772 1.030000e+37 1.730585e+13 3.003088e+31
773 1.040000e+37 1.747419e+13 3.043703e+31
774 1.050000e+37 1.764253e+13 3.084478e+31
775 1.060000e+37 1.781088e+13 3.125414e+31
776 1.070000e+37 1.797923e+13 3.166510e+31
777 1.080000e+37 1.814759e+13 3.207766e+31
778 1.090000e+37 1.831595e+13 3.249166e+31
779 1.100000e+37 1.848432e+13 3.290742e+31
780 1.110000e+37 1.865268e+13 3.332463e+31
781 1.120000e+37 1.882106e+13 3.374328e+31
782 1.130000e+37 1.898944e+13 3.416353e+31
783 1.140000e+37 1.915782e+13 3.458522e+31
784 1.150000e+37 1.932620e+13 3.500852e+31
785 1.160000e+37 1.949459e+13 3.543325e+31
786 1.170000e+37 1.966299e+13 3.585943e+31
787 1.180000e+37 1.983138e+13 3.628721e+31
788 1.190000e+37 1.999979e+13 3.671660e+31
789 1.200000e+37 2.016819e+13 3.714726e+31
790 1.210000e+37 2.033660e+13 3.757921e+31
791 1.220000e+37 2.050502e+13 3.801276e+31
792 1.230000e+37 2.067343e+13 3.844791e+31
793 1.240000e+37 2.084185e+13 3.888434e+31
794 1.250000e+37 2.101028e+13 3.932238e+31
795 1.260000e+37 2.117871e+13 3.976169e+31
796 1.270000e+37 2.134714e+13 4.020245e+31
797 1.280000e+37 2.151558e+13 4.064449e+31
798 1.290000e+37 2.168402e+13 4.108814e+31
799 1.300000e+37 2.185246e+13 4.153306e+31
800 1.310000e+37 2.202091e+13 4.197943e+31
801 1.320000e+37 2.218936e+13 4.242724e+31
802 1.330000e+37 2.235782e+13 4.287633e+31
803 1.340000e+37 2.252628e+13 4.332686e+31
804 1.350000e+37 2.269474e+13 4.377867e+31
805 1.360000e+37 2.286321e+13 4.423193e+31
806 1.370000e+37 2.303168e+13 4.468662e+31
807 1.380000e+37 2.320015e+13 4.514244e+31
808 1.390000e+37 2.336863e+13 4.559971e+31
809 1.400000e+37 2.353711e+13 4.605841e+31
810 1.500000e+37 2.522212e+13 5.071754e+31
811 1.600000e+37 2.690748e+13 5.550484e+31
812 1.700000e+37 2.859317e+13 6.041663e+31
813 1.800000e+37 3.027918e+13 6.544907e+31
814 1.900000e+37 3.196551e+13 7.059879e+31
815 2.000000e+37 3.365213e+13 7.586418e+31
816 2.100000e+37 3.533905e+13 8.124172e+31
817 2.200000e+37 3.702625e+13 8.672998e+31
818 2.300000e+37 3.871373e+13 9.232927e+31
819 2.400000e+37 4.040148e+13 9.803558e+31
820 2.500000e+37 4.208949e+13 1.038504e+32
821 2.600000e+37 4.377777e+13 1.097704e+32
822 2.700000e+37 4.546629e+13 1.157960e+32
823 2.800000e+37 4.715506e+13 1.219280e+32
824 2.900000e+37 4.884408e+13 1.281667e+32
825 3.000000e+37 5.053333e+13 1.345066e+32
826 3.100000e+37 5.222282e+13 1.409539e+32
827 3.200000e+37 5.391253e+13 1.475065e+32
828 3.300000e+37 5.560248e+13 1.541654e+32
829 3.400000e+37 5.729264e+13 1.609290e+32
830 3.500000e+37 5.898303e+13 1.677991e+32
831 3.600000e+37 6.067364e+13 1.747766e+32
832 3.700000e+37 6.236446e+13 1.818615e+32
833 3.800000e+37 6.405549e+13 1.890552e+32
834 3.900000e+37 6.574673e+13 1.963563e+32
835 4.000000e+37 6.743818e+13 2.037664e+32
836 4.100000e+37 6.912983e+13 2.112902e+32
837 4.200000e+37 7.082169e+13 2.189246e+32
838 4.300000e+37 7.251374e+13 2.266695e+32
839 4.400000e+37 7.420600e+13 2.345314e+32
840 4.500000e+37 7.589845e+13 2.425086e+32
841 4.600000e+37 7.759110e+13 2.505980e+32
842 4.700000e+37 7.928394e+13 2.588044e+32
843 4.800000e+37 8.097698e+13 2.671261e+32
844 4.900000e+37 8.267020e+13 2.755744e+32
845 5.000000e+37 8.436362e+13 2.841428e+32
846 5.100000e+37 8.605722e+13 2.928314e+32
847 5.200000e+37 8.775102e+13 3.016450e+32
848 5.300000e+37 8.944499e+13 3.105803e+32
849 5.400000e+37 9.113916e+13 3.196422e+32
850 5.500000e+37 9.283351e+13 3.288371e+32
851 5.600000e+37 9.452804e+13 3.381538e+32
852 5.700000e+37 9.622275e+13 3.476098e+32
853 5.800000e+37 9.791765e+13 3.571972e+32
854 5.900000e+37 9.961273e+13 3.669128e+32
855 6.000000e+37 1.013080e+14 3.767694e+32
856 6.100000e+37 1.030034e+14 3.867638e+32
857 6.200000e+37 1.046990e+14 3.968896e+32
858 6.300000e+37 1.063948e+14 4.071627e+32
859 6.400000e+37 1.080908e+14 4.175688e+32
860 6.500000e+37 1.097869e+14 4.281256e+32
861 6.600000e+37 1.114833e+14 4.388233e+32
862 6.700000e+37 1.131798e+14 4.496524e+32
863 6.800000e+37 1.148764e+14 4.606338e+32
864 6.900000e+37 1.165733e+14 4.717416e+32
865 7.000000e+37 1.182703e+14 4.829168e+32
866 7.100000e+37 1.199675e+14 4.943740e+32
867 7.300000e+37 1.233623e+14 5.174213e+32
868 7.400000e+37 1.250600e+14 5.290178e+32
869 7.700000e+37 1.301541e+14 5.645221e+32
870 7.800000e+37 1.318524e+14 5.762805e+32
871 8.100000e+37 1.369482e+14 6.106327e+32
872 8.700000e+37 1.471436e+14 6.706182e+32
873 8.800000e+37 1.488436e+14 6.789864e+32
874 8.854080e+37 1.497646e+14 6.855308e+32
875 8.954080e+37 1.514648e+14 7.017631e+32
876 9.054080e+37 1.531652e+14 7.183122e+32
877 9.154080e+37 1.548658e+14 7.351829e+32
878 9.254080e+37 1.565666e+14 7.523800e+32
879 9.354080e+37 1.582676e+14 7.699083e+32
880 9.454080e+37 1.599688e+14 7.877726e+32
881 9.554080e+37 1.616703e+14 8.059775e+32
882 9.635490e+37 1.630556e+14 8.210529e+32
883 9.735490e+37 1.647574e+14 8.398880e+32
884 9.835490e+37 1.664594e+14 8.590770e+32
885 9.935490e+37 1.681617e+14 8.786248e+32
886 1.003549e+38 1.698642e+14 8.985362e+32
887 1.013549e+38 1.715669e+14 9.188157e+32
888 1.023549e+38 1.732698e+14 9.394681e+32
889 1.033549e+38 1.749730e+14 9.604982e+32
890 1.043549e+38 1.766764e+14 9.819107e+32
891 1.053549e+38 1.783800e+14 1.003710e+33
892 1.063549e+38 1.800838e+14 1.025901e+33
893 1.073549e+38 1.817879e+14 1.048489e+33
894 1.083549e+38 1.834922e+14 1.071477e+33
895 1.093549e+38 1.851968e+14 1.094872e+33
896 1.103549e+38 1.869016e+14 1.118676e+33
897 1.113549e+38 1.886066e+14 1.142896e+33
898 1.123549e+38 1.903119e+14 1.167536e+33
899 1.133549e+38 1.920175e+14 1.192599e+33
900 1.143549e+38 1.937232e+14 1.218092e+33
901 1.153549e+38 1.954293e+14 1.244018e+33
902 1.163549e+38 1.971356e+14 1.270382e+33
903 1.173549e+38 1.988421e+14 1.297189e+33
904 1.183549e+38 2.005489e+14 1.324443e+33
905 1.193454e+38 2.022398e+14 1.351884e+33
906 1.293454e+38 2.193246e+14 1.646983e+33
907 1.393454e+38 2.364367e+14 1.987710e+33
908 1.493454e+38 2.535781e+14 2.381577e+33
909 1.593454e+38 2.707510e+14 2.834140e+33
910 1.693454e+38 2.879576e+14 3.350350e+33
911 1.793454e+38 3.052003e+14 3.934798e+33
912 1.893454e+38 3.224815e+14 4.591813e+33
913 1.993454e+38 3.398035e+14 5.325500e+33
914 2.093454e+38 3.571687e+14 6.139773e+33
915 2.193454e+38 3.745794e+14 7.038373e+33
916 2.293454e+38 3.920378e+14 8.024881e+33
917 2.393454e+38 4.095463e+14 9.102730e+33
918 2.493454e+38 4.271071e+14 1.027521e+34
919 2.593454e+38 4.447223e+14 1.154550e+34
920 2.693454e+38 4.623942e+14 1.291663e+34
921 2.793454e+38 4.801248e+14 1.439153e+34
922 2.893454e+38 4.979163e+14 1.597304e+34
923 2.993454e+38 5.157707e+14 1.766389e+34
924 3.093454e+38 5.336900e+14 1.946672e+34
925 3.193454e+38 5.516762e+14 2.138410e+34
926 3.293454e+38 5.697312e+14 2.341853e+34
927 3.393454e+38 5.878569e+14 2.557244e+34
928 3.493454e+38 6.060553e+14 2.784822e+34
929 3.593454e+38 6.243281e+14 3.024821e+34
930 3.693454e+38 6.426771e+14 3.277472e+34
931 3.793454e+38 6.611042e+14 3.543003e+34
932 3.893454e+38 6.796111e+14 3.821641e+34
933 3.993454e+38 6.981995e+14 4.113612e+34
934 4.093454e+38 7.168711e+14 4.419143e+34
935 4.193454e+38 7.356276e+14 4.738461e+34
936 4.293454e+38 7.544707e+14 5.071796e+34
937 4.393454e+38 7.734020e+14 5.419379e+34
938 4.493454e+38 7.924232e+14 5.781446e+34
939 4.593454e+38 8.115358e+14 6.158237e+34
940 4.693454e+38 8.307415e+14 6.549994e+34
941 4.793454e+38 8.500419e+14 6.956969e+34
942 4.893454e+38 8.694385e+14 7.379415e+34
943 4.993454e+38 8.889330e+14 7.817594e+34
944 5.093454e+38 9.085268e+14 8.271774e+34
945 5.193454e+38 9.282217e+14 8.742227e+34
946 5.293454e+38 9.480191e+14 9.229237e+34
947 5.393454e+38 9.679206e+14 9.733091e+34
948 5.493454e+38 9.879278e+14 1.025409e+35
949 5.593454e+38 1.008042e+15 1.079252e+35
950 5.693454e+38 1.028266e+15 1.134872e+35
951 5.793454e+38 1.048600e+15 1.192298e+35
952 5.893454e+38 1.069045e+15 1.251564e+35
953 5.993454e+38 1.089605e+15 1.312704e+35
954 6.093454e+38 1.110280e+15 1.375751e+35
955 6.193454e+38 1.131071e+15 1.440741e+35
956 6.293454e+38 1.151981e+15 1.507710e+35
957 6.393454e+38 1.173012e+15 1.576695e+35
958 6.493454e+38 1.194164e+15 1.647735e+35
959 6.593454e+38 1.215440e+15 1.720871e+35
960 6.693454e+38 1.236841e+15 1.796149e+35
961 6.793454e+38 1.258368e+15 1.873627e+35
962 6.834629e+38 1.267270e+15 1.906192e+35
963 6.844629e+38 1.269435e+15 1.914165e+35
964 6.854629e+38 1.271602e+15 1.922159e+35
965 6.864629e+38 1.273769e+15 1.930176e+35
966 6.874629e+38 1.275938e+15 1.938214e+35
967 6.884629e+38 1.278109e+15 1.946275e+35
968 6.894629e+38 1.280280e+15 1.954358e+35
969 6.904629e+38 1.282453e+15 1.962462e+35
970 6.914629e+38 1.284628e+15 1.970590e+35
971 6.924629e+38 1.286803e+15 1.978739e+35
972 6.934629e+38 1.288980e+15 1.986910e+35
973 6.944629e+38 1.291158e+15 1.995104e+35
974 6.954629e+38 1.293338e+15 2.003320e+35
975 6.964629e+38 1.295519e+15 2.011559e+35
976 6.974629e+38 1.297701e+15 2.019819e+35
977 6.984629e+38 1.299884e+15 2.028103e+35
978 6.994629e+38 1.302069e+15 2.036408e+35
979 7.004629e+38 1.304255e+15 2.044737e+35
980 7.014629e+38 1.306443e+15 2.053087e+35
981 7.024629e+38 1.308631e+15 2.061460e+35
982 7.034629e+38 1.310822e+15 2.069856e+35
983 7.044629e+38 1.313013e+15 2.078275e+35
984 7.054629e+38 1.315206e+15 2.086716e+35
985 7.064629e+38 1.317400e+15 2.095179e+35
986 7.074629e+38 1.319595e+15 2.103666e+35
987 7.084629e+38 1.321792e+15 2.112175e+35
988 7.094629e+38 1.323990e+15 2.120707e+35
989 7.104629e+38 1.326190e+15 2.129262e+35
990 7.114629e+38 1.328390e+15 2.137839e+35
991 7.124629e+38 1.330593e+15 2.146440e+35
992 7.134629e+38 1.332796e+15 2.155063e+35
993 7.144629e+38 1.335001e+15 2.163710e+35
994 7.154629e+38 1.337207e+15 2.172379e+35
995 7.164629e+38 1.339415e+15 2.181071e+35
996 7.174629e+38 1.341623e+15 2.189787e+35
997 7.184629e+38 1.343834e+15 2.198525e+35
998 7.194629e+38 1.346045e+15 2.207287e+35
999 7.204629e+38 1.348258e+15 2.216071e+35
1000 7.214629e+38 1.350472e+15 2.224879e+35
1001 7.224629e+38 1.352688e+15 2.233710e+35
1002 7.234629e+38 1.354905e+15 2.242565e+35
1003 7.244629e+38 1.357124e+15 2.251443e+35
1004 7.254629e+38 1.359343e+15 2.260344e+35
1005 7.264629e+38 1.361564e+15 2.269268e+35
1006 7.274629e+38 1.363787e+15 2.278216e+35
1007 7.284629e+38 1.366011e+15 2.287187e+35
1008 7.294629e+38 1.368236e+15 2.296181e+35
1009 7.304629e+38 1.370463e+15 2.305199e+35
1010 7.314629e+38 1.372691e+15 2.314241e+35
1011 7.324629e+38 1.374920e+15 2.323306e+35
1012 7.334629e+38 1.377151e+15 2.332395e+35
1013 7.344629e+38 1.379383e+15 2.341507e+35
1014 7.354629e+38 1.381616e+15 2.350643e+35
1015 7.364629e+38 1.383851e+15 2.359803e+35
1016 7.374629e+38 1.386087e+15 2.368986e+35
1017 7.384629e+38 1.388325e+15 2.378193e+35
1018 7.394629e+38 1.390564e+15 2.387424e+35
1019 7.404629e+38 1.392804e+15 2.396679e+35
1020 7.414629e+38 1.395046e+15 2.405958e+35
1021 7.424629e+38 1.397290e+15 2.415260e+35
1022 7.434629e+38 1.399534e+15 2.424587e+35
1023 7.444629e+38 1.401780e+15 2.433937e+35
1024 7.454629e+38 1.404028e+15 2.443312e+35
1025 7.464629e+38 1.406276e+15 2.452710e+35
1026 7.474629e+38 1.408527e+15 2.462132e+35
1027 7.484629e+38 1.410778e+15 2.471579e+35
1028 7.494629e+38 1.413031e+15 2.481050e+35
1029 7.504629e+38 1.415286e+15 2.490545e+35
1030 7.514629e+38 1.417541e+15 2.500064e+35
1031 7.524629e+38 1.419799e+15 2.509607e+35
1032 7.534629e+38 1.422057e+15 2.519174e+35
1033 7.544629e+38 1.424317e+15 2.528766e+35
1034 7.554629e+38 1.426579e+15 2.538382e+35
1035 7.564629e+38 1.428842e+15 2.548023e+35
1036 7.574629e+38 1.431106e+15 2.557688e+35
1037 7.584629e+38 1.433372e+15 2.567377e+35
1038 7.594629e+38 1.435639e+15 2.577091e+35
1039 7.604629e+38 1.437908e+15 2.586829e+35
1040 7.614629e+38 1.440178e+15 2.596592e+35
1041 7.624629e+38 1.442449e+15 2.606379e+35
1042 7.634629e+38 1.444722e+15 2.616191e+35
1043 7.644629e+38 1.446996e+15 2.626028e+35
1044 7.654629e+38 1.449272e+15 2.635889e+35
1045 7.664629e+38 1.451549e+15 2.645775e+35
1046 7.674629e+38 1.453828e+15 2.655686e+35
1047 7.684629e+38 1.456108e+15 2.665622e+35
1048 7.694629e+38 1.458390e+15 2.675582e+35
1049 7.704629e+38 1.460673e+15 2.685567e+35
1050 7.714629e+38 1.462957e+15 2.695577e+35
1051 7.724629e+38 1.465243e+15 2.705612e+35
1052 7.734629e+38 1.467530e+15 2.715672e+35
1053 7.744629e+38 1.469819e+15 2.725756e+35
1054 7.754629e+38 1.472109e+15 2.735866e+35
1055 7.764629e+38 1.474401e+15 2.746001e+35
1056 7.774629e+38 1.476694e+15 2.756161e+35
1057 7.784629e+38 1.478988e+15 2.766346e+35
1058 7.794629e+38 1.481284e+15 2.776556e+35
1059 7.804629e+38 1.483582e+15 2.786791e+35
1060 7.814629e+38 1.485881e+15 2.797052e+35
1061 7.824629e+38 1.488181e+15 2.807337e+35
1062 7.834629e+38 1.490483e+15 2.817648e+35
1063 7.844629e+38 1.492786e+15 2.827984e+35
1064 7.854629e+38 1.495091e+15 2.838346e+35
1065 7.864629e+38 1.497397e+15 2.848733e+35
1066 7.874629e+38 1.499705e+15 2.859145e+35
1067 7.884629e+38 1.502014e+15 2.869583e+35
1068 7.894629e+38 1.504325e+15 2.880047e+35
1069 7.904629e+38 1.506637e+15 2.890535e+35
1070 7.914629e+38 1.508951e+15 2.901050e+35
1071 7.924629e+38 1.511266e+15 2.911590e+35
1072 7.934629e+38 1.513582e+15 2.922155e+35
1073 7.944629e+38 1.515900e+15 2.932746e+35
1074 7.954629e+38 1.518220e+15 2.943363e+35
1075 7.964629e+38 1.520541e+15 2.954006e+35
1076 7.974629e+38 1.522864e+15 2.964674e+35
1077 7.984629e+38 1.525188e+15 2.975368e+35
1078 7.994629e+38 1.527513e+15 2.986088e+35
1079 8.004629e+38 1.529840e+15 2.996833e+35
1080 8.014629e+38 1.532169e+15 3.007605e+35
1081 8.024629e+38 1.534499e+15 3.018402e+35
1082 8.034629e+38 1.536830e+15 3.029226e+35
1083 8.044629e+38 1.539163e+15 3.040075e+35
1084 8.054629e+38 1.541498e+15 3.050950e+35
1085 8.064629e+38 1.543834e+15 3.061852e+35
1086 8.074629e+38 1.546171e+15 3.072779e+35
1087 8.084629e+38 1.548510e+15 3.083733e+35
1088 8.094629e+38 1.550851e+15 3.094712e+35
1089 8.104629e+38 1.553193e+15 3.105718e+35
1090 8.114629e+38 1.555536e+15 3.116750e+35
1091 8.124629e+38 1.557881e+15 3.127809e+35
1092 8.134629e+38 1.560228e+15 3.138893e+35
1093 8.144629e+38 1.562576e+15 3.150004e+35
1094 8.154629e+38 1.564926e+15 3.161141e+35
1095 8.164629e+38 1.567277e+15 3.172305e+35
1096 8.174629e+38 1.569629e+15 3.183495e+35
1097 8.184629e+38 1.571984e+15 3.194711e+35
1098 8.194629e+38 1.574339e+15 3.205954e+35
1099 8.204629e+38 1.576697e+15 3.217223e+35
1100 8.214629e+38 1.579055e+15 3.228519e+35
1101 8.224629e+38 1.581416e+15 3.239842e+35
1102 8.234629e+38 1.583778e+15 3.251191e+35
1103 8.244629e+38 1.586141e+15 3.262566e+35
1104 8.254629e+38 1.588506e+15 3.273969e+35
1105 8.264629e+38 1.590872e+15 3.285398e+35
1106 8.274629e+38 1.593240e+15 3.296853e+35
1107 8.284629e+38 1.595610e+15 3.308336e+35
1108 8.294629e+38 1.597981e+15 3.319845e+35
1109 8.304629e+38 1.600353e+15 3.331381e+35
1110 8.314629e+38 1.602728e+15 3.342944e+35
1111 8.324629e+38 1.605103e+15 3.354534e+35
1112 8.334629e+38 1.607481e+15 3.366151e+35
1113 8.344629e+38 1.609859e+15 3.377795e+35
1114 8.354629e+38 1.612240e+15 3.389465e+35
1115 8.364629e+38 1.614622e+15 3.401163e+35
1116 8.374629e+38 1.617005e+15 3.412888e+35
1117 8.384629e+38 1.619390e+15 3.424640e+35
1118 8.394629e+38 1.621777e+15 3.436419e+35
1119 8.404629e+38 1.624165e+15 3.448225e+35
1120 8.414629e+38 1.626555e+15 3.460059e+35
1121 8.424629e+38 1.628946e+15 3.471919e+35
1122 8.434629e+38 1.631339e+15 3.483807e+35
1123 8.444629e+38 1.633734e+15 3.495722e+35
1124 8.454629e+38 1.636130e+15 3.507664e+35
1125 8.464629e+38 1.638527e+15 3.519634e+35
1126 8.474629e+38 1.640926e+15 3.531631e+35
1127 8.484629e+38 1.643327e+15 3.543656e+35
1128 8.494629e+38 1.645729e+15 3.555708e+35
1129 8.504629e+38 1.648133e+15 3.567787e+35
1130 8.514629e+38 1.650539e+15 3.579894e+35
1131 8.524629e+38 1.652946e+15 3.592029e+35
1132 8.534629e+38 1.655354e+15 3.604191e+35
1133 8.544629e+38 1.657765e+15 3.616380e+35
1134 8.554629e+38 1.660177e+15 3.628598e+35
1135 8.564629e+38 1.662590e+15 3.640843e+35
1136 8.574629e+38 1.665005e+15 3.653115e+35
1137 8.584629e+38 1.667422e+15 3.665416e+35
1138 8.594629e+38 1.669840e+15 3.677744e+35
1139 8.604629e+38 1.672260e+15 3.690100e+35
1140 8.614629e+38 1.674681e+15 3.702484e+35
1141 8.624629e+38 1.677104e+15 3.714895e+35
1142 8.634629e+38 1.679529e+15 3.727335e+35
1143 8.644629e+38 1.681955e+15 3.739802e+35
1144 8.654629e+38 1.684383e+15 3.752297e+35
1145 8.664629e+38 1.686812e+15 3.764821e+35
1146 8.674629e+38 1.689243e+15 3.777372e+35
1147 8.684629e+38 1.691676e+15 3.789951e+35
1148 8.694629e+38 1.694110e+15 3.802559e+35
1149 8.704629e+38 1.696546e+15 3.815194e+35
1150 8.714629e+38 1.698983e+15 3.827858e+35
1151 8.724629e+38 1.701422e+15 3.840550e+35
1152 8.734629e+38 1.703863e+15 3.853270e+35
1153 8.744629e+38 1.706306e+15 3.866018e+35
1154 8.754629e+38 1.708750e+15 3.878795e+35
1155 8.764629e+38 1.711195e+15 3.891600e+35
1156 8.774629e+38 1.713642e+15 3.904433e+35
1157 8.784629e+38 1.716091e+15 3.917294e+35
1158 8.794629e+38 1.718542e+15 3.930184e+35
1159 8.804629e+38 1.720994e+15 3.943102e+35
1160 8.814629e+38 1.723448e+15 3.956049e+35
1161 8.824629e+38 1.725903e+15 3.969024e+35
1162 8.834629e+38 1.728360e+15 3.982028e+35
1163 8.844629e+38 1.730819e+15 3.995060e+35
1164 8.854629e+38 1.733279e+15 4.008121e+35
1165 8.864629e+38 1.735741e+15 4.021210e+35
1166 8.874629e+38 1.738205e+15 4.034328e+35
1167 8.884629e+38 1.740670e+15 4.047475e+35
1168 8.894629e+38 1.743137e+15 4.060650e+35
1169 8.904629e+38 1.745605e+15 4.073854e+35
1170 8.914629e+38 1.748075e+15 4.087087e+35
1171 8.924629e+38 1.750547e+15 4.100349e+35
1172 8.934629e+38 1.753021e+15 4.113639e+35
1173 8.944629e+38 1.755496e+15 4.126958e+35
1174 8.954629e+38 1.757973e+15 4.140306e+35
1175 8.964629e+38 1.760451e+15 4.153683e+35
1176 8.974629e+38 1.762931e+15 4.167089e+35
1177 8.984629e+38 1.765413e+15 4.180524e+35
1178 8.994629e+38 1.767897e+15 4.193987e+35
1179 9.004629e+38 1.770382e+15 4.207480e+35
1180 9.014629e+38 1.772869e+15 4.221002e+35
1181 9.024629e+38 1.775357e+15 4.234553e+35
1182 9.034629e+38 1.777847e+15 4.248133e+35
1183 9.044629e+38 1.780339e+15 4.261742e+35
1184 9.054629e+38 1.782833e+15 4.275380e+35
1185 9.064629e+38 1.785328e+15 4.289048e+35
1186 9.074629e+38 1.787825e+15 4.302744e+35
1187 9.084629e+38 1.790323e+15 4.316470e+35
1188 9.094629e+38 1.792823e+15 4.330225e+35
1189 9.104629e+38 1.795325e+15 4.344009e+35
1190 9.114629e+38 1.797829e+15 4.357823e+35
1191 9.124629e+38 1.800334e+15 4.371666e+35
1192 9.134629e+38 1.802841e+15 4.385539e+35
1193 9.144629e+38 1.805350e+15 4.399440e+35
1194 9.154629e+38 1.807860e+15 4.413372e+35
1195 9.164629e+38 1.810372e+15 4.427332e+35
1196 9.174629e+38 1.812886e+15 4.441323e+35
1197 9.184629e+38 1.815401e+15 4.455342e+35
1198 9.194629e+38 1.817919e+15 4.469391e+35
1199 9.204629e+38 1.820437e+15 4.483470e+35
1200 9.214629e+38 1.822958e+15 4.497579e+35
1201 9.224629e+38 1.825480e+15 4.511717e+35
1202 9.234629e+38 1.828004e+15 4.525884e+35
1203 9.244629e+38 1.830530e+15 4.540081e+35
1204 9.254629e+38 1.833057e+15 4.554308e+35
1205 9.264629e+38 1.835586e+15 4.568565e+35
1206 9.274629e+38 1.838117e+15 4.582852e+35
1207 9.284629e+38 1.840650e+15 4.597168e+35
1208 9.294629e+38 1.843184e+15 4.611514e+35
1209 9.304629e+38 1.845720e+15 4.625890e+35
1210 9.314629e+38 1.848258e+15 4.640295e+35
1211 9.324629e+38 1.850797e+15 4.654731e+35
1212 9.334629e+38 1.853338e+15 4.669196e+35
1213 9.344629e+38 1.855881e+15 4.683692e+35
1214 9.354629e+38 1.858426e+15 4.698217e+35
1215 9.364629e+38 1.860972e+15 4.712772e+35
1216 9.374629e+38 1.863520e+15 4.727357e+35
1217 9.384629e+38 1.866070e+15 4.741973e+35
1218 9.394629e+38 1.868621e+15 4.756618e+35
1219 9.404629e+38 1.871174e+15 4.771293e+35
1220 9.414629e+38 1.873729e+15 4.785999e+35
1221 9.424629e+38 1.876286e+15 4.800734e+35
1222 9.434629e+38 1.878845e+15 4.815500e+35
1223 9.444629e+38 1.881405e+15 4.830296e+35
1224 9.454629e+38 1.883967e+15 4.845122e+35
1225 9.464629e+38 1.886531e+15 4.859978e+35
1226 9.474629e+38 1.889096e+15 4.874864e+35
1227 9.484629e+38 1.891663e+15 4.889781e+35
1228 9.494629e+38 1.894232e+15 4.904728e+35
1229 9.504629e+38 1.896803e+15 4.919705e+35
1230 9.514629e+38 1.899375e+15 4.934712e+35
1231 9.524629e+38 1.901950e+15 4.949750e+35
1232 9.534629e+38 1.904525e+15 4.964818e+35
1233 9.544629e+38 1.907103e+15 4.979916e+35
1234 9.554629e+38 1.909683e+15 4.995045e+35
1235 9.564629e+38 1.912264e+15 5.010204e+35
1236 9.574629e+38 1.914847e+15 5.025394e+35
1237 9.584629e+38 1.917432e+15 5.040614e+35
1238 9.594629e+38 1.920018e+15 5.055865e+35
1239 9.604629e+38 1.922607e+15 5.071145e+35
1240 9.614629e+38 1.925197e+15 5.086457e+35
1241 9.624629e+38 1.927789e+15 5.101799e+35
1242 9.634629e+38 1.930382e+15 5.117171e+35
1243 9.644629e+38 1.932978e+15 5.132574e+35
1244 9.654629e+38 1.935575e+15 5.148008e+35
1245 9.664629e+38 1.938174e+15 5.163472e+35
1246 9.674629e+38 1.940775e+15 5.178966e+35
1247 9.684629e+38 1.943377e+15 5.194492e+35
1248 9.694629e+38 1.945982e+15 5.210047e+35
1249 9.704629e+38 1.948588e+15 5.225634e+35
1250 9.714629e+38 1.951196e+15 5.241251e+35
1251 9.724629e+38 1.953805e+15 5.256899e+35
1252 9.734629e+38 1.956417e+15 5.272577e+35
1253 9.744629e+38 1.959030e+15 5.288286e+35
1254 9.754629e+38 1.961645e+15 5.304026e+35
1255 9.764629e+38 1.964262e+15 5.319796e+35
1256 9.774629e+38 1.966881e+15 5.335597e+35
1257 9.784629e+38 1.969501e+15 5.351429e+35
1258 9.794629e+38 1.972124e+15 5.367291e+35
1259 9.804629e+38 1.974748e+15 5.383184e+35
1260 9.814629e+38 1.977374e+15 5.399108e+35
1261 9.824629e+38 1.980001e+15 5.415063e+35
1262 9.834629e+38 1.982631e+15 5.431048e+35
1263 9.844629e+38 1.985262e+15 5.447064e+35
1264 9.854629e+38 1.987895e+15 5.463111e+35
1265 9.864629e+38 1.990530e+15 5.479188e+35
1266 9.874629e+38 1.993167e+15 5.495296e+35
1267 9.884629e+38 1.995806e+15 5.511435e+35
1268 9.894629e+38 1.998446e+15 5.527605e+35
1269 9.904629e+38 2.001088e+15 5.543805e+35
1270 9.914629e+38 2.003732e+15 5.560036e+35
1271 9.919349e+38 2.004981e+15 5.567707e+35
1272 1.001935e+39 2.031530e+15 5.731856e+35
1273 1.011935e+39 2.058264e+15 5.899098e+35
1274 1.021935e+39 2.085183e+15 6.069460e+35
1275 1.031935e+39 2.112289e+15 6.242967e+35
1276 1.041935e+39 2.139584e+15 6.419642e+35
1277 1.051935e+39 2.167070e+15 6.599512e+35
1278 1.061935e+39 2.194747e+15 6.782601e+35
1279 1.071935e+39 2.222618e+15 6.968933e+35
1280 1.081935e+39 2.250685e+15 7.158533e+35
1281 1.091935e+39 2.278947e+15 7.351425e+35
1282 1.101935e+39 2.307408e+15 7.547635e+35
1283 1.111935e+39 2.336069e+15 7.747185e+35
1284 1.121935e+39 2.364931e+15 7.950102e+35
1285 1.131935e+39 2.393996e+15 8.156408e+35
1286 1.141935e+39 2.423266e+15 8.366127e+35
1287 1.151935e+39 2.452741e+15 8.579285e+35
1288 1.161935e+39 2.482424e+15 8.795904e+35
1289 1.171935e+39 2.512317e+15 9.016008e+35
1290 1.181935e+39 2.542419e+15 9.239622e+35
1291 1.191935e+39 2.572734e+15 9.466769e+35
1292 1.201935e+39 2.603263e+15 9.697473e+35
1293 1.211935e+39 2.634007e+15 9.931757e+35
1294 1.221935e+39 2.664968e+15 1.016964e+36
1295 1.231935e+39 2.696147e+15 1.041116e+36
1296 1.241935e+39 2.727545e+15 1.065632e+36
1297 1.251935e+39 2.759165e+15 1.090516e+36
1298 1.261935e+39 2.791008e+15 1.115770e+36
1299 1.271935e+39 2.823075e+15 1.141395e+36
1300 1.281935e+39 2.855368e+15 1.167395e+36
1301 1.291935e+39 2.887888e+15 1.193771e+36
1302 1.301935e+39 2.920637e+15 1.220526e+36
1303 1.311935e+39 2.953616e+15 1.247663e+36
1304 1.321935e+39 2.986827e+15 1.275183e+36
1305 1.331935e+39 3.020271e+15 1.303088e+36
1306 1.341935e+39 3.053950e+15 1.331381e+36
1307 1.351935e+39 3.087865e+15 1.360065e+36
1308 1.361935e+39 3.122018e+15 1.389141e+36
1309 1.371935e+39 3.156410e+15 1.418612e+36
1310 1.381935e+39 3.191043e+15 1.448480e+36
1311 1.391935e+39 3.225918e+15 1.478747e+36
1312 1.401935e+39 3.261036e+15 1.509415e+36
1313 1.411935e+39 3.296399e+15 1.540487e+36
1314 1.421935e+39 3.332009e+15 1.571964e+36
1315 1.431935e+39 3.367866e+15 1.603850e+36
1316 1.441935e+39 3.403973e+15 1.636146e+36
1317 1.451935e+39 3.440331e+15 1.668854e+36
1318 1.461935e+39 3.476941e+15 1.701976e+36
1319 1.471935e+39 3.513805e+15 1.735516e+36
1320 1.481935e+39 3.550923e+15 1.769474e+36
1321 1.491935e+39 3.588299e+15 1.803854e+36
1322 1.501935e+39 3.625932e+15 1.838656e+36
1323 1.511935e+39 3.663824e+15 1.873884e+36
1324 1.521935e+39 3.701978e+15 1.909540e+36
1325 1.531935e+39 3.740394e+15 1.945625e+36
1326 1.541935e+39 3.779073e+15 1.982142e+36
1327 1.551935e+39 3.818017e+15 2.019092e+36
1328 1.561935e+39 3.857228e+15 2.056479e+36
1329 1.571935e+39 3.896707e+15 2.094304e+36
1330 1.581935e+39 3.936455e+15 2.132569e+36
1331 1.591935e+39 3.976474e+15 2.171276e+36
1332 1.601935e+39 4.016765e+15 2.210428e+36
1333 1.611935e+39 4.057329e+15 2.250027e+36
1334 1.621935e+39 4.098168e+15 2.290074e+36
1335 1.631935e+39 4.139284e+15 2.330571e+36
1336 1.641935e+39 4.180677e+15 2.371522e+36
1337 1.651935e+39 4.222349e+15 2.412927e+36
1338 1.661935e+39 4.264302e+15 2.454789e+36
1339 1.671935e+39 4.306536e+15 2.497110e+36
1340 1.681935e+39 4.349053e+15 2.539892e+36
1341 1.691935e+39 4.391855e+15 2.583137e+36
1342 1.701935e+39 4.434943e+15 2.626847e+36
1343 1.711935e+39 4.478319e+15 2.671024e+36
1344 1.721935e+39 4.521983e+15 2.715670e+36
1345 1.731935e+39 4.565937e+15 2.760788e+36
1346 1.741935e+39 4.610182e+15 2.806378e+36
1347 1.751935e+39 4.654720e+15 2.852444e+36
1348 1.761935e+39 4.699552e+15 2.898987e+36
1349 1.771935e+39 4.744680e+15 2.946009e+36
1350 1.781935e+39 4.790104e+15 2.993512e+36
1351 1.791935e+39 4.835826e+15 3.041498e+36
1352 1.801935e+39 4.881848e+15 3.089970e+36
1353 1.811935e+39 4.928171e+15 3.138928e+36
1354 1.821935e+39 4.974796e+15 3.188376e+36
1355 1.831935e+39 5.021724e+15 3.238315e+36
1356 1.841935e+39 5.068957e+15 3.288746e+36
1357 1.851935e+39 5.116496e+15 3.339673e+36
1358 1.861935e+39 5.164343e+15 3.391097e+36
1359 1.871935e+39 5.212498e+15 3.443019e+36
1360 1.881935e+39 5.260964e+15 3.495442e+36
1361 1.891935e+39 5.309741e+15 3.548368e+36
1362 1.901935e+39 5.358831e+15 3.601799e+36
1363 1.911935e+39 5.408235e+15 3.655736e+36
1364 1.921935e+39 5.457954e+15 3.710182e+36
1365 1.931935e+39 5.507989e+15 3.765138e+36
1366 1.941935e+39 5.558343e+15 3.820607e+36
1367 1.951935e+39 5.609016e+15 3.876589e+36
1368 1.961935e+39 5.660010e+15 3.933088e+36
1369 1.971935e+39 5.711326e+15 3.990105e+36
1370 1.981935e+39 5.762964e+15 4.047642e+36
1371 1.991935e+39 5.814928e+15 4.105701e+36
1372 2.001935e+39 5.867217e+15 4.164284e+36
1373 2.011935e+39 5.919833e+15 4.223392e+36
1374 2.021935e+39 5.972777e+15 4.283027e+36
1375 2.031935e+39 6.026051e+15 4.343192e+36
1376 2.041935e+39 6.079656e+15 4.403888e+36
1377 2.051935e+39 6.133593e+15 4.465118e+36
1378 2.061935e+39 6.187863e+15 4.526882e+36
1379 2.071935e+39 6.242469e+15 4.589182e+36
1380 2.081935e+39 6.297410e+15 4.652022e+36
1381 2.091935e+39 6.352689e+15 4.715402e+36
1382 2.101935e+39 6.408306e+15 4.779324e+36
1383 2.111935e+39 6.464263e+15 4.843790e+36
1384 2.121935e+39 6.520561e+15 4.908803e+36
1385 2.131935e+39 6.577201e+15 4.974363e+36
1386 2.141935e+39 6.634185e+15 5.040472e+36
1387 2.151935e+39 6.691514e+15 5.107133e+36
1388 2.161935e+39 6.749188e+15 5.174347e+36
1389 2.171935e+39 6.807211e+15 5.242117e+36
1390 2.181935e+39 6.865581e+15 5.310443e+36
1391 2.191935e+39 6.924302e+15 5.379327e+36
1392 2.201935e+39 6.983374e+15 5.448772e+36
1393 2.211935e+39 7.042798e+15 5.518779e+36
1394 2.221935e+39 7.102575e+15 5.589351e+36
1395 2.231935e+39 7.162708e+15 5.660488e+36
1396 2.241935e+39 7.223196e+15 5.732192e+36
1397 2.251935e+39 7.284042e+15 5.804466e+36
1398 2.261935e+39 7.345246e+15 5.877310e+36
1399 2.271935e+39 7.406810e+15 5.950728e+36
1400 2.281935e+39 7.468735e+15 6.024720e+36
1401 2.291935e+39 7.531022e+15 6.099289e+36
1402 2.301935e+39 7.593673e+15 6.174435e+36
1403 2.311935e+39 7.656688e+15 6.250161e+36
1404 2.321935e+39 7.720069e+15 6.326469e+36
1405 2.331935e+39 7.783817e+15 6.403360e+36
1406 2.341935e+39 7.847933e+15 6.480837e+36
1407 2.351935e+39 7.912419e+15 6.558900e+36
1408 2.361935e+39 7.977275e+15 6.637551e+36
1409 2.371935e+39 8.042504e+15 6.716793e+36
1410 2.381935e+39 8.108105e+15 6.796626e+36
1411 2.391935e+39 8.174081e+15 6.877053e+36
1412 2.401935e+39 8.240432e+15 6.958076e+36
1413 2.411935e+39 8.307160e+15 7.039695e+36
1414 2.421935e+39 8.374266e+15 7.121913e+36
1415 2.431935e+39 8.441751e+15 7.204732e+36
1416 2.441935e+39 8.509616e+15 7.288153e+36
1417 2.451935e+39 8.577863e+15 7.372177e+36
1418 2.461935e+39 8.646492e+15 7.456807e+36
1419 2.471935e+39 8.715505e+15 7.542044e+36
1420 2.481935e+39 8.784904e+15 7.627890e+36
1421 2.491935e+39 8.854688e+15 7.714347e+36
1422 2.501935e+39 8.924860e+15 7.801416e+36
1423 2.511935e+39 8.995421e+15 7.889098e+36
1424 2.521935e+39 9.066371e+15 7.977396e+36
1425 2.531935e+39 9.137712e+15 8.066311e+36
1426 2.541935e+39 9.209445e+15 8.155845e+36
1427 2.551935e+39 9.281572e+15 8.246000e+36
1428 2.561935e+39 9.354092e+15 8.336776e+36
1429 2.571935e+39 9.427009e+15 8.428177e+36
1430 2.581935e+39 9.500322e+15 8.520202e+36
1431 2.591935e+39 9.574033e+15 8.612855e+36
1432 2.601935e+39 9.648144e+15 8.706136e+36
1433 2.611935e+39 9.722654e+15 8.800048e+36
1434 2.621935e+39 9.797566e+15 8.894591e+36
1435 2.631935e+39 9.872880e+15 8.989768e+36
1436 2.641935e+39 9.948599e+15 9.085580e+36
1437 2.651935e+39 1.002472e+16 9.182029e+36
1438 2.661935e+39 1.010125e+16 9.279116e+36
1439 2.671935e+39 1.017819e+16 9.376844e+36
1440 2.681935e+39 1.025553e+16 9.475212e+36
1441 2.691935e+39 1.033329e+16 9.574224e+36
1442 2.701935e+39 1.041145e+16 9.673881e+36
1443 2.711935e+39 1.049003e+16 9.774184e+36
1444 2.721935e+39 1.056901e+16 9.875134e+36
1445 2.731935e+39 1.064842e+16 9.976735e+36
1446 2.741935e+39 1.072824e+16 1.007899e+37
1447 2.751935e+39 1.080847e+16 1.018189e+37
1448 2.761935e+39 1.088912e+16 1.028545e+37
1449 2.771935e+39 1.097019e+16 1.038966e+37
1450 2.781935e+39 1.105168e+16 1.049453e+37
1451 2.791935e+39 1.113359e+16 1.060006e+37
1452 2.801935e+39 1.121593e+16 1.070625e+37
1453 2.811935e+39 1.129868e+16 1.081311e+37
1454 2.821935e+39 1.138186e+16 1.092062e+37
1455 2.831935e+39 1.146547e+16 1.102881e+37
1456 2.841935e+39 1.154950e+16 1.113765e+37
1457 2.851935e+39 1.163395e+16 1.124717e+37
1458 2.861935e+39 1.171884e+16 1.135736e+37
1459 2.871935e+39 1.180416e+16 1.146821e+37
1460 2.881935e+39 1.188991e+16 1.157974e+37
1461 2.891935e+39 1.197609e+16 1.169195e+37
1462 2.901935e+39 1.206270e+16 1.180483e+37
1463 2.911935e+39 1.214975e+16 1.191839e+37
1464 2.921935e+39 1.223723e+16 1.203262e+37
1465 2.931935e+39 1.232515e+16 1.214754e+37
1466 2.941935e+39 1.241350e+16 1.226314e+37
1467 2.951935e+39 1.250230e+16 1.237942e+37
1468 2.961935e+39 1.259153e+16 1.249639e+37
1469 2.971935e+39 1.268120e+16 1.261404e+37
1470 2.981935e+39 1.277132e+16 1.273238e+37
1471 2.991935e+39 1.286188e+16 1.285142e+37
1472 3.001935e+39 1.295288e+16 1.297114e+37
1473 3.011935e+39 1.304433e+16 1.309155e+37
1474 3.021935e+39 1.313622e+16 1.321266e+37
1475 3.031935e+39 1.322856e+16 1.333446e+37
1476 3.041935e+39 1.332135e+16 1.345696e+37
1477 3.051935e+39 1.341459e+16 1.358016e+37
1478 3.061935e+39 1.350828e+16 1.370406e+37
1479 3.071935e+39 1.360242e+16 1.382866e+37
1480 3.081935e+39 1.369702e+16 1.395396e+37
1481 3.091935e+39 1.379206e+16 1.407997e+37
1482 3.101935e+39 1.388756e+16 1.420668e+37
1483 3.111935e+39 1.398352e+16 1.433410e+37
1484 3.121935e+39 1.407994e+16 1.446223e+37
1485 3.131935e+39 1.417681e+16 1.459107e+37
1486 3.141935e+39 1.427414e+16 1.472062e+37
1487 3.151935e+39 1.437193e+16 1.485088e+37
1488 3.161935e+39 1.447018e+16 1.498186e+37
1489 3.171935e+39 1.456890e+16 1.511355e+37
1490 3.181935e+39 1.466808e+16 1.524596e+37
1491 3.191935e+39 1.476772e+16 1.537909e+37
1492 3.201935e+39 1.486782e+16 1.551294e+37
1493 3.211935e+39 1.496840e+16 1.564751e+37
1494 3.221935e+39 1.506944e+16 1.578280e+37
1495 3.231935e+39 1.517095e+16 1.591882e+37
1496 3.241935e+39 1.527293e+16 1.605556e+37
1497 3.251935e+39 1.537538e+16 1.619303e+37
1498 3.261935e+39 1.547830e+16 1.633123e+37
1499 3.271935e+39 1.558169e+16 1.647016e+37
1500 3.281935e+39 1.568556e+16 1.660982e+37
1501 3.291935e+39 1.578990e+16 1.675021e+37
1502 3.301935e+39 1.589472e+16 1.689134e+37
1503 3.311935e+39 1.600001e+16 1.703320e+37
1504 3.321935e+39 1.610579e+16 1.717580e+37
1505 3.331935e+39 1.621204e+16 1.731914e+37
1506 3.341935e+39 1.631877e+16 1.746321e+37
1507 3.351935e+39 1.642598e+16 1.760803e+37
1508 3.361935e+39 1.653368e+16 1.775359e+37
1509 3.371935e+39 1.664185e+16 1.789990e+37
1510 3.381935e+39 1.675051e+16 1.804695e+37
1511 3.391935e+39 1.685966e+16 1.819474e+37
1512 3.401935e+39 1.696929e+16 1.834329e+37
1513 3.411935e+39 1.707941e+16 1.849258e+37
1514 3.421935e+39 1.719002e+16 1.864263e+37
1515 3.431935e+39 1.730112e+16 1.879343e+37
1516 3.441935e+39 1.741270e+16 1.894498e+37
1517 3.451935e+39 1.752478e+16 1.909728e+37
1518 3.461935e+39 1.763735e+16 1.925034e+37
1519 3.471935e+39 1.775041e+16 1.940416e+37
1520 3.481935e+39 1.786397e+16 1.955874e+37
1521 3.491935e+39 1.797802e+16 1.971408e+37
1522 3.501935e+39 1.809257e+16 1.987018e+37
1523 3.511935e+39 1.820762e+16 2.002704e+37
1524 3.521935e+39 1.832316e+16 2.018466e+37
1525 3.531935e+39 1.843920e+16 2.034306e+37
1526 3.541935e+39 1.855575e+16 2.050222e+37
1527 3.551935e+39 1.867279e+16 2.066214e+37
1528 3.561935e+39 1.879034e+16 2.082284e+37
1529 3.571935e+39 1.890839e+16 2.098431e+37
1530 3.581935e+39 1.902694e+16 2.114654e+37
1531 3.591935e+39 1.914600e+16 2.130956e+37
1532 3.601935e+39 1.926557e+16 2.147335e+37
1533 3.611935e+39 1.938564e+16 2.163791e+37
1534 3.621935e+39 1.950622e+16 2.180325e+37
1535 3.631935e+39 1.962731e+16 2.196937e+37
1536 3.641935e+39 1.974891e+16 2.213627e+37
1537 3.651935e+39 1.987102e+16 2.230395e+37
1538 3.661935e+39 1.999364e+16 2.247241e+37
1539 3.671935e+39 2.011678e+16 2.264166e+37
1540 3.681935e+39 2.024043e+16 2.281169e+37
1541 3.691935e+39 2.036459e+16 2.298251e+37
1542 3.701935e+39 2.048927e+16 2.315412e+37
1543 3.711935e+39 2.061447e+16 2.332652e+37
1544 3.721935e+39 2.074019e+16 2.349970e+37
1545 3.731935e+39 2.086642e+16 2.367368e+37
1546 3.741935e+39 2.099318e+16 2.384845e+37
1547 3.751935e+39 2.112045e+16 2.402402e+37
1548 3.761935e+39 2.124825e+16 2.420038e+37
1549 3.771935e+39 2.137657e+16 2.437753e+37
1550 3.781935e+39 2.150541e+16 2.455549e+37
1551 3.791935e+39 2.163478e+16 2.473424e+37
1552 3.801935e+39 2.176468e+16 2.491380e+37
1553 3.811935e+39 2.189510e+16 2.509415e+37
1554 3.821935e+39 2.202605e+16 2.527531e+37
1555 3.831935e+39 2.215752e+16 2.545728e+37
1556 3.841935e+39 2.228953e+16 2.564004e+37
1557 3.851935e+39 2.242207e+16 2.582362e+37
1558 3.861935e+39 2.255513e+16 2.600800e+37
1559 3.871935e+39 2.268874e+16 2.619320e+37
1560 3.881935e+39 2.282287e+16 2.637920e+37
1561 3.891935e+39 2.295754e+16 2.656602e+37
1562 3.901935e+39 2.309274e+16 2.675364e+37
1563 3.911935e+39 2.322848e+16 2.694209e+37
1564 3.921935e+39 2.336476e+16 2.713134e+37
1565 3.931935e+39 2.350157e+16 2.732142e+37
1566 3.941935e+39 2.363893e+16 2.751231e+37
1567 3.951935e+39 2.377682e+16 2.770402e+37
1568 3.961935e+39 2.391526e+16 2.789655e+37
1569 3.971935e+39 2.405424e+16 2.808990e+37
1570 3.981935e+39 2.419375e+16 2.828408e+37
1571 3.991935e+39 2.433382e+16 2.847908e+37
