#
#
#
1227 <-- Number of lines
#
#
#
1 4.734940e+24 7.860000e+00 2.510000e+09
2 4.740964e+24 7.870000e+00 6.310000e+09
3 4.753012e+24 7.890000e+00 1.590000e+10
4 4.891566e+24 8.120000e+00 3.980000e+10
5 5.108434e+24 8.480000e+00 1.000000e+11
6 5.481928e+24 9.100000e+00 2.510000e+11
7 6.144578e+24 1.020000e+01 6.310000e+11
8 7.108434e+24 1.180000e+01 1.590000e+12
9 8.554217e+24 1.420000e+01 3.980000e+12
10 1.072289e+25 1.780000e+01 1.000000e+13
11 1.415663e+25 2.350000e+01 2.510000e+13
12 1.927711e+25 3.200000e+01 6.310000e+13
13 2.704819e+25 4.490000e+01 1.590000e+14
14 3.885542e+25 6.450000e+01 3.980000e+14
15 5.716867e+25 9.490000e+01 1.000000e+15
16 8.614458e+25 1.430000e+02 2.510000e+15
17 1.313253e+26 2.180000e+02 6.310000e+15
18 2.042169e+26 3.390000e+02 1.590000e+16
19 3.216867e+26 5.340000e+02 3.980000e+16
20 5.138554e+26 8.530000e+02 1.000000e+17
21 8.313253e+26 1.380000e+03 2.510000e+17
22 1.385542e+27 2.300000e+03 6.310000e+17
23 2.283133e+27 3.790000e+03 1.590000e+18
24 3.783133e+27 6.280000e+03 3.980000e+18
25 6.325301e+27 1.050000e+04 1.000000e+19
26 1.060241e+28 1.760000e+04 2.510000e+19
27 1.789157e+28 2.970000e+04 6.310000e+19
28 3.036145e+28 5.040000e+04 1.590000e+20
29 5.180723e+28 8.600000e+04 3.980000e+20
30 8.855422e+28 1.470000e+05 1.000000e+21
31 1.518072e+29 2.520000e+05 2.510000e+21
32 2.608434e+29 4.330000e+05 6.310000e+21
33 4.673370e+29 7.751701e+05 1.441959e+22
34 4.761640e+29 7.898119e+05 1.485807e+22
35 4.851640e+29 8.047406e+05 1.530987e+22
36 4.943390e+29 8.199597e+05 1.577543e+22
37 5.036940e+29 8.354774e+05 1.625520e+22
38 5.132310e+29 8.512970e+05 1.674947e+22
39 5.229550e+29 8.674268e+05 1.725881e+22
40 5.328690e+29 8.838717e+05 1.778352e+22
41 5.429780e+29 9.006402e+05 1.832441e+22
42 5.532840e+29 9.177354e+05 1.888149e+22
43 5.637930e+29 9.351674e+05 1.945571e+22
44 5.745090e+29 9.529428e+05 2.004739e+22
45 5.854340e+29 9.710648e+05 2.065686e+22
46 5.965750e+29 9.895452e+05 2.128507e+22
47 6.079350e+29 1.008389e+06 2.193235e+22
48 6.195180e+29 1.027603e+06 2.259918e+22
49 6.313300e+29 1.047196e+06 2.328651e+22
50 6.433740e+29 1.067174e+06 2.399452e+22
51 6.556570e+29 1.087549e+06 2.472415e+22
52 6.681820e+29 1.108325e+06 2.547605e+22
53 6.809540e+29 1.129511e+06 2.625070e+22
54 6.939790e+29 1.151117e+06 2.704890e+22
55 7.072620e+29 1.173151e+06 2.787146e+22
56 7.208080e+29 1.195621e+06 2.871901e+22
57 7.346230e+29 1.218537e+06 2.959236e+22
58 7.487120e+29 1.241908e+06 3.049214e+22
59 7.630800e+29 1.265741e+06 3.141932e+22
60 7.777340e+29 1.290050e+06 3.237486e+22
61 7.926800e+29 1.314842e+06 3.335924e+22
62 8.079230e+29 1.340127e+06 3.437374e+22
63 8.234690e+29 1.365915e+06 3.541900e+22
64 8.393260e+29 1.392219e+06 3.649598e+22
65 8.554980e+29 1.419045e+06 3.760581e+22
66 8.719940e+29 1.446409e+06 3.874928e+22
67 8.888190e+29 1.474318e+06 3.992752e+22
68 9.059810e+29 1.502787e+06 4.114181e+22
69 9.234860e+29 1.531825e+06 4.239279e+22
70 9.413410e+29 1.561443e+06 4.368190e+22
71 9.595550e+29 1.591657e+06 4.501026e+22
72 9.781340e+29 1.622476e+06 4.637884e+22
73 9.970850e+29 1.653913e+06 4.778924e+22
74 1.016420e+30 1.685986e+06 4.924241e+22
75 1.036140e+30 1.718698e+06 5.073981e+22
76 1.056260e+30 1.752074e+06 5.228270e+22
77 1.076780e+30 1.786114e+06 5.387254e+22
78 1.097720e+30 1.820850e+06 5.551077e+22
79 1.119070e+30 1.856266e+06 5.719866e+22
80 1.140860e+30 1.892412e+06 5.893798e+22
81 1.163090e+30 1.929289e+06 6.073018e+22
82 1.185770e+30 1.966911e+06 6.257701e+22
83 1.208910e+30 2.005297e+06 6.447991e+22
84 1.232520e+30 2.044463e+06 6.644050e+22
85 1.256600e+30 2.084408e+06 6.846100e+22
86 1.281180e+30 2.125183e+06 7.054271e+22
87 1.306250e+30 2.166771e+06 7.268786e+22
88 1.331830e+30 2.209205e+06 7.489807e+22
89 1.357930e+30 2.252501e+06 7.717572e+22
90 1.384570e+30 2.296694e+06 7.952243e+22
91 1.411740e+30 2.341765e+06 8.194059e+22
92 1.439470e+30 2.387766e+06 8.443230e+22
93 1.467760e+30 2.434696e+06 8.699979e+22
94 1.496630e+30 2.482588e+06 8.964530e+22
95 1.526090e+30 2.531459e+06 9.237124e+22
96 1.556160e+30 2.581342e+06 9.518018e+22
97 1.586840e+30 2.632237e+06 9.807451e+22
98 1.618140e+30 2.684160e+06 1.010568e+23
99 1.650090e+30 2.737162e+06 1.041298e+23
100 1.682690e+30 2.791243e+06 1.072962e+23
101 1.715960e+30 2.846434e+06 1.105588e+23
102 1.749920e+30 2.902771e+06 1.139208e+23
103 1.784570e+30 2.960252e+06 1.173849e+23
104 1.819940e+30 3.018928e+06 1.209544e+23
105 1.856030e+30 3.078799e+06 1.246325e+23
106 1.892860e+30 3.139897e+06 1.284223e+23
107 1.930460e+30 3.202273e+06 1.323274e+23
108 1.968830e+30 3.265926e+06 1.363513e+23
109 2.008000e+30 3.330906e+06 1.404976e+23
110 2.047970e+30 3.397214e+06 1.447699e+23
111 2.088770e+30 3.464899e+06 1.491721e+23
112 2.130410e+30 3.533977e+06 1.537082e+23
113 2.172920e+30 3.604499e+06 1.583822e+23
114 2.216310e+30 3.676481e+06 1.631977e+23
115 2.260600e+30 3.749956e+06 1.681612e+23
116 2.305800e+30 3.824941e+06 1.732738e+23
117 2.351950e+30 3.901502e+06 1.785433e+23
118 2.399050e+30 3.979640e+06 1.839731e+23
119 2.447140e+30 4.059420e+06 1.895679e+23
120 2.496230e+30 4.140859e+06 1.953309e+23
121 2.546340e+30 4.223990e+06 2.012718e+23
122 2.597490e+30 4.308847e+06 2.073921e+23
123 2.649710e+30 4.395479e+06 2.136983e+23
124 2.703020e+30 4.483920e+06 2.201967e+23
125 2.757450e+30 4.574219e+06 2.268922e+23
126 2.813010e+30 4.666393e+06 2.337912e+23
127 2.869740e+30 4.760508e+06 2.409017e+23
128 2.927660e+30 4.856598e+06 2.482268e+23
129 2.986790e+30 4.954695e+06 2.557747e+23
130 3.047160e+30 5.054850e+06 2.635516e+23
131 3.108800e+30 5.157112e+06 2.715657e+23
132 3.171730e+30 5.261514e+06 2.798249e+23
133 3.235980e+30 5.368107e+06 2.883341e+23
134 3.301590e+30 5.476956e+06 2.971012e+23
135 3.368580e+30 5.588094e+06 3.061359e+23
136 3.436980e+30 5.701573e+06 3.154445e+23
137 3.506820e+30 5.817440e+06 3.250367e+23
138 3.578130e+30 5.935747e+06 3.349206e+23
139 3.650950e+30 6.056559e+06 3.451056e+23
140 3.725310e+30 6.179927e+06 3.555999e+23
141 3.801240e+30 6.305900e+06 3.664130e+23
142 3.878770e+30 6.434527e+06 3.775545e+23
143 3.957950e+30 6.565893e+06 3.890357e+23
144 4.038810e+30 6.700045e+06 4.008662e+23
145 4.121380e+30 6.837036e+06 4.130555e+23
146 4.205700e+30 6.976930e+06 4.256150e+23
147 4.291810e+30 7.119794e+06 4.385574e+23
148 4.379750e+30 7.265695e+06 4.518939e+23
149 4.469550e+30 7.414683e+06 4.656357e+23
150 4.561270e+30 7.566856e+06 4.797942e+23
151 4.654950e+30 7.722281e+06 4.943836e+23
152 4.750610e+30 7.880992e+06 5.094184e+23
153 4.848320e+30 8.043105e+06 5.249083e+23
154 5.097070e+30 8.455786e+06 5.408691e+23
155 5.202040e+30 8.629945e+06 5.573171e+23
156 5.309250e+30 8.807821e+06 5.742633e+23
157 5.418750e+30 8.989496e+06 5.917270e+23
158 5.530590e+30 9.175054e+06 6.097195e+23
159 5.644820e+30 9.364579e+06 6.282615e+23
160 5.761500e+30 9.558169e+06 6.473658e+23
161 5.880680e+30 9.755907e+06 6.670502e+23
162 6.002410e+30 9.957877e+06 6.873353e+23
163 6.126750e+30 1.016418e+07 7.082357e+23
164 6.253760e+30 1.037491e+07 7.297722e+23
165 6.383500e+30 1.059017e+07 7.519623e+23
166 6.516030e+30 1.081006e+07 7.748286e+23
167 6.651400e+30 1.103467e+07 7.983902e+23
168 6.789690e+30 1.126412e+07 8.226680e+23
169 6.930950e+30 1.149850e+07 8.476843e+23
170 7.075260e+30 1.173794e+07 8.734618e+23
171 7.222670e+30 1.198252e+07 9.000210e+23
172 7.373270e+30 1.223240e+07 9.273894e+23
173 7.527110e+30 1.248766e+07 9.555909e+23
174 7.684280e+30 1.274844e+07 9.846480e+23
175 7.844840e+30 1.301485e+07 1.014589e+24
176 8.008870e+30 1.328701e+07 1.045443e+24
177 8.176450e+30 1.356507e+07 1.077233e+24
178 8.347650e+30 1.384913e+07 1.109989e+24
179 8.522560e+30 1.413935e+07 1.143743e+24
180 8.701260e+30 1.443587e+07 1.178523e+24
181 8.883830e+30 1.473880e+07 1.214358e+24
182 9.070360e+30 1.504831e+07 1.251285e+24
183 9.260940e+30 1.536453e+07 1.289336e+24
184 9.455650e+30 1.568761e+07 1.328542e+24
185 9.654590e+30 1.601772e+07 1.368941e+24
186 9.857860e+30 1.635500e+07 1.410569e+24
187 1.006550e+31 1.669954e+07 1.453462e+24
188 1.027770e+31 1.705165e+07 1.497660e+24
189 1.049460e+31 1.741156e+07 1.543202e+24
190 1.071610e+31 1.777910e+07 1.590128e+24
191 1.094250e+31 1.815478e+07 1.638482e+24
192 1.117380e+31 1.853858e+07 1.688309e+24
193 1.141010e+31 1.893069e+07 1.739643e+24
194 1.165160e+31 1.933143e+07 1.792547e+24
195 1.189840e+31 1.974096e+07 1.847053e+24
196 1.215060e+31 2.015945e+07 1.903225e+24
197 1.240830e+31 2.058708e+07 1.961096e+24
198 1.267160e+31 2.102400e+07 2.020729e+24
199 1.294060e+31 2.147037e+07 2.082173e+24
200 1.321560e+31 2.192671e+07 2.145491e+24
201 1.349660e+31 2.239301e+07 2.210731e+24
202 1.378370e+31 2.286943e+07 2.277959e+24
203 1.407710e+31 2.335630e+07 2.347221e+24
204 1.437690e+31 2.385380e+07 2.418598e+24
205 1.468340e+31 2.436242e+07 2.492137e+24
206 1.499650e+31 2.488200e+07 2.567920e+24
207 1.531650e+31 2.541303e+07 2.646010e+24
208 1.564360e+31 2.595584e+07 2.726472e+24
209 1.597780e+31 2.651044e+07 2.809384e+24
210 1.631940e+31 2.707732e+07 2.894812e+24
211 1.666850e+31 2.765665e+07 2.982836e+24
212 1.702530e+31 2.824876e+07 3.073535e+24
213 1.738990e+31 2.885381e+07 3.167006e+24
214 1.776250e+31 2.947215e+07 3.263313e+24
215 1.814340e+31 3.010426e+07 3.362536e+24
216 1.853260e+31 3.075016e+07 3.464787e+24
217 1.893040e+31 3.141032e+07 3.570146e+24
218 1.933700e+31 3.208510e+07 3.678709e+24
219 1.975260e+31 3.277481e+07 3.790573e+24
220 2.017730e+31 3.347963e+07 3.905834e+24
221 2.061140e+31 3.420005e+07 4.024619e+24
222 2.105510e+31 3.493641e+07 4.146994e+24
223 2.150860e+31 3.568904e+07 4.273101e+24
224 2.197210e+31 3.645827e+07 4.403037e+24
225 2.244590e+31 3.724460e+07 4.536931e+24
226 2.293010e+31 3.804819e+07 4.674895e+24
227 2.342510e+31 3.886970e+07 4.817040e+24
228 2.393100e+31 3.970932e+07 4.963527e+24
229 2.444810e+31 4.056753e+07 5.114452e+24
230 2.497660e+31 4.144466e+07 5.269975e+24
231 2.551690e+31 4.234138e+07 5.430225e+24
232 2.606910e+31 4.325786e+07 5.595361e+24
233 2.663360e+31 4.419475e+07 5.765496e+24
234 2.721060e+31 4.515240e+07 5.940822e+24
235 2.780040e+31 4.613130e+07 6.121468e+24
236 2.840330e+31 4.713195e+07 6.307625e+24
237 2.901950e+31 4.815467e+07 6.499421e+24
238 2.964950e+31 4.920031e+07 6.697066e+24
239 3.029340e+31 5.026903e+07 6.900702e+24
240 3.095170e+31 5.136165e+07 7.110539e+24
241 3.162450e+31 5.247835e+07 7.326769e+24
242 3.231240e+31 5.362011e+07 7.549568e+24
243 3.301550e+31 5.478711e+07 7.779128e+24
244 3.373420e+31 5.598002e+07 8.015689e+24
245 3.446900e+31 5.719965e+07 8.259428e+24
246 3.522010e+31 5.844635e+07 8.510585e+24
247 3.598790e+31 5.972077e+07 8.769385e+24
248 3.677290e+31 6.102375e+07 9.036051e+24
249 3.757530e+31 6.235563e+07 9.310824e+24
250 3.839560e+31 6.371722e+07 9.593945e+24
251 3.923410e+31 6.510903e+07 9.885685e+24
252 4.009140e+31 6.653206e+07 1.018629e+25
253 4.096780e+31 6.798680e+07 1.049603e+25
254 4.186370e+31 6.947392e+07 1.081520e+25
255 4.277960e+31 7.099426e+07 1.114408e+25
256 4.371600e+31 7.254863e+07 1.148296e+25
257 4.467330e+31 7.413770e+07 1.183214e+25
258 4.565190e+31 7.576214e+07 1.219194e+25
259 4.665240e+31 7.742295e+07 1.256267e+25
260 4.767520e+31 7.912079e+07 1.294469e+25
261 4.872090e+31 8.085665e+07 1.333831e+25
262 4.978990e+31 8.263121e+07 1.374390e+25
263 5.088290e+31 8.444562e+07 1.416185e+25
264 5.200030e+31 8.630055e+07 1.459248e+25
265 5.314270e+31 8.819699e+07 1.503622e+25
266 5.431060e+31 9.013579e+07 1.549345e+25
267 5.550460e+31 9.211792e+07 1.596458e+25
268 5.672540e+31 9.414456e+07 1.645003e+25
269 5.797350e+31 9.621654e+07 1.695023e+25
270 5.924960e+31 9.833502e+07 1.746565e+25
271 6.055420e+31 1.005008e+08 1.799677e+25
272 6.188800e+31 1.027151e+08 1.854407e+25
273 6.325180e+31 1.049792e+08 1.910788e+25
274 6.464600e+31 1.072939e+08 1.968899e+25
275 6.607160e+31 1.096606e+08 2.028772e+25
276 6.752900e+31 1.120802e+08 2.090456e+25
277 6.901920e+31 1.145543e+08 2.154030e+25
278 7.054280e+31 1.170838e+08 2.219527e+25
279 7.210050e+31 1.196699e+08 2.287027e+25
280 7.369320e+31 1.223142e+08 2.356561e+25
281 7.532160e+31 1.250178e+08 2.428227e+25
282 7.698660e+31 1.277822e+08 2.502071e+25
283 7.868890e+31 1.306085e+08 2.578142e+25
284 8.042940e+31 1.334983e+08 2.656553e+25
285 8.220900e+31 1.364530e+08 2.737335e+25
286 8.402860e+31 1.394742e+08 2.820568e+25
287 8.588900e+31 1.425631e+08 2.906332e+25
288 8.779130e+31 1.457217e+08 2.994708e+25
289 8.973630e+31 1.489511e+08 3.085776e+25
290 9.172500e+31 1.522532e+08 3.179615e+25
291 9.375830e+31 1.556293e+08 3.276307e+25
292 9.583740e+31 1.590815e+08 3.375930e+25
293 9.796320e+31 1.626113e+08 3.478582e+25
294 1.001370e+32 1.662208e+08 3.584357e+25
295 1.023590e+32 1.699104e+08 3.693353e+25
296 1.046320e+32 1.736848e+08 3.805666e+25
297 1.069550e+32 1.775421e+08 3.921391e+25
298 1.093310e+32 1.814876e+08 4.040641e+25
299 1.117610e+32 1.855227e+08 4.163496e+25
300 1.142450e+32 1.896476e+08 4.290116e+25
301 1.167850e+32 1.938655e+08 4.420565e+25
302 1.193820e+32 1.981780e+08 4.554988e+25
303 1.220370e+32 2.025870e+08 4.693496e+25
304 1.247530e+32 2.070973e+08 4.836218e+25
305 1.275290e+32 2.117072e+08 4.983282e+25
306 1.303680e+32 2.164219e+08 5.134815e+25
307 1.332710e+32 2.212429e+08 5.290964e+25
308 1.362400e+32 2.261735e+08 5.451854e+25
309 1.392750e+32 2.312138e+08 5.617631e+25
310 1.423790e+32 2.363688e+08 5.788455e+25
311 1.455520e+32 2.416384e+08 5.964470e+25
312 1.487970e+32 2.470276e+08 6.145837e+25
313 1.521160e+32 2.525398e+08 6.332731e+25
314 1.555090e+32 2.581749e+08 6.525296e+25
315 1.589780e+32 2.639364e+08 6.723726e+25
316 1.625260e+32 2.698291e+08 6.928180e+25
317 1.715140e+32 2.847535e+08 7.138850e+25
318 1.753430e+32 2.911130e+08 7.355929e+25
319 1.792590e+32 2.976171e+08 7.579625e+25
320 1.832630e+32 3.042674e+08 7.810098e+25
321 1.873580e+32 3.110689e+08 8.047588e+25
322 1.915450e+32 3.180233e+08 8.292305e+25
323 1.958260e+32 3.251339e+08 8.544471e+25
324 2.002040e+32 3.324057e+08 8.804296e+25
325 2.046810e+32 3.398420e+08 9.072020e+25
326 2.092580e+32 3.474445e+08 9.347883e+25
327 2.139400e+32 3.552216e+08 9.632141e+25
328 2.187260e+32 3.631714e+08 9.925035e+25
329 2.236210e+32 3.713025e+08 1.022684e+26
330 2.286270e+32 3.796180e+08 1.053782e+26
331 2.337450e+32 3.881196e+08 1.085827e+26
332 2.389800e+32 3.968157e+08 1.118845e+26
333 2.443320e+32 4.057063e+08 1.152867e+26
334 2.498050e+32 4.147980e+08 1.187924e+26
335 2.554020e+32 4.240958e+08 1.224047e+26
336 2.611260e+32 4.336048e+08 1.261269e+26
337 2.669780e+32 4.433264e+08 1.299621e+26
338 2.729630e+32 4.532692e+08 1.339141e+26
339 2.790830e+32 4.634363e+08 1.379862e+26
340 2.853420e+32 4.738346e+08 1.421821e+26
341 2.917420e+32 4.844672e+08 1.465057e+26
342 2.982870e+32 4.953408e+08 1.509608e+26
343 3.049790e+32 5.064588e+08 1.555511e+26
344 3.118230e+32 5.178295e+08 1.602817e+26
345 3.188220e+32 5.294579e+08 1.651556e+26
346 3.259790e+32 5.413490e+08 1.701768e+26
347 3.332980e+32 5.535094e+08 1.753518e+26
348 3.407820e+32 5.659441e+08 1.806839e+26
349 3.484350e+32 5.786598e+08 1.861793e+26
350 3.562620e+32 5.916647e+08 1.918398e+26
351 3.642660e+32 6.049640e+08 1.976733e+26
352 3.724510e+32 6.185642e+08 2.036847e+26
353 3.808200e+32 6.324704e+08 2.098787e+26
354 3.893800e+32 6.466941e+08 2.162602e+26
355 3.981330e+32 6.612387e+08 2.228371e+26
356 4.070840e+32 6.761126e+08 2.296127e+26
357 4.162370e+32 6.913224e+08 2.365950e+26
358 4.255980e+32 7.068780e+08 2.437888e+26
359 4.351700e+32 7.227846e+08 2.512020e+26
360 4.449600e+32 7.390536e+08 2.588412e+26
361 4.549700e+32 7.556885e+08 2.667127e+26
362 4.652080e+32 7.727026e+08 2.748229e+26
363 4.756770e+32 7.901008e+08 2.831799e+26
364 4.863830e+32 8.078932e+08 2.917900e+26
365 4.973310e+32 8.260881e+08 3.006628e+26
366 5.085270e+32 8.446954e+08 3.098065e+26
367 5.199770e+32 8.637252e+08 3.192273e+26
368 5.316860e+32 8.831857e+08 3.289348e+26
369 5.436600e+32 9.030870e+08 3.389372e+26
370 5.559060e+32 9.234407e+08 3.492424e+26
371 5.684280e+32 9.442536e+08 3.598633e+26
372 5.812340e+32 9.655388e+08 3.708061e+26
373 5.943310e+32 9.873080e+08 3.820822e+26
374 6.077240e+32 1.009570e+09 3.936996e+26
375 6.214200e+32 1.032335e+09 4.056711e+26
376 6.354260e+32 1.055617e+09 4.180078e+26
377 6.497500e+32 1.079427e+09 4.307179e+26
378 6.643980e+32 1.103777e+09 4.438157e+26
379 6.793780e+32 1.128678e+09 4.573124e+26
380 6.946980e+32 1.154146e+09 4.712177e+26
381 7.103640e+32 1.180189e+09 4.855476e+26
382 7.263860e+32 1.206824e+09 5.003117e+26
383 7.427700e+32 1.234062e+09 5.155259e+26
384 7.595260e+32 1.261918e+09 5.312016e+26
385 7.766620e+32 1.290407e+09 5.473548e+26
386 7.941860e+32 1.319542e+09 5.639998e+26
387 8.374850e+32 1.391503e+09 5.811495e+26
388 8.563850e+32 1.422925e+09 5.988215e+26
389 8.933130e+32 1.484304e+09 6.170302e+26
390 9.134760e+32 1.517827e+09 6.357933e+26
391 9.340960e+32 1.552111e+09 6.551268e+26
392 9.551830e+32 1.587172e+09 6.750482e+26
393 9.767480e+32 1.623028e+09 6.955753e+26
394 9.988020e+32 1.659698e+09 7.167272e+26
395 1.021360e+33 1.697207e+09 7.385216e+26
396 1.044420e+33 1.735552e+09 7.609794e+26
397 1.068010e+33 1.774778e+09 7.841196e+26
398 1.092130e+33 1.814887e+09 8.079632e+26
399 1.116800e+33 1.855911e+09 8.325326e+26
400 1.142030e+33 1.897866e+09 8.578485e+26
401 1.167830e+33 1.940771e+09 8.839336e+26
402 1.194220e+33 1.984658e+09 9.108133e+26
403 1.221200e+33 2.029527e+09 9.385101e+26
404 1.248800e+33 2.075428e+09 9.670481e+26
405 1.277020e+33 2.122361e+09 9.964544e+26
406 1.305880e+33 2.170359e+09 1.026755e+27
407 1.335400e+33 2.219456e+09 1.057978e+27
408 1.365590e+33 2.269669e+09 1.090148e+27
409 1.396460e+33 2.321013e+09 1.123299e+27
410 1.428030e+33 2.373523e+09 1.157456e+27
411 1.460320e+33 2.427232e+09 1.192652e+27
412 1.493330e+33 2.482139e+09 1.228919e+27
413 1.527100e+33 2.538312e+09 1.266290e+27
414 1.561640e+33 2.595767e+09 1.304795e+27
415 1.596950e+33 2.654504e+09 1.344471e+27
416 1.633070e+33 2.714590e+09 1.385356e+27
417 1.670010e+33 2.776041e+09 1.427482e+27
418 1.707780e+33 2.838875e+09 1.470889e+27
419 1.746420e+33 2.903157e+09 1.515617e+27
420 1.785920e+33 2.968872e+09 1.561704e+27
421 1.826330e+33 3.036102e+09 1.609194e+27
422 1.867650e+33 3.104848e+09 1.658124e+27
423 1.972090e+33 3.278530e+09 1.708545e+27
424 2.016720e+33 3.352784e+09 1.760504e+27
425 2.062350e+33 3.428704e+09 1.814032e+27
426 2.109030e+33 3.506372e+09 1.869195e+27
427 2.156760e+33 3.585790e+09 1.926040e+27
428 2.205570e+33 3.667007e+09 1.984600e+27
429 2.255500e+33 3.750089e+09 2.044954e+27
430 2.306550e+33 3.835036e+09 2.107134e+27
431 2.358770e+33 3.921933e+09 2.171205e+27
432 2.412160e+33 4.010779e+09 2.237231e+27
433 2.466770e+33 4.101658e+09 2.305260e+27
434 2.522620e+33 4.194602e+09 2.375371e+27
435 2.579740e+33 4.289662e+09 2.447597e+27
436 2.638150e+33 4.386872e+09 2.522018e+27
437 2.697890e+33 4.486297e+09 2.598714e+27
438 2.758980e+33 4.587972e+09 2.677734e+27
439 2.821460e+33 4.691963e+09 2.759172e+27
440 2.885360e+33 4.798320e+09 2.843062e+27
441 2.950710e+33 4.907094e+09 2.929516e+27
442 3.017540e+33 5.018334e+09 3.018597e+27
443 3.085890e+33 5.132107e+09 3.110401e+27
444 3.155790e+33 5.248463e+09 3.204978e+27
445 3.227280e+33 5.367469e+09 3.302438e+27
446 3.300380e+33 5.489159e+09 3.402863e+27
447 3.375150e+33 5.613632e+09 3.506331e+27
448 3.451620e+33 5.740939e+09 3.612956e+27
449 3.529820e+33 5.871129e+09 3.722817e+27
450 3.609790e+33 6.004271e+09 3.836027e+27
451 3.691580e+33 6.140445e+09 3.952666e+27
452 3.775230e+33 6.279721e+09 4.072861e+27
453 3.860780e+33 6.422165e+09 4.196725e+27
454 3.948270e+33 6.567842e+09 4.324338e+27
455 4.037740e+33 6.716821e+09 4.455829e+27
456 4.129240e+33 6.869185e+09 4.591325e+27
457 4.222830e+33 7.025033e+09 4.730939e+27
458 4.318530e+33 7.184400e+09 4.874798e+27
459 4.416410e+33 7.347402e+09 5.023032e+27
460 4.516510e+33 7.514106e+09 5.175783e+27
461 4.618890e+33 7.684613e+09 5.333165e+27
462 4.723580e+33 7.858972e+09 5.495337e+27
463 4.830660e+33 8.037317e+09 5.662444e+27
464 4.940160e+33 8.219698e+09 5.834630e+27
465 5.052160e+33 8.406249e+09 6.012055e+27
466 5.166690e+33 8.597020e+09 6.194863e+27
467 5.283820e+33 8.792129e+09 6.383247e+27
468 5.403620e+33 8.991691e+09 6.577351e+27
469 5.526130e+33 9.195774e+09 6.777351e+27
470 5.651430e+33 9.404512e+09 6.983455e+27
471 5.779560e+33 9.617971e+09 7.195807e+27
472 5.910610e+33 9.836302e+09 7.414616e+27
473 6.044640e+33 1.005961e+10 7.640091e+27
474 6.181700e+33 1.028796e+10 7.872406e+27
475 6.321890e+33 1.052155e+10 8.111788e+27
476 6.465250e+33 1.076042e+10 8.358459e+27
477 6.611860e+33 1.100472e+10 8.612628e+27
478 6.761810e+33 1.125459e+10 8.874520e+27
479 7.160890e+33 1.191914e+10 9.144390e+27
480 7.323300e+33 1.218978e+10 9.422448e+27
481 7.489390e+33 1.246656e+10 9.708981e+27
482 7.659260e+33 1.274965e+10 1.000421e+28
483 7.832980e+33 1.303917e+10 1.030842e+28
484 8.010650e+33 1.333528e+10 1.062189e+28
485 8.192350e+33 1.363812e+10 1.094488e+28
486 8.378180e+33 1.394785e+10 1.127770e+28
487 8.568230e+33 1.426463e+10 1.162063e+28
488 8.762590e+33 1.458861e+10 1.197401e+28
489 8.961370e+33 1.491996e+10 1.233812e+28
490 9.164660e+33 1.525884e+10 1.271330e+28
491 9.372570e+33 1.560544e+10 1.309989e+28
492 9.585190e+33 1.595990e+10 1.349824e+28
493 9.802650e+33 1.632245e+10 1.390870e+28
494 1.002500e+34 1.669316e+10 1.433164e+28
495 1.025250e+34 1.707247e+10 1.476745e+28
496 1.048510e+34 1.746030e+10 1.521649e+28
497 1.072300e+34 1.785699e+10 1.567922e+28
498 1.096630e+34 1.826269e+10 1.615603e+28
499 1.121510e+34 1.867758e+10 1.664725e+28
500 1.146960e+34 1.910199e+10 1.715354e+28
501 1.172980e+34 1.953593e+10 1.767505e+28
502 1.199600e+34 1.997989e+10 1.821258e+28
503 1.226820e+34 2.043387e+10 1.876645e+28
504 1.254660e+34 2.089822e+10 1.933699e+28
505 1.283130e+34 2.137309e+10 1.992499e+28
506 1.312250e+34 2.185882e+10 2.053093e+28
507 1.342030e+34 2.235559e+10 2.115530e+28
508 1.372480e+34 2.286355e+10 2.179857e+28
509 1.403630e+34 2.338321e+10 2.246139e+28
510 1.435480e+34 2.391457e+10 2.314440e+28
511 1.468060e+34 2.445813e+10 2.384824e+28
512 1.501380e+34 2.501407e+10 2.457338e+28
513 1.535450e+34 2.558254e+10 2.532064e+28
514 1.570300e+34 2.616405e+10 2.609064e+28
515 1.605940e+34 2.675877e+10 2.688404e+28
516 1.642390e+34 2.736703e+10 2.770147e+28
517 1.679670e+34 2.798917e+10 2.854390e+28
518 1.784700e+34 2.974032e+10 2.941179e+28
519 1.825210e+34 3.041639e+10 3.030613e+28
520 1.866640e+34 3.110784e+10 3.122770e+28
521 1.909010e+34 3.181501e+10 3.217731e+28
522 1.952340e+34 3.253824e+10 3.315576e+28
523 1.996660e+34 3.327802e+10 3.416401e+28
524 2.041980e+34 3.403453e+10 3.520286e+28
525 2.088330e+34 3.480827e+10 3.627344e+28
526 2.135740e+34 3.559974e+10 3.737637e+28
527 2.184220e+34 3.640911e+10 3.851296e+28
528 2.233800e+34 3.723689e+10 3.968415e+28
529 2.284510e+34 3.808357e+10 4.089075e+28
530 2.336370e+34 3.894949e+10 4.213420e+28
531 2.389410e+34 3.983516e+10 4.341546e+28
532 2.443660e+34 4.074108e+10 4.473565e+28
533 2.499130e+34 4.166741e+10 4.609606e+28
534 2.555870e+34 4.261500e+10 4.749780e+28
535 2.613890e+34 4.358402e+10 4.894201e+28
536 2.673230e+34 4.457513e+10 5.043027e+28
537 2.733920e+34 4.558884e+10 5.196387e+28
538 2.795990e+34 4.662565e+10 5.354394e+28
539 2.859470e+34 4.768607e+10 5.517223e+28
540 2.924390e+34 4.877060e+10 5.684987e+28
541 2.990790e+34 4.987991e+10 5.857862e+28
542 3.058690e+34 5.101433e+10 6.035992e+28
543 3.128140e+34 5.217472e+10 6.219537e+28
544 3.199160e+34 5.336140e+10 6.408658e+28
545 3.271800e+34 5.457522e+10 6.603531e+28
546 3.346090e+34 5.581667e+10 6.804331e+28
547 3.422060e+34 5.708627e+10 7.011252e+28
548 3.499760e+34 5.838484e+10 7.224454e+28
549 3.668710e+34 6.120586e+10 7.444129e+28
550 3.752010e+34 6.259811e+10 7.670500e+28
551 3.837200e+34 6.402204e+10 7.903745e+28
552 3.924330e+34 6.547847e+10 8.144087e+28
553 4.013440e+34 6.696808e+10 8.391736e+28
554 4.104570e+34 6.849154e+10 8.646914e+28
555 4.197780e+34 7.004986e+10 8.909848e+28
556 4.293100e+34 7.164355e+10 9.180792e+28
557 4.390580e+34 7.327345e+10 9.459971e+28
558 4.490280e+34 7.494055e+10 9.747626e+28
559 4.592250e+34 7.664572e+10 1.004404e+29
560 4.778590e+34 7.975924e+10 1.034947e+29
561 5.012420e+34 8.366564e+10 1.066417e+29
562 5.126240e+34 8.556913e+10 1.098845e+29
563 5.242650e+34 8.751605e+10 1.132260e+29
564 5.361710e+34 8.950741e+10 1.166690e+29
565 5.483470e+34 9.154404e+10 1.202167e+29
566 5.607990e+34 9.362695e+10 1.238723e+29
567 5.735340e+34 9.575734e+10 1.276392e+29
568 5.865590e+34 9.793636e+10 1.315204e+29
569 5.998800e+34 1.001650e+11 1.355198e+29
570 6.135030e+34 1.024444e+11 1.396407e+29
571 6.274360e+34 1.047757e+11 1.438870e+29
572 6.513130e+34 1.087679e+11 1.482624e+29
573 6.661040e+34 1.112431e+11 1.527707e+29
574 6.812320e+34 1.137748e+11 1.574162e+29
575 6.967030e+34 1.163640e+11 1.622027e+29
576 7.125260e+34 1.190123e+11 1.671358e+29
577 7.287080e+34 1.217209e+11 1.722180e+29
578 7.452570e+34 1.244911e+11 1.774539e+29
579 7.621830e+34 1.273246e+11 1.828500e+29
580 7.794930e+34 1.302225e+11 1.884111e+29
581 7.971970e+34 1.331866e+11 1.941405e+29
582 8.153020e+34 1.362180e+11 2.000446e+29
583 8.338190e+34 1.393186e+11 2.061264e+29
584 8.527570e+34 1.424899e+11 2.123941e+29
585 8.721250e+34 1.457334e+11 2.188541e+29
586 9.181880e+34 1.534382e+11 2.255079e+29
587 9.390420e+34 1.569309e+11 2.323653e+29
588 9.603700e+34 1.605031e+11 2.394309e+29
589 9.821820e+34 1.641567e+11 2.467127e+29
590 1.004490e+35 1.678935e+11 2.542141e+29
591 1.027310e+35 1.717164e+11 2.619446e+29
592 1.050640e+35 1.756251e+11 2.699107e+29
593 1.074500e+35 1.796227e+11 2.781170e+29
594 1.098910e+35 1.837128e+11 2.865749e+29
595 1.123870e+35 1.878954e+11 2.952891e+29
596 1.167930e+35 1.952718e+11 3.042677e+29
597 1.212520e+35 2.027375e+11 3.135203e+29
598 1.240060e+35 2.073530e+11 3.230549e+29
599 1.268220e+35 2.120728e+11 3.328778e+29
600 1.297030e+35 2.169018e+11 3.430004e+29
601 1.326490e+35 2.218401e+11 3.534305e+29
602 1.356620e+35 2.268911e+11 3.641779e+29
603 1.387430e+35 2.320565e+11 3.752522e+29
604 1.418950e+35 2.373412e+11 3.866629e+29
605 1.451180e+35 2.427454e+11 3.984212e+29
606 1.508470e+35 2.523424e+11 4.105353e+29
607 1.542740e+35 2.580892e+11 4.230195e+29
608 1.577780e+35 2.639656e+11 4.358833e+29
609 1.641220e+35 2.745944e+11 4.491381e+29
610 1.678500e+35 2.808471e+11 4.627951e+29
611 1.716630e+35 2.872429e+11 4.768686e+29
612 1.755620e+35 2.937834e+11 4.913683e+29
613 1.795500e+35 3.004736e+11 5.063102e+29
614 1.836280e+35 3.073154e+11 5.217071e+29
615 1.877990e+35 3.143138e+11 5.375719e+29
616 1.920650e+35 3.214720e+11 5.539173e+29
617 1.964280e+35 3.287936e+11 5.707610e+29
618 2.042380e+35 3.418863e+11 5.881173e+29
619 2.088780e+35 3.496736e+11 6.060008e+29
620 2.136220e+35 3.576361e+11 6.244291e+29
621 2.184750e+35 3.657821e+11 6.434165e+29
622 2.234380e+35 3.741134e+11 6.629822e+29
623 2.322590e+35 3.889058e+11 6.831424e+29
624 2.375350e+35 3.977635e+11 7.039162e+29
625 2.429310e+35 4.068235e+11 7.253213e+29
626 2.484500e+35 4.160907e+11 7.473769e+29
627 2.540930e+35 4.255668e+11 7.701038e+29
628 2.640570e+35 4.422814e+11 7.935212e+29
629 2.700550e+35 4.523549e+11 8.176499e+29
630 2.805740e+35 4.700030e+11 8.425141e+29
631 2.869470e+35 4.807075e+11 8.681345e+29
632 3.094470e+35 5.184308e+11 8.945320e+29
633 3.600000e+35 6.021629e+11 9.496565e+29
634 3.700000e+35 6.189175e+11 9.619820e+29
635 3.800000e+35 6.356725e+11 9.742226e+29
636 3.900000e+35 6.524278e+11 9.864232e+29
637 4.000000e+35 6.691834e+11 9.985789e+29
638 4.100000e+35 6.859394e+11 1.010741e+30
639 4.200000e+35 7.026956e+11 1.022922e+30
640 4.300000e+35 7.194522e+11 1.035797e+30
641 4.400000e+35 7.362091e+11 1.047272e+30
642 4.500000e+35 7.529663e+11 1.059484e+30
643 4.600000e+35 7.697238e+11 1.071725e+30
644 4.700000e+35 7.864815e+11 1.084002e+30
645 4.800000e+35 8.032395e+11 1.096320e+30
646 4.900000e+35 8.199978e+11 1.108706e+30
647 5.000000e+35 8.367564e+11 1.121104e+30
648 5.100000e+35 8.535153e+11 1.133548e+30
649 5.200000e+35 8.702744e+11 1.146043e+30
650 5.300000e+35 8.870337e+11 1.158580e+30
651 5.400000e+35 9.037933e+11 1.171218e+30
652 5.500000e+35 9.205532e+11 1.183875e+30
653 5.600000e+35 9.373133e+11 1.196614e+30
654 5.700000e+35 9.540737e+11 1.209374e+30
655 5.800000e+35 9.708343e+11 1.222211e+30
656 5.900000e+35 9.875951e+11 1.235143e+30
657 6.000000e+35 1.004356e+12 1.248102e+30
658 6.100000e+35 1.021117e+12 1.261136e+30
659 6.200000e+35 1.037879e+12 1.274221e+30
660 6.300000e+35 1.054641e+12 1.287389e+30
661 6.400000e+35 1.071403e+12 1.300618e+30
662 6.500000e+35 1.088165e+12 1.313906e+30
663 6.600000e+35 1.104927e+12 1.327241e+30
664 6.700000e+35 1.121690e+12 1.340671e+30
665 6.800000e+35 1.138453e+12 1.354054e+30
666 6.900000e+35 1.155216e+12 1.367687e+30
667 7.000000e+35 1.171979e+12 1.381304e+30
668 7.100000e+35 1.188743e+12 1.394988e+30
669 7.200000e+35 1.205507e+12 1.408747e+30
670 7.300000e+35 1.222270e+12 1.422581e+30
671 7.400000e+35 1.239035e+12 1.436436e+30
672 7.500000e+35 1.255799e+12 1.450380e+30
673 7.600000e+35 1.272563e+12 1.464412e+30
674 7.700000e+35 1.289328e+12 1.478524e+30
675 7.800000e+35 1.306093e+12 1.492671e+30
676 7.900000e+35 1.322858e+12 1.506925e+30
677 8.000000e+35 1.339623e+12 1.521219e+30
678 8.100000e+35 1.356389e+12 1.535580e+30
679 8.200000e+35 1.373155e+12 1.550005e+30
680 8.300000e+35 1.389921e+12 1.564490e+30
681 8.400000e+35 1.406687e+12 1.579067e+30
682 8.500000e+35 1.423453e+12 1.593667e+30
683 8.600000e+35 1.440219e+12 1.608345e+30
684 8.700000e+35 1.456986e+12 1.623133e+30
685 8.800000e+35 1.473753e+12 1.637953e+30
686 8.900000e+35 1.490520e+12 1.652885e+30
687 9.000000e+35 1.507287e+12 1.667818e+30
688 9.100000e+35 1.524054e+12 1.682830e+30
689 9.200000e+35 1.540822e+12 1.697923e+30
690 9.300000e+35 1.557590e+12 1.713047e+30
691 9.400000e+35 1.574358e+12 1.728284e+30
692 9.500000e+35 1.591126e+12 1.743585e+30
693 9.600000e+35 1.607894e+12 1.758933e+30
694 9.700000e+35 1.624662e+12 1.774330e+30
695 9.800000e+35 1.641431e+12 1.789807e+30
696 9.900000e+35 1.658200e+12 1.805316e+30
697 1.000000e+36 1.674969e+12 1.820922e+30
698 1.010000e+36 1.691738e+12 1.836591e+30
699 1.020000e+36 1.708507e+12 1.852308e+30
700 1.030000e+36 1.725276e+12 1.868090e+30
701 1.040000e+36 1.742046e+12 1.883951e+30
702 1.050000e+36 1.758816e+12 1.899861e+30
703 1.060000e+36 1.775586e+12 1.915835e+30
704 1.070000e+36 1.792356e+12 1.931888e+30
705 1.080000e+36 1.809126e+12 1.947990e+30
706 1.090000e+36 1.825897e+12 1.964156e+30
707 1.100000e+36 1.842667e+12 1.980370e+30
708 1.110000e+36 1.859438e+12 1.996664e+30
709 1.120000e+36 1.876209e+12 2.013023e+30
710 1.130000e+36 1.892980e+12 2.029429e+30
711 1.140000e+36 1.909751e+12 2.045899e+30
712 1.150000e+36 1.926523e+12 2.062434e+30
713 1.160000e+36 1.943294e+12 2.079032e+30
714 1.170000e+36 1.960066e+12 2.095695e+30
715 1.180000e+36 1.976838e+12 2.112422e+30
716 1.190000e+36 1.993610e+12 2.129196e+30
717 1.200000e+36 2.010382e+12 2.146019e+30
718 1.210000e+36 2.027154e+12 2.162906e+30
719 1.220000e+36 2.043927e+12 2.179873e+30
720 1.230000e+36 2.060699e+12 2.196840e+30
721 1.240000e+36 2.077472e+12 2.213903e+30
722 1.300000e+36 2.178112e+12 2.317628e+30
723 1.350000e+36 2.261982e+12 2.405620e+30
724 1.550000e+36 2.597499e+12 2.771557e+30
725 1.600000e+36 2.681387e+12 2.868216e+30
726 1.700000e+36 2.849172e+12 3.060013e+30
727 2.200000e+36 3.688279e+12 4.101187e+30
728 2.300000e+36 3.856134e+12 4.323089e+30
729 2.400000e+36 4.024000e+12 4.549236e+30
730 2.500000e+36 4.191877e+12 4.779549e+30
731 2.600000e+36 4.359763e+12 5.013867e+30
732 2.700000e+36 4.527660e+12 5.252175e+30
733 2.800000e+36 4.695566e+12 5.494360e+30
734 2.900000e+36 4.863482e+12 5.740278e+30
735 3.000000e+36 5.031407e+12 5.989865e+30
736 3.100000e+36 5.199342e+12 6.243025e+30
737 3.200000e+36 5.367285e+12 6.499726e+30
738 3.300000e+36 5.535237e+12 6.759887e+30
739 3.400000e+36 5.703198e+12 7.023413e+30
740 3.500000e+36 5.871168e+12 7.290239e+30
741 3.600000e+36 6.039146e+12 7.560286e+30
742 3.700000e+36 6.207132e+12 7.833505e+30
743 4.200000e+36 7.047182e+12 9.244959e+30
744 4.400000e+36 7.383256e+12 9.829641e+30
745 4.600000e+36 7.719360e+12 1.042525e+31
746 4.800000e+36 8.055492e+12 1.103139e+31
747 5.000000e+36 8.391652e+12 1.164773e+31
748 5.200000e+36 8.727839e+12 1.227387e+31
749 5.400000e+36 9.064053e+12 1.290955e+31
750 5.600000e+36 9.400293e+12 1.355449e+31
751 5.800000e+36 9.736558e+12 1.420842e+31
752 6.000000e+36 1.007285e+13 1.487110e+31
753 6.200000e+36 1.040916e+13 1.554225e+31
754 6.400000e+36 1.074550e+13 1.622172e+31
755 6.600000e+36 1.108186e+13 1.690905e+31
756 6.800000e+36 1.141825e+13 1.760423e+31
757 7.000000e+36 1.175466e+13 1.830711e+31
758 7.200000e+36 1.209109e+13 1.901735e+31
759 7.400000e+36 1.242754e+13 1.973481e+31
760 7.600000e+36 1.276401e+13 2.045931e+31
761 7.800000e+36 1.310051e+13 2.119071e+31
762 8.000000e+36 1.343702e+13 2.192883e+31
763 8.200000e+36 1.377356e+13 2.267336e+31
764 8.400000e+36 1.411011e+13 2.342446e+31
765 8.600000e+36 1.444669e+13 2.418197e+31
766 8.800000e+36 1.478328e+13 2.494541e+31
767 9.000000e+36 1.511989e+13 2.571509e+31
768 9.200000e+36 1.545653e+13 2.649039e+31
769 9.400000e+36 1.579318e+13 2.727161e+31
770 9.600000e+36 1.612985e+13 2.805860e+31
771 9.800000e+36 1.646653e+13 2.885103e+31
772 1.000000e+37 1.680324e+13 2.964892e+31
773 1.020000e+37 1.713996e+13 3.045209e+31
774 1.040000e+37 1.747670e+13 3.126055e+31
775 1.060000e+37 1.781346e+13 3.207413e+31
776 1.080000e+37 1.815023e+13 3.289284e+31
777 1.100000e+37 1.848702e+13 3.371636e+31
778 1.120000e+37 1.882383e+13 3.454501e+31
779 1.140000e+37 1.916065e+13 3.537814e+31
780 1.160000e+37 1.949749e+13 3.621624e+31
781 1.180000e+37 1.983435e+13 3.705882e+31
782 1.200000e+37 2.017122e+13 3.790605e+31
783 1.220000e+37 2.050811e+13 3.875777e+31
784 1.240000e+37 2.084501e+13 3.961397e+31
785 1.260000e+37 2.118193e+13 4.047450e+31
786 1.280000e+37 2.151886e+13 4.133936e+31
787 1.300000e+37 2.185581e+13 4.220854e+31
788 1.320000e+37 2.219277e+13 4.308172e+31
789 1.340000e+37 2.252975e+13 4.395908e+31
790 1.360000e+37 2.286674e+13 4.484059e+31
791 1.380000e+37 2.320374e+13 4.572612e+31
792 1.400000e+37 2.354076e+13 4.661549e+31
793 1.420000e+37 2.387780e+13 4.750886e+31
794 1.440000e+37 2.421484e+13 4.840608e+31
795 1.460000e+37 2.455190e+13 4.930698e+31
796 1.480000e+37 2.488898e+13 5.021173e+31
797 1.500000e+37 2.522607e+13 5.112032e+31
798 1.520000e+37 2.556317e+13 5.203260e+31
799 1.540000e+37 2.590028e+13 5.294841e+31
800 1.560000e+37 2.623741e+13 5.386790e+31
801 1.580000e+37 2.657455e+13 5.479107e+31
802 1.600000e+37 2.691170e+13 5.571761e+31
803 1.620000e+37 2.724887e+13 5.664783e+31
804 1.640000e+37 2.758605e+13 5.758126e+31
805 1.660000e+37 2.792324e+13 5.851837e+31
806 1.680000e+37 2.826044e+13 5.945869e+31
807 1.700000e+37 2.859766e+13 6.040253e+31
808 1.720000e+37 2.893489e+13 6.134958e+31
809 1.740000e+37 2.927213e+13 6.229967e+31
810 1.760000e+37 2.960938e+13 6.325377e+31
811 1.780000e+37 2.994664e+13 6.421075e+31
812 1.800000e+37 3.028392e+13 6.517093e+31
813 1.820000e+37 3.062121e+13 6.613448e+31
814 1.840000e+37 3.095851e+13 6.710107e+31
815 1.860000e+37 3.129582e+13 6.807087e+31
816 1.880000e+37 3.163314e+13 6.904387e+31
817 1.900000e+37 3.197047e+13 7.001992e+31
818 1.920000e+37 3.230782e+13 7.099901e+31
819 1.940000e+37 3.264518e+13 7.198146e+31
820 1.960000e+37 3.298254e+13 7.296680e+31
821 1.980000e+37 3.331992e+13 7.395615e+31
822 2.000000e+37 3.365731e+13 7.494645e+31
823 2.020000e+37 3.399471e+13 7.594092e+31
824 2.040000e+37 3.433212e+13 7.693860e+31
825 2.060000e+37 3.466954e+13 7.793900e+31
826 2.080000e+37 3.500698e+13 7.894260e+31
827 2.100000e+37 3.534442e+13 7.994989e+31
828 2.120000e+37 3.568187e+13 8.095942e+31
829 2.140000e+37 3.601934e+13 8.197216e+31
830 2.160000e+37 3.635681e+13 8.298745e+31
831 2.180000e+37 3.669430e+13 8.400468e+31
832 2.200000e+37 3.703179e+13 8.502590e+31
833 2.220000e+37 3.736930e+13 8.605002e+31
834 2.240000e+37 3.770681e+13 8.707701e+31
835 2.260000e+37 3.804434e+13 8.810689e+31
836 2.280000e+37 3.838188e+13 8.913965e+31
837 2.300000e+37 3.871942e+13 9.017546e+31
838 2.320000e+37 3.905698e+13 9.121399e+31
839 2.340000e+37 3.939454e+13 9.225540e+31
840 2.360000e+37 3.973212e+13 9.330002e+31
841 2.380000e+37 4.006970e+13 9.434689e+31
842 2.400000e+37 4.040730e+13 9.539663e+31
843 2.425000e+37 4.082930e+13 9.671362e+31
844 2.525000e+37 4.251748e+13 1.020232e+32
845 2.625000e+37 4.420588e+13 1.074053e+32
846 2.725000e+37 4.589451e+13 1.128592e+32
847 2.825000e+37 4.758337e+13 1.183818e+32
848 2.925000e+37 4.927244e+13 1.239787e+32
849 3.025000e+37 5.096172e+13 1.296465e+32
850 3.125000e+37 5.265120e+13 1.353886e+32
851 3.225000e+37 5.434089e+13 1.412045e+32
852 3.325000e+37 5.603078e+13 1.470963e+32
853 3.425000e+37 5.772086e+13 1.530662e+32
854 3.525000e+37 5.941114e+13 1.591137e+32
855 3.625000e+37 6.110161e+13 1.652437e+32
856 3.725000e+37 6.279226e+13 1.714505e+32
857 3.825000e+37 6.448309e+13 1.777423e+32
858 3.925000e+37 6.617411e+13 1.841221e+32
859 4.025000e+37 6.786530e+13 1.905869e+32
860 4.125000e+37 6.955667e+13 1.971414e+32
861 4.225000e+37 7.124822e+13 2.037904e+32
862 4.325000e+37 7.293994e+13 2.105324e+32
863 4.425000e+37 7.463183e+13 2.173705e+32
864 4.525000e+37 7.632390e+13 2.243079e+32
865 4.625000e+37 7.801613e+13 2.313463e+32
866 4.725000e+37 7.970853e+13 2.384872e+32
867 4.825000e+37 8.140109e+13 2.457370e+32
868 4.925000e+37 8.309382e+13 2.530942e+32
869 5.025000e+37 8.478672e+13 2.605636e+32
870 5.125000e+37 8.647977e+13 2.681451e+32
871 5.225000e+37 8.817299e+13 2.758531e+32
872 5.325000e+37 8.986637e+13 2.836798e+32
873 5.425000e+37 9.155992e+13 2.916234e+32
874 5.525000e+37 9.325362e+13 2.996983e+32
875 5.625000e+37 9.494748e+13 3.079015e+32
876 5.725000e+37 9.664150e+13 3.162392e+32
877 5.825000e+37 9.833569e+13 3.247099e+32
878 5.925000e+37 1.000300e+14 3.333232e+32
879 6.025000e+37 1.017245e+14 3.420759e+32
880 6.125000e+37 1.034192e+14 3.509728e+32
881 6.225000e+37 1.051140e+14 3.600171e+32
882 6.325000e+37 1.068090e+14 3.692072e+32
883 6.425000e+37 1.085041e+14 3.785639e+32
884 6.525000e+37 1.101994e+14 3.880552e+32
885 6.625000e+37 1.118948e+14 3.977131e+32
886 6.725000e+37 1.135904e+14 4.075184e+32
887 6.825000e+37 1.152862e+14 4.174711e+32
888 6.925000e+37 1.169821e+14 4.275873e+32
889 7.025000e+37 1.186781e+14 4.378140e+32
890 7.125000e+37 1.203744e+14 4.480358e+32
891 7.225000e+37 1.220707e+14 4.586310e+32
892 7.325000e+37 1.237672e+14 4.692567e+32
893 7.425000e+37 1.254639e+14 4.796708e+32
894 7.525000e+37 1.271607e+14 4.903910e+32
895 7.600000e+37 1.284334e+14 4.982753e+32
896 7.625000e+37 1.288576e+14 4.998278e+32
897 8.050000e+37 1.360710e+14 5.436938e+32
898 8.350000e+37 1.411641e+14 5.657125e+32
899 8.400000e+37 1.420132e+14 5.695257e+32
900 8.450000e+37 1.428623e+14 5.738996e+32
901 8.500000e+37 1.437116e+14 5.796034e+32
902 8.542270e+37 1.444307e+14 5.846503e+32
903 8.642270e+37 1.461292e+14 6.001868e+32
904 8.742270e+37 1.478279e+14 6.161016e+32
905 8.842270e+37 1.495268e+14 6.324017e+32
906 8.942270e+37 1.512259e+14 6.490939e+32
907 9.042270e+37 1.529252e+14 6.661853e+32
908 9.142270e+37 1.546248e+14 6.836827e+32
909 9.242270e+37 1.563245e+14 7.015932e+32
910 9.264770e+37 1.567070e+14 7.056807e+32
911 9.364770e+37 1.584070e+14 7.241066e+32
912 9.464770e+37 1.601072e+14 7.429611e+32
913 9.564770e+37 1.618077e+14 7.622510e+32
914 9.664770e+37 1.635084e+14 7.819834e+32
915 9.764770e+37 1.652093e+14 8.021653e+32
916 9.864770e+37 1.669104e+14 8.228036e+32
917 9.964770e+37 1.686118e+14 8.439054e+32
918 1.006477e+38 1.703134e+14 8.654775e+32
919 1.016477e+38 1.720153e+14 8.875270e+32
920 1.026477e+38 1.737174e+14 9.100609e+32
921 1.036477e+38 1.754198e+14 9.330862e+32
922 1.046477e+38 1.771224e+14 9.566099e+32
923 1.056477e+38 1.788252e+14 9.806389e+32
924 1.066477e+38 1.805283e+14 1.005180e+33
925 1.076477e+38 1.822317e+14 1.030241e+33
926 1.086477e+38 1.839353e+14 1.055828e+33
927 1.096477e+38 1.856392e+14 1.081949e+33
928 1.106477e+38 1.873434e+14 1.108609e+33
929 1.116477e+38 1.890478e+14 1.135817e+33
930 1.126477e+38 1.907525e+14 1.163580e+33
931 1.136477e+38 1.924575e+14 1.191904e+33
932 1.146477e+38 1.941628e+14 1.220796e+33
933 1.156477e+38 1.958684e+14 1.250263e+33
934 1.166477e+38 1.975742e+14 1.280313e+33
935 1.176477e+38 1.992803e+14 1.310952e+33
936 1.186477e+38 2.009867e+14 1.342188e+33
937 1.196477e+38 2.026934e+14 1.374027e+33
938 1.206477e+38 2.044005e+14 1.406476e+33
939 1.216477e+38 2.061078e+14 1.439542e+33
940 1.225168e+38 2.075919e+14 1.468787e+33
941 1.325168e+38 2.246849e+14 1.832954e+33
942 1.425168e+38 2.418111e+14 2.262119e+33
943 1.525168e+38 2.589736e+14 2.766014e+33
944 1.625168e+38 2.761758e+14 3.352611e+33
945 1.725168e+38 2.934212e+14 4.029420e+33
946 1.825168e+38 3.107133e+14 4.803721e+33
947 1.925168e+38 3.280557e+14 5.682648e+33
948 2.025168e+38 3.454521e+14 6.673233e+33
949 2.125168e+38 3.629061e+14 7.782432e+33
950 2.225168e+38 3.804214e+14 9.017141e+33
951 2.325168e+38 3.980017e+14 1.038421e+34
952 2.425168e+38 4.156507e+14 1.189044e+34
953 2.525168e+38 4.333720e+14 1.354260e+34
954 2.625168e+38 4.511695e+14 1.534744e+34
955 2.725168e+38 4.690469e+14 1.731167e+34
956 2.825168e+38 4.870077e+14 1.944198e+34
957 2.925168e+38 5.050559e+14 2.174505e+34
958 3.025168e+38 5.231950e+14 2.422754e+34
959 3.125168e+38 5.414288e+14 2.689607e+34
960 3.225168e+38 5.597609e+14 2.975728e+34
961 3.325168e+38 5.781952e+14 3.281777e+34
962 3.425168e+38 5.967353e+14 3.608414e+34
963 3.525168e+38 6.153850e+14 3.956298e+34
964 3.625168e+38 6.341478e+14 4.326085e+34
965 3.725168e+38 6.530276e+14 4.718432e+34
966 3.825168e+38 6.720280e+14 5.133994e+34
967 3.925168e+38 6.911527e+14 5.573424e+34
968 4.025168e+38 7.104054e+14 6.037375e+34
969 4.125168e+38 7.297899e+14 6.526498e+34
970 4.225168e+38 7.493097e+14 7.041443e+34
971 4.325168e+38 7.689685e+14 7.582859e+34
972 4.425168e+38 7.887701e+14 8.151392e+34
973 4.525168e+38 8.087181e+14 8.747689e+34
974 4.625168e+38 8.288162e+14 9.372394e+34
975 4.725168e+38 8.490681e+14 1.002615e+35
976 4.825168e+38 8.694773e+14 1.070960e+35
977 4.925168e+38 8.900477e+14 1.142338e+35
978 5.025168e+38 9.107827e+14 1.216812e+35
979 5.125168e+38 9.316862e+14 1.294448e+35
980 5.225168e+38 9.527616e+14 1.375307e+35
981 5.325168e+38 9.740127e+14 1.459453e+35
982 5.425168e+38 9.954431e+14 1.546949e+35
983 5.525168e+38 1.017056e+15 1.637857e+35
984 5.625168e+38 1.038856e+15 1.732241e+35
985 5.725168e+38 1.060846e+15 1.830163e+35
986 5.825168e+38 1.083030e+15 1.931683e+35
987 5.925168e+38 1.105411e+15 2.036865e+35
988 6.025168e+38 1.127994e+15 2.145770e+35
989 6.125168e+38 1.150780e+15 2.258459e+35
990 6.225168e+38 1.173775e+15 2.374992e+35
991 6.325168e+38 1.196982e+15 2.495431e+35
992 6.425168e+38 1.220404e+15 2.619836e+35
993 6.525168e+38 1.244045e+15 2.748266e+35
994 6.625168e+38 1.267908e+15 2.880783e+35
995 6.725168e+38 1.291998e+15 3.017444e+35
996 6.825168e+38 1.316317e+15 3.158309e+35
997 6.925168e+38 1.340869e+15 3.303436e+35
998 7.025168e+38 1.365658e+15 3.452885e+35
999 7.125168e+38 1.390687e+15 3.606713e+35
1000 7.225168e+38 1.415959e+15 3.764977e+35
1001 7.325168e+38 1.441479e+15 3.927736e+35
1002 7.425168e+38 1.467249e+15 4.095045e+35
1003 7.525168e+38 1.493274e+15 4.266961e+35
1004 7.625168e+38 1.519556e+15 4.443542e+35
1005 7.725168e+38 1.546099e+15 4.624841e+35
1006 7.825168e+38 1.572907e+15 4.810914e+35
1007 7.925168e+38 1.599982e+15 5.001818e+35
1008 8.025168e+38 1.627330e+15 5.197604e+35
1009 8.125168e+38 1.654952e+15 5.398329e+35
1010 8.225168e+38 1.682852e+15 5.604046e+35
1011 8.325168e+38 1.711034e+15 5.814807e+35
1012 8.425168e+38 1.739501e+15 6.030666e+35
1013 8.525168e+38 1.768257e+15 6.251674e+35
1014 8.625168e+38 1.797304e+15 6.477884e+35
1015 8.725168e+38 1.826647e+15 6.709348e+35
1016 8.825168e+38 1.856288e+15 6.946115e+35
1017 8.925168e+38 1.886231e+15 7.188237e+35
1018 9.025168e+38 1.916479e+15 7.435764e+35
1019 9.125168e+38 1.947035e+15 7.688745e+35
1020 9.225168e+38 1.977904e+15 7.947230e+35
1021 9.325168e+38 2.009087e+15 8.211266e+35
1022 9.425168e+38 2.040589e+15 8.480902e+35
1023 9.525168e+38 2.072413e+15 8.756187e+35
1024 9.625168e+38 2.104561e+15 9.037166e+35
1025 9.725168e+38 2.137038e+15 9.323887e+35
1026 9.825168e+38 2.169846e+15 9.616396e+35
1027 9.925168e+38 2.202988e+15 9.914739e+35
1028 1.002517e+39 2.236469e+15 1.021896e+36
1029 1.012517e+39 2.270290e+15 1.052911e+36
1030 1.022517e+39 2.304455e+15 1.084522e+36
1031 1.032517e+39 2.338967e+15 1.116735e+36
1032 1.042517e+39 2.373830e+15 1.149553e+36
1033 1.052517e+39 2.409046e+15 1.182981e+36
1034 1.062517e+39 2.444619e+15 1.217023e+36
1035 1.072517e+39 2.480552e+15 1.251683e+36
1036 1.082517e+39 2.516847e+15 1.286966e+36
1037 1.092517e+39 2.553509e+15 1.322875e+36
1038 1.102517e+39 2.590539e+15 1.359414e+36
1039 1.112517e+39 2.627941e+15 1.396589e+36
1040 1.122517e+39 2.665718e+15 1.434401e+36
1041 1.132517e+39 2.703873e+15 1.472856e+36
1042 1.142517e+39 2.742409e+15 1.511958e+36
1043 1.152517e+39 2.781329e+15 1.551709e+36
1044 1.162517e+39 2.820636e+15 1.592115e+36
1045 1.172517e+39 2.860333e+15 1.633178e+36
1046 1.182517e+39 2.900423e+15 1.674902e+36
1047 1.192517e+39 2.940908e+15 1.717291e+36
1048 1.202517e+39 2.981792e+15 1.760349e+36
1049 1.212517e+39 3.023078e+15 1.804078e+36
1050 1.222517e+39 3.064767e+15 1.848484e+36
1051 1.232517e+39 3.106864e+15 1.893568e+36
1052 1.242517e+39 3.149371e+15 1.939335e+36
1053 1.252517e+39 3.192291e+15 1.985788e+36
1054 1.262517e+39 3.235627e+15 2.032930e+36
1055 1.272517e+39 3.279381e+15 2.080765e+36
1056 1.282517e+39 3.323557e+15 2.129296e+36
1057 1.292517e+39 3.368157e+15 2.178525e+36
1058 1.302517e+39 3.413183e+15 2.228458e+36
1059 1.312517e+39 3.458639e+15 2.279095e+36
1060 1.322517e+39 3.504527e+15 2.330442e+36
1061 1.332517e+39 3.550850e+15 2.382500e+36
1062 1.342517e+39 3.597611e+15 2.435273e+36
1063 1.352517e+39 3.644812e+15 2.488764e+36
1064 1.362517e+39 3.692456e+15 2.542976e+36
1065 1.372517e+39 3.740546e+15 2.597912e+36
1066 1.382517e+39 3.789084e+15 2.653575e+36
1067 1.392517e+39 3.838073e+15 2.709968e+36
1068 1.402517e+39 3.887516e+15 2.767094e+36
1069 1.412517e+39 3.937414e+15 2.824956e+36
1070 1.422517e+39 3.987772e+15 2.883556e+36
1071 1.432517e+39 4.038590e+15 2.942898e+36
1072 1.442517e+39 4.089873e+15 3.002985e+36
1073 1.452517e+39 4.141621e+15 3.063818e+36
1074 1.462517e+39 4.193839e+15 3.125402e+36
1075 1.472517e+39 4.246528e+15 3.187738e+36
1076 1.482517e+39 4.299691e+15 3.250830e+36
1077 1.492517e+39 4.353330e+15 3.314681e+36
1078 1.502517e+39 4.407448e+15 3.379292e+36
1079 1.512517e+39 4.462047e+15 3.444668e+36
1080 1.522517e+39 4.517130e+15 3.510810e+36
1081 1.532517e+39 4.572700e+15 3.577722e+36
1082 1.542517e+39 4.628757e+15 3.645406e+36
1083 1.552517e+39 4.685306e+15 3.713865e+36
1084 1.562517e+39 4.742348e+15 3.783101e+36
1085 1.572517e+39 4.799886e+15 3.853118e+36
1086 1.582517e+39 4.857923e+15 3.923917e+36
1087 1.592517e+39 4.916459e+15 3.995503e+36
1088 1.602517e+39 4.975499e+15 4.067877e+36
1089 1.612517e+39 5.035044e+15 4.141042e+36
1090 1.622517e+39 5.095096e+15 4.215002e+36
1091 1.632517e+39 5.155659e+15 4.289758e+36
1092 1.642517e+39 5.216733e+15 4.365313e+36
1093 1.652517e+39 5.278322e+15 4.441671e+36
1094 1.662517e+39 5.340428e+15 4.518833e+36
1095 1.672517e+39 5.403053e+15 4.596803e+36
1096 1.682517e+39 5.466200e+15 4.675584e+36
1097 1.692517e+39 5.529870e+15 4.755178e+36
1098 1.702517e+39 5.594066e+15 4.835588e+36
1099 1.712517e+39 5.658790e+15 4.916818e+36
1100 1.722517e+39 5.724045e+15 4.998868e+36
1101 1.732517e+39 5.789832e+15 5.081744e+36
1102 1.742517e+39 5.856155e+15 5.165447e+36
1103 1.752517e+39 5.923014e+15 5.249980e+36
1104 1.762517e+39 5.990413e+15 5.335346e+36
1105 1.772517e+39 6.058353e+15 5.421549e+36
1106 1.782517e+39 6.126837e+15 5.508591e+36
1107 1.792517e+39 6.195867e+15 5.596475e+36
1108 1.802517e+39 6.265445e+15 5.685203e+36
1109 1.812517e+39 6.335573e+15 5.774780e+36
1110 1.822517e+39 6.406254e+15 5.865208e+36
1111 1.832517e+39 6.477489e+15 5.956490e+36
1112 1.842517e+39 6.549282e+15 6.048629e+36
1113 1.852517e+39 6.621633e+15 6.141628e+36
1114 1.862517e+39 6.694545e+15 6.235490e+36
1115 1.872517e+39 6.768021e+15 6.330219e+36
1116 1.882517e+39 6.842062e+15 6.425818e+36
1117 1.892517e+39 6.916671e+15 6.522289e+36
1118 1.902517e+39 6.991850e+15 6.619636e+36
1119 1.912517e+39 7.067600e+15 6.717863e+36
1120 1.922517e+39 7.143925e+15 6.816972e+36
1121 1.932517e+39 7.220826e+15 6.916967e+36
1122 1.942517e+39 7.298304e+15 7.017850e+36
1123 1.952517e+39 7.376364e+15 7.119627e+36
1124 1.962517e+39 7.455006e+15 7.222298e+36
1125 1.972517e+39 7.534232e+15 7.325869e+36
1126 1.982517e+39 7.614045e+15 7.430343e+36
1127 1.992517e+39 7.694448e+15 7.535722e+36
1128 2.002517e+39 7.775441e+15 7.642011e+36
1129 2.012517e+39 7.857027e+15 7.749212e+36
1130 2.022517e+39 7.939208e+15 7.857330e+36
1131 2.032517e+39 8.021987e+15 7.966368e+36
1132 2.042517e+39 8.105365e+15 8.076329e+36
1133 2.052517e+39 8.189345e+15 8.187217e+36
1134 2.062517e+39 8.273928e+15 8.299036e+36
1135 2.072517e+39 8.359117e+15 8.411788e+36
1136 2.082517e+39 8.444914e+15 8.525479e+36
1137 2.092517e+39 8.531321e+15 8.640111e+36
1138 2.102517e+39 8.618340e+15 8.755687e+36
1139 2.112517e+39 8.705973e+15 8.872213e+36
1140 2.122517e+39 8.794222e+15 8.989691e+36
1141 2.132517e+39 8.883090e+15 9.108126e+36
1142 2.142517e+39 8.972578e+15 9.227520e+36
1143 2.152517e+39 9.062689e+15 9.347878e+36
1144 2.162517e+39 9.153424e+15 9.469204e+36
1145 2.172517e+39 9.244786e+15 9.591501e+36
1146 2.182517e+39 9.336777e+15 9.714773e+36
1147 2.192517e+39 9.429398e+15 9.839024e+36
1148 2.202517e+39 9.522653e+15 9.964258e+36
1149 2.212517e+39 9.616543e+15 1.009048e+37
1150 2.222517e+39 9.711070e+15 1.021769e+37
1151 2.232517e+39 9.806237e+15 1.034590e+37
1152 2.242517e+39 9.902044e+15 1.047510e+37
1153 2.252517e+39 9.998496e+15 1.060531e+37
1154 2.262517e+39 1.009559e+16 1.073652e+37
1155 2.272517e+39 1.019334e+16 1.086874e+37
1156 2.282517e+39 1.029173e+16 1.100198e+37
1157 2.292517e+39 1.039078e+16 1.113623e+37
1158 2.302517e+39 1.049048e+16 1.127151e+37
1159 2.312517e+39 1.059084e+16 1.140781e+37
1160 2.322517e+39 1.069185e+16 1.154514e+37
1161 2.332517e+39 1.079353e+16 1.168351e+37
1162 2.342517e+39 1.089587e+16 1.182292e+37
1163 2.352517e+39 1.099887e+16 1.196336e+37
1164 2.362517e+39 1.110254e+16 1.210486e+37
1165 2.372517e+39 1.120688e+16 1.224740e+37
1166 2.382517e+39 1.131189e+16 1.239100e+37
1167 2.392517e+39 1.141757e+16 1.253565e+37
1168 2.402517e+39 1.152393e+16 1.268137e+37
1169 2.412517e+39 1.163096e+16 1.282815e+37
1170 2.422517e+39 1.173867e+16 1.297600e+37
1171 2.432517e+39 1.184707e+16 1.312493e+37
1172 2.442517e+39 1.195615e+16 1.327494e+37
1173 2.452517e+39 1.206592e+16 1.342603e+37
1174 2.462517e+39 1.217637e+16 1.357820e+37
1175 2.472517e+39 1.228751e+16 1.373147e+37
1176 2.482517e+39 1.239935e+16 1.388583e+37
1177 2.492517e+39 1.251188e+16 1.404129e+37
1178 2.502517e+39 1.262510e+16 1.419785e+37
1179 2.512517e+39 1.273903e+16 1.435551e+37
1180 2.522517e+39 1.285365e+16 1.451429e+37
1181 2.532517e+39 1.296898e+16 1.467419e+37
1182 2.542517e+39 1.308501e+16 1.483520e+37
1183 2.552517e+39 1.320175e+16 1.499733e+37
1184 2.562517e+39 1.331920e+16 1.516059e+37
1185 2.572517e+39 1.343736e+16 1.532499e+37
1186 2.582517e+39 1.355624e+16 1.549051e+37
1187 2.592517e+39 1.367583e+16 1.565718e+37
1188 2.602517e+39 1.379614e+16 1.582499e+37
1189 2.612517e+39 1.391716e+16 1.599395e+37
1190 2.622517e+39 1.403891e+16 1.616405e+37
1191 2.632517e+39 1.416139e+16 1.633532e+37
1192 2.642517e+39 1.428459e+16 1.650774e+37
1193 2.652517e+39 1.440851e+16 1.668132e+37
1194 2.662517e+39 1.453317e+16 1.685607e+37
1195 2.672517e+39 1.465856e+16 1.703200e+37
1196 2.682517e+39 1.478469e+16 1.720909e+37
1197 2.692517e+39 1.491155e+16 1.738737e+37
1198 2.702517e+39 1.503916e+16 1.756683e+37
1199 2.712517e+39 1.516750e+16 1.774748e+37
1200 2.722517e+39 1.529659e+16 1.792931e+37
1201 2.732517e+39 1.542642e+16 1.811235e+37
1202 2.742517e+39 1.555700e+16 1.829658e+37
1203 2.752517e+39 1.568833e+16 1.848201e+37
1204 2.762517e+39 1.582041e+16 1.866865e+37
1205 2.772517e+39 1.595325e+16 1.885651e+37
1206 2.782517e+39 1.608684e+16 1.904557e+37
1207 2.792517e+39 1.622120e+16 1.923586e+37
1208 2.802517e+39 1.635631e+16 1.942736e+37
1209 2.812517e+39 1.649218e+16 1.962010e+37
1210 2.822517e+39 1.662882e+16 1.981406e+37
1211 2.832517e+39 1.676623e+16 2.000926e+37
1212 2.842517e+39 1.690441e+16 2.020570e+37
1213 2.852517e+39 1.704335e+16 2.040337e+37
1214 2.862517e+39 1.718307e+16 2.060230e+37
1215 2.872517e+39 1.732357e+16 2.080247e+37
1216 2.882517e+39 1.746484e+16 2.100390e+37
1217 2.892517e+39 1.760690e+16 2.120658e+37
1218 2.902517e+39 1.774973e+16 2.141053e+37
1219 2.912517e+39 1.789335e+16 2.161574e+37
1220 2.922517e+39 1.803776e+16 2.182222e+37
1221 2.932517e+39 1.818296e+16 2.202997e+37
1222 2.942517e+39 1.832894e+16 2.223900e+37
1223 2.952517e+39 1.847572e+16 2.244931e+37
1224 2.962517e+39 1.862330e+16 2.266090e+37
1225 2.972517e+39 1.877167e+16 2.287379e+37
1226 2.982517e+39 1.892084e+16 2.308796e+37
1227 2.992517e+39 1.907081e+16 2.330343e+37
