#
#
#
200
#
#
#
0 6.0308677e+25 1.0000034e+02 1.0256501e+17
1 7.0341580e+25 1.1663634e+02 1.2592413e+17
2 8.2043548e+25 1.3603989e+02 1.5460329e+17
3 9.5692246e+25 1.5867141e+02 1.8981411e+17
4 1.1161153e+26 1.8506790e+02 2.3304417e+17
5 1.3017913e+26 2.1585569e+02 2.8611985e+17
6 1.5183563e+26 2.5176532e+02 3.5128349e+17
7 1.7709488e+26 2.9364887e+02 4.3128812e+17
8 2.0655624e+26 3.4250015e+02 5.2951376e+17
9 2.4091877e+26 3.9947830e+02 6.5011024e+17
10 2.8099782e+26 4.6593532e+02 7.9817250e+17
11 3.2774439e+26 5.4344811e+02 9.7995585e+17
12 3.8226768e+26 6.3385590e+02 1.2031403e+18
13 4.4586142e+26 7.3930390e+02 1.4771548e+18
14 5.2003457e+26 8.6229420e+02 1.8135761e+18
15 6.0654710e+26 1.0057451e+03 2.2266170e+18
16 7.0745178e+26 1.1730605e+03 2.7337279e+18
17 8.2514289e+26 1.3682105e+03 3.3563329e+18
18 9.6241299e+26 1.5958256e+03 4.1207360e+18
19 1.1225192e+27 1.8613067e+03 5.0592314e+18
20 1.3092606e+27 2.1709532e+03 6.2114686e+18
21 1.5270682e+27 2.5321125e+03 7.6261273e+18
22 1.7811100e+27 2.9533542e+03 9.3629737e+18
23 2.0774140e+27 3.4446737e+03 1.1495386e+19
24 2.4230109e+27 4.0177292e+03 1.4113454e+19
25 2.8261010e+27 4.6861183e+03 1.7327785e+19
26 3.2962489e+27 5.4657007e+03 2.1274179e+19
27 3.8446102e+27 6.3749746e+03 2.6119362e+19
28 4.4841964e+27 7.4355156e+03 3.2068033e+19
29 5.2301837e+27 8.6724885e+03 3.9371511e+19
30 6.1002728e+27 1.0115245e+04 4.8338351e+19
31 7.1151093e+27 1.1798019e+04 5.9347385e+19
32 8.2987731e+27 1.3760740e+04 7.2863720e+19
33 9.6793502e+27 1.6049980e+04 8.9458393e+19
34 1.1289599e+28 1.8720060e+04 1.0983249e+20
35 1.3167728e+28 2.1834337e+04 1.3484679e+20
36 1.5358300e+28 2.5466707e+04 1.6555807e+20
37 1.7913294e+28 2.9703362e+04 2.0326383e+20
38 2.0893336e+28 3.4644830e+04 2.4955706e+20
39 2.4369134e+28 4.0408368e+04 3.0639355e+20
40 2.8423163e+28 4.7130734e+04 3.7617451e+20
41 3.3151618e+28 5.4971442e+04 4.6184806e+20
42 3.8666694e+28 6.4116541e+04 5.6703370e+20
43 4.5099254e+28 7.4783033e+04 6.9617533e+20
44 5.2601929e+28 8.7224021e+04 8.5472889e+20
45 6.1352743e+28 1.0173471e+05 1.0493929e+21
46 7.1559336e+28 1.1865943e+05 1.2883916e+21
47 8.3463889e+28 1.3839979e+05 1.5818221e+21
48 9.7348874e+28 1.6142419e+05 1.9420813e+21
49 1.1354375e+29 1.8827898e+05 2.3843892e+21
50 1.3243280e+29 2.1960141e+05 2.9274326e+21
51 1.5446421e+29 2.5613472e+05 3.5941538e+21
52 1.8016075e+29 2.9874583e+05 4.4127204e+21
53 2.1013215e+29 3.4844585e+05 5.4177151e+21
54 2.4508957e+29 4.0641413e+05 6.6515968e+21
55 2.8586247e+29 4.7402622e+05 8.1664945e+21
56 3.3341832e+29 5.5288651e+05 1.0026409e+22
57 3.8888552e+29 6.4486633e+05 1.2309919e+22
58 4.5358020e+29 7.5214829e+05 1.5113496e+22
59 5.2903743e+29 8.7727818e+05 1.8555587e+22
60 6.1704767e+29 1.0232253e+06 2.2781611e+22
61 7.1969922e+29 1.1934529e+06 2.8600129e+22
62 8.3942779e+29 1.3920008e+06 3.6305224e+22
63 9.7907432e+29 1.6235804e+06 4.6053567e+22
64 1.1419523e+30 1.8936876e+06 5.8365199e+22
65 1.3319266e+30 2.2087321e+06 7.3938044e+22
66 1.5535048e+30 2.5761903e+06 9.3413977e+22
67 1.8119446e+30 3.0047827e+06 1.1788131e+23
68 2.1133783e+30 3.5046799e+06 1.4160685e+23
69 2.4649582e+30 4.0877451e+06 1.7955708e+23
70 2.8750266e+30 4.7678164e+06 2.2570696e+23
71 3.3533137e+30 5.5610333e+06 2.8385821e+23
72 3.9111682e+30 6.4862213e+06 3.5647706e+23
73 4.5618270e+30 7.5653377e+06 4.4713339e+23
74 5.3207289e+30 8.8239939e+06 5.6017617e+23
75 6.2058810e+30 1.0292062e+07 7.0096852e+23
76 7.2382863e+30 1.2004387e+07 8.7612770e+23
77 8.4424418e+30 1.4001608e+07 1.0938117e+24
78 9.8469195e+30 1.6331131e+07 1.3641786e+24
79 1.1485045e+31 1.9048246e+07 1.6984995e+24
80 1.3395688e+31 2.2217448e+07 2.1113139e+24
81 1.5624184e+31 2.5913961e+07 2.6248546e+24
82 1.8223410e+31 3.0225529e+07 3.2615081e+24
83 2.1255042e+31 3.5254496e+07 4.0482147e+24
84 2.4791013e+31 4.1120241e+07 5.0193169e+24
85 2.8915226e+31 4.7962006e+07 6.2196051e+24
86 3.3725540e+31 5.5942209e+07 7.7004452e+24
87 3.9336093e+31 6.5250297e+07 9.5239232e+24
88 4.5880014e+31 7.6107245e+07 1.1769946e+25
89 5.3512576e+31 8.8770808e+07 1.4529912e+25
90 6.2414885e+31 1.0354164e+08 1.7919850e+25
91 7.2798174e+31 1.2077043e+08 2.2082375e+25
92 8.4908819e+31 1.4086624e+08 2.7162815e+25
93 9.9034182e+31 1.6430621e+08 3.3347378e+25
94 1.1550943e+32 1.9164691e+08 4.1046779e+25
95 1.3472548e+32 2.2353758e+08 5.0577485e+25
96 1.5713830e+32 2.6073551e+08 6.2195039e+25
97 1.8327971e+32 3.0412404e+08 7.6454236e+25
98 2.1376997e+32 3.5473357e+08 9.3987179e+25
99 2.4933257e+32 4.1376607e+08 1.1548575e+26
100 2.9081133e+32 4.8262358e+08 1.4180222e+26
101 3.3919047e+32 5.6294157e+08 1.7410937e+26
102 3.9561792e+32 6.5662782e+08 2.1361734e+26
103 4.6143259e+32 7.6590774e+08 2.6199076e+26
104 5.3819615e+32 8.9337729e+08 3.2118297e+26
105 6.2773002e+32 1.0420647e+09 3.9363415e+26
106 7.3215868e+32 1.2155025e+09 4.8234491e+26
107 8.5396000e+32 1.4178115e+09 5.9149163e+26
108 9.9602410e+32 1.6537988e+09 7.2408746e+26
109 1.1617219e+33 1.9290724e+09 8.9141338e+26
110 1.3549850e+33 2.2501694e+09 1.0320232e+27
111 1.5803992e+33 2.6247181e+09 1.2727582e+27
112 1.8433131e+33 3.0616252e+09 1.5585039e+27
113 2.1499652e+33 3.5712747e+09 1.9129455e+27
114 2.5076316e+33 4.1657817e+09 2.3467186e+27
115 2.9247992e+33 4.8592795e+09 2.8779423e+27
116 3.4113664e+33 5.6682559e+09 3.5281234e+27
117 3.9788785e+33 6.6119462e+09 4.3231562e+27
118 4.6408016e+33 7.7127913e+09 5.2978232e+27
119 5.4128415e+33 8.9969718e+09 6.4891766e+27
120 6.3133175e+33 1.0495023e+10 7.8405559e+27
121 7.3635958e+33 1.2242548e+10 9.2587624e+27
122 8.5885977e+33 1.4281114e+10 1.1416045e+28
123 1.0017390e+34 1.6659259e+10 1.4098208e+28
124 1.1683875e+34 1.9433472e+10 1.6010845e+28
125 1.3627595e+34 2.2669699e+10 1.9685659e+28
126 1.5894670e+34 2.6445138e+10 2.5222819e+28
127 1.8538895e+34 3.0849829e+10 3.2463906e+28
128 2.1623010e+34 3.5988392e+10 3.6631015e+28
129 2.5220196e+34 4.1982920e+10 4.5040157e+28
130 2.9415808e+34 4.8976402e+10 5.5132293e+28
131 3.4309398e+34 5.7135473e+10 6.8632163e+28
132 4.0017081e+34 6.6654063e+10 7.7760817e+28
133 4.6674291e+34 7.7758477e+10 9.4573695e+28
134 5.4438988e+34 9.0713739e+10 1.1613639e+29
135 6.3495414e+34 1.0582865e+11 1.4248556e+29
136 7.4058459e+34 1.2346361e+11 1.7659402e+29
137 8.6378764e+34 1.4403794e+11 2.0117302e+29
138 1.0074867e+35 1.6804104e+11 2.4391761e+29
139 1.1750913e+35 1.9604608e+11 2.9665853e+29
140 1.3705786e+35 2.2872077e+11 3.6040454e+29
141 1.5985869e+35 2.6684393e+11 4.3414394e+29
142 1.8645265e+35 3.1132383e+11 5.1793108e+29
143 2.1747076e+35 3.6322112e+11 6.2770076e+29
144 2.5364902e+35 4.2377170e+11 7.2651809e+29
145 2.9584587e+35 4.9440756e+11 7.4497145e+29
146 3.4506255e+35 5.7680044e+11 7.9679497e+29
147 4.0246687e+35 6.7291009e+11 8.5176559e+29
148 4.6942094e+35 7.8501889e+11 9.0841333e+29
149 5.4751342e+35 9.1579106e+11 9.9561890e+29
150 6.3859731e+35 1.0683360e+12 1.0995775e+30
151 7.4483384e+35 1.2462797e+12 1.2277213e+30
152 8.6874379e+35 1.4538522e+12 1.3855668e+30
153 1.0132673e+36 1.6959889e+12 1.5802577e+30
154 1.1818336e+36 1.9784473e+12 1.8218421e+30
155 1.3784425e+36 2.3079447e+12 2.1149106e+30
156 1.6077591e+36 2.6923168e+12 2.4694679e+30
157 1.8752246e+36 3.1407067e+12 2.9199468e+30
158 2.1871854e+36 3.6637830e+12 3.4752318e+30
159 2.5510438e+36 4.2739920e+12 4.1574970e+30
160 2.9754334e+36 4.9858549e+12 4.9930225e+30
161 3.4704241e+36 5.8163138e+12 6.0132039e+30
162 4.0477611e+36 6.7851368e+12 7.2676732e+30
163 4.7211433e+36 7.9153893e+12 8.7985868e+30
164 5.5065489e+36 9.2339825e+12 1.0657016e+31
165 6.4226139e+36 1.0772315e+13 1.2906917e+31
166 7.4910747e+36 1.2567022e+13 1.5627812e+31
167 8.7372838e+36 1.4660852e+13 1.8949880e+31
168 1.0190811e+37 1.7103695e+13 2.3067927e+31
169 1.1886146e+37 1.9953778e+13 2.8175945e+31
170 1.3863516e+37 2.3279057e+13 3.4570272e+31
171 1.6169839e+37 2.7158863e+13 4.2717114e+31
172 1.8859841e+37 3.1685830e+13 5.3300743e+31
173 2.1997348e+37 3.6968162e+13 6.7408761e+31
174 2.5656810e+37 4.3132314e+13 8.6733063e+31
175 2.9925056e+37 5.0326150e+13 1.1363807e+32
176 3.4903364e+37 5.8722344e+13 1.4756156e+32
177 4.0709859e+37 6.8521296e+13 1.7671314e+32
178 4.7482318e+37 7.9959693e+13 2.5425359e+32
179 5.5381438e+37 9.3322230e+13 4.1665546e+32
180 6.4594649e+37 1.0894173e+14 6.2400003e+32
181 7.5340562e+37 1.2720048e+14 8.5616003e+32
182 8.7874157e+37 1.4854184e+14 1.1086296e+33
183 1.0249283e+38 1.7348878e+14 1.4614289e+33
184 1.1954345e+38 2.0267851e+14 2.1490991e+33
185 1.3943061e+38 2.3688935e+14 3.2944364e+33
186 1.6262617e+38 2.7705812e+14 5.0968287e+33
187 1.8968053e+38 3.2431947e+14 7.8135530e+33
188 2.2123563e+38 3.8008182e+14 1.2166283e+34
189 2.5804021e+38 4.4614344e+14 1.9133235e+34
190 3.0096756e+38 5.2482057e+14 3.0141641e+34
191 3.5103628e+38 6.1912451e+14 4.7152713e+34
192 4.0943440e+38 7.3300286e+14 7.2985345e+34
193 4.7754757e+38 8.7171257e+14 1.1202941e+35
194 5.5699200e+38 1.0424260e+15 1.7143032e+35
195 6.4965273e+38 1.2551524e+15 2.6218277e+35
196 7.5772843e+38 1.5239469e+15 3.9933202e+35
197 8.8378352e+38 1.8682854e+15 6.0125902e+35
198 1.0308090e+39 2.3145850e+15 8.8960472e+35
199 1.2022936e+39 2.8981053e+15 1.2909779e+36
