# EoS FPS
# 
# 
129
#
#            nb [cm-3]            rho [g/cm3]           P [erg/cm2]
#
     1	   2.7220416e+25   4.5185900e+01   1.7010300e+14
     2	   1.2790717e+26   2.1232600e+02   5.8171500e+15
     3	   6.9325771e+26   1.1508100e+03   1.8998100e+17
     4	   6.2935281e+27   1.0447300e+04   9.7434000e+18
     5	   1.5808608e+28   2.6242400e+04   4.9740600e+19
     6	   3.9709320e+28   6.5917800e+04   2.4305800e+20
     7	   9.9744773e+28   1.6557800e+05   1.1500300e+21
     8	   2.5071823e+29   4.1620100e+05   5.2687900e+21
     9	   6.2976464e+29   1.0454500e+06   2.3158500e+22
    10	   1.5818499e+30   2.6260500e+06   9.7658600e+22
    11	   3.9741454e+30   6.5978600e+06   3.9112100e+23
    12	   5.0030742e+30   8.3062100e+06   5.2590900e+23
    13	   9.9818822e+30   1.6573100e+07   1.4351900e+24
    14	   1.9914931e+31   3.3067600e+07   3.8336300e+24
    15	   3.9740575e+31   6.5993800e+07   1.0060300e+25
    16	   7.9300517e+31   1.3170500e+08   2.6044200e+25
    17	   1.5819762e+32   2.6278600e+08   6.6774500e+25
    18	   1.9919166e+32   3.3090500e+08   8.7379700e+25
    19	   3.1565140e+32   5.2444800e+08   1.6293400e+26
    20	   5.0030262e+32   8.3138600e+08   3.0290800e+26
    21	   6.2978155e+32   1.0466500e+09   4.1296300e+26
    22	   7.9295194e+32   1.3179600e+09   5.0362900e+26
    23	   9.9933501e+32   1.6611700e+09   7.5464100e+26
    24	   1.2991256e+33   2.1598000e+09   1.0622300e+27
    25	   1.5989326e+33   2.6585400e+09   1.3917500e+27
    26	   1.9986735e+33   3.3236300e+09   1.8599500e+27
    27	   2.4983275e+33   4.1551100e+09   2.4844500e+27
    28	   2.9979563e+33   4.9867000e+09   3.1463000e+27
    29	   3.9971808e+33   6.6501700e+09   4.5635300e+27
    30	   4.9965167e+33   8.3142500e+09   6.0851400e+27
    31	   5.9957174e+33   9.9784400e+09   7.6941500e+27
    32	   6.9950738e+33   1.1643200e+10   9.3786500e+27
    33	   7.9942808e+33   1.3308000e+10   1.1129900e+28
    34	   8.3940136e+33   1.3974100e+10   1.1847600e+28
    35	   9.9927824e+33   1.6638400e+10   1.4806800e+28
    36	   1.1991293e+34   1.9969800e+10   1.8683600e+28
    37	   1.4988979e+34   2.4968000e+10   2.4815400e+28
    38	   1.9984736e+34   3.3300700e+10   3.5724900e+28
    39	   2.4980972e+34   4.1637300e+10   4.7332600e+28
    40	   2.9976908e+34   4.9976200e+10   5.9514200e+28
    41	   3.9968258e+34   6.6659600e+10   8.5266900e+28
    42	   4.9960123e+34   8.3351400e+10   1.1251500e+29
    43	   5.9951745e+34   1.0004900e+11   1.4097100e+29
    44	   7.9933643e+34   1.3345800e+11   2.0075200e+29
    45	   9.9915594e+34   1.6688300e+11   2.6355500e+29
    46	   1.4986854e+35   2.5050300e+11   4.3004200e+29
    47	   1.9982282e+35   3.3419000e+11   6.0606700e+29
    48	   2.2379723e+35   3.7437200e+11   6.9304400e+29
    49	   2.4977299e+35   4.1792000e+11   7.8873400e+29
    50	   2.7974422e+35   4.6818000e+11   9.0078400e+29
    51	   2.9972061e+35   5.0168700e+11   9.7633900e+29
    52	   3.4967121e+35   5.8549500e+11   1.1673200e+30
    53	   3.9962257e+35   6.6933400e+11   1.3533200e+30
    54	   4.4957843e+35   7.5320500e+11   1.5010700e+30
    55	   4.9952322e+35   8.3707200e+11   1.6090900e+30
    56	   5.4947622e+35   9.2096400e+11   1.7004800e+30
    57	   5.9943589e+35   1.0048800e+12   1.7853400e+30
    58	   6.9933413e+35   1.1726900e+12   1.9485000e+30
    59	   7.9924614e+35   1.3405500e+12   2.1105300e+30
    60	   8.9913034e+35   1.5083900e+12   2.2748900e+30
    61	   9.9904990e+35   1.6763000e+12   2.4429800e+30
    62	   1.4985314e+36   2.5159600e+12   3.3498900e+30
    63	   1.9980364e+36   3.3560100e+12   4.3658700e+30
    64	   2.9970047e+36   5.0369000e+12   6.6757600e+30
    65	   4.9950240e+36   8.4014200e+12   1.2127500e+31
    66	   7.9919293e+36   1.3452800e+13   2.1681600e+31
    67	   9.9899395e+36   1.6823000e+13   2.8660300e+31
    68	   1.4984835e+37   2.5254700e+13   4.7457000e+31
    69	   1.9979382e+37   3.3693200e+13   6.7529000e+31
    70	   2.9969691e+37   5.0588600e+13   1.1033900e+32
    71	   3.9959441e+37   6.7499900e+13   1.5700800e+32
    72	   4.9949452e+37   8.4425400e+13   2.0950000e+32
    73	   5.9938302e+37   1.0136100e+14   2.7085100e+32
    74	   7.4923372e+37   1.2679200e+14   3.8772500e+32
    75	   7.9918921e+37   1.3527700e+14   4.3551800e+32
    76	   8.4914640e+37   1.4376500e+14   4.8882400e+32
    77	   8.7911262e+37   1.4885800e+14   5.2375900e+32
    78	   8.9909602e+37   1.5225500e+14   5.4837100e+32
    79	   9.1906695e+37   1.5565100e+14   5.7406400e+32
    80	   9.3904944e+37   1.5905000e+14   6.0080900e+32
    81	   9.4904984e+37   1.6075100e+14   6.1452900e+32
    82	   9.5902402e+37   1.6244700e+14   6.2840800e+32
    83	   9.6402864e+37   1.6329900e+14   6.3537000e+32
    84	   9.7904082e+37   1.6585300e+14   6.4045200e+32
    85	   9.8904002e+37   1.6755400e+14   6.5919600e+32
    86	   9.9903044e+37   1.6925400e+14   6.7843200e+32
    87	   1.1209178e+38   1.9001300e+14   9.5508200e+32
    88	   1.1988440e+38   2.0330500e+14   1.1755600e+33
    89	   1.2576878e+38   2.1335300e+14   1.3661800e+33
    90	   1.4111446e+38   2.3960800e+14   1.9661300e+33
    91	   1.4985601e+38   2.5460000e+14   2.3768700e+33
    92	   1.5833818e+38   2.6917400e+14   2.8245200e+33
    93	   1.7765970e+38   3.0248000e+14   4.0283200e+33
    94	   1.9933920e+38   3.4004300e+14   5.6912100e+33
    95	   2.2365635e+38   3.8244000e+14   7.9702100e+33
    96	   2.5095005e+38   4.3039100e+14   1.1102400e+34
    97	   2.8157111e+38   4.8468800e+14   1.5448400e+34
    98	   2.9971383e+38   5.1713000e+14   1.8496100e+34
    99	   3.1592802e+38   5.4630800e+14   2.1548700e+34
   100	   3.9772780e+38   6.9650100e+14   4.2259100e+34
   101	   4.4624898e+38   7.8826600e+14   5.9080000e+34
   102	   5.0070389e+38   8.9393500e+14   8.2167600e+34
   103	   5.6179032e+38   1.0161300e+15   1.1344900e+35
   104	   5.9941026e+38   1.0934200e+15   1.3556900e+35
   105	   6.3033776e+38   1.1581700e+15   1.5539600e+35
   106	   7.0724453e+38   1.3241100e+15   2.1122300e+35
   107	   7.9353337e+38   1.5190300e+15   2.8543100e+35
   108	   8.9035104e+38   1.7494000e+15   3.8484900e+35
   109	   9.9898524e+38   2.0236200e+15   5.1966200e+35
   110	   1.1208644e+39   2.3525100e+15   7.0066500e+35
   111	   1.2577258e+39   2.7501800e+15   9.4069900e+35
   112	   1.4110695e+39   3.2331400e+15   1.2565200e+36
   113	   1.5833932e+39   3.8250900e+15   1.6710900e+36
   114	   1.7764964e+39   4.5526600e+15   2.2107600e+36
   115	   1.9929789e+39   5.4516500e+15   2.9097800e+36
   116	   2.2364299e+39   6.5707500e+15   3.8137400e+36
   117	   2.5094513e+39   7.9649600e+15   4.9739400e+36
   118	   2.8155389e+39   9.7061000e+15   6.4562500e+36
   119	   3.1587903e+39   1.1885600e+16   8.3435400e+36
   120	   3.5444961e+39   1.4624000e+16   1.0743600e+37
   121	   3.9769277e+39   1.8060600e+16   1.3780700e+37
   122	   4.4622388e+39   2.2381200e+16   1.7617800e+37
   123	   5.0068990e+39   2.7815200e+16   2.2453300e+37
   124	   5.6176598e+39   3.4644400e+16   2.8524700e+37
   125	   6.3036055e+39   4.3237700e+16   3.6131000e+37
   126	   7.0723049e+39   5.4019800e+16   4.5602700e+37
   127	   7.9349018e+39   6.7551200e+16   5.7356200e+37
   128	   8.9028881e+39   8.4509000e+16   7.1870500e+37
   129	   9.9898236e+39   1.0573800e+17   8.9736800e+37
