#
#
#
1000 <-- Number of lines
#
#
#
1 1.904413e+24 3.162278e+00 9.798794e+13
2 1.982799e+24 3.292438e+00 1.042066e+14
3 2.064411e+24 3.427955e+00 1.108200e+14
4 2.149382e+24 3.569050e+00 1.178530e+14
5 2.237851e+24 3.715952e+00 1.253324e+14
6 2.329961e+24 3.868901e+00 1.332865e+14
7 2.425863e+24 4.028145e+00 1.417453e+14
8 2.525712e+24 4.193944e+00 1.507410e+14
9 2.629670e+24 4.366567e+00 1.603076e+14
10 2.737908e+24 4.546296e+00 1.704813e+14
11 2.850600e+24 4.733422e+00 1.813007e+14
12 2.967931e+24 4.928250e+00 1.928067e+14
13 3.090091e+24 5.131097e+00 2.050429e+14
14 3.217280e+24 5.342294e+00 2.180557e+14
15 3.349703e+24 5.562183e+00 2.318943e+14
16 3.487578e+24 5.791123e+00 2.466112e+14
17 3.631127e+24 6.029486e+00 2.622621e+14
18 3.780584e+24 6.277661e+00 2.789062e+14
19 3.936193e+24 6.536050e+00 2.966066e+14
20 4.098208e+24 6.805074e+00 3.154304e+14
21 4.266890e+24 7.085172e+00 3.354488e+14
22 4.442516e+24 7.376798e+00 3.567376e+14
23 4.625370e+24 7.680428e+00 3.793775e+14
24 4.815751e+24 7.996555e+00 4.034542e+14
25 5.013968e+24 8.325694e+00 4.290589e+14
26 5.220343e+24 8.668381e+00 4.562886e+14
27 5.435213e+24 9.025172e+00 4.852464e+14
28 5.658927e+24 9.396649e+00 5.160419e+14
29 5.891849e+24 9.783416e+00 5.487919e+14
30 6.134358e+24 1.018610e+01 5.836202e+14
31 6.386849e+24 1.060536e+01 6.206589e+14
32 6.649732e+24 1.104188e+01 6.600483e+14
33 6.923436e+24 1.149637e+01 7.019374e+14
34 7.208405e+24 1.196956e+01 7.464849e+14
35 7.505104e+24 1.246223e+01 7.938597e+14
36 7.814015e+24 1.297517e+01 8.442409e+14
37 8.135641e+24 1.350923e+01 8.978196e+14
38 8.470504e+24 1.406527e+01 9.547986e+14
39 8.819151e+24 1.464420e+01 1.015394e+15
40 9.182148e+24 1.524696e+01 1.079834e+15
41 9.560086e+24 1.587453e+01 1.148365e+15
42 9.953581e+24 1.652792e+01 1.221244e+15
43 1.036327e+25 1.720821e+01 1.298749e+15
44 1.078982e+25 1.791651e+01 1.381172e+15
45 1.123393e+25 1.865395e+01 1.468827e+15
46 1.169632e+25 1.942175e+01 1.562044e+15
47 1.217775e+25 2.022115e+01 1.661177e+15
48 1.267898e+25 2.105346e+01 1.766601e+15
49 1.320085e+25 2.192002e+01 1.878716e+15
50 1.374420e+25 2.282225e+01 1.997947e+15
51 1.430991e+25 2.376162e+01 2.124744e+15
52 1.489891e+25 2.473965e+01 2.259588e+15
53 1.551215e+25 2.575793e+01 2.402990e+15
54 1.615063e+25 2.681813e+01 2.555493e+15
55 1.681539e+25 2.792197e+01 2.717674e+15
56 1.750752e+25 2.907124e+01 2.890147e+15
57 1.822813e+25 3.026782e+01 3.073567e+15
58 1.897840e+25 3.151364e+01 3.268627e+15
59 1.975955e+25 3.281075e+01 3.476066e+15
60 2.057286e+25 3.416124e+01 3.696670e+15
61 2.141964e+25 3.556732e+01 3.931275e+15
62 2.230127e+25 3.703128e+01 4.180768e+15
63 2.321920e+25 3.855549e+01 4.446095e+15
64 2.417490e+25 4.014243e+01 4.728261e+15
65 2.516994e+25 4.179470e+01 5.028334e+15
66 2.620594e+25 4.351498e+01 5.347451e+15
67 2.728458e+25 4.530606e+01 5.686820e+15
68 2.840762e+25 4.717086e+01 6.047727e+15
69 2.957688e+25 4.911242e+01 6.431538e+15
70 3.079426e+25 5.113389e+01 6.839707e+15
71 3.206176e+25 5.323857e+01 7.273780e+15
72 3.338142e+25 5.542987e+01 7.735402e+15
73 3.475541e+25 5.771137e+01 8.226319e+15
74 3.618594e+25 6.008678e+01 8.748392e+15
75 3.767536e+25 6.255996e+01 9.303597e+15
76 3.922608e+25 6.513493e+01 9.894038e+15
77 4.084063e+25 6.781589e+01 1.052195e+16
78 4.252164e+25 7.060720e+01 1.118971e+16
79 4.427183e+25 7.351340e+01 1.189985e+16
80 4.609406e+25 7.653922e+01 1.265506e+16
81 4.799130e+25 7.968958e+01 1.345820e+16
82 4.996663e+25 8.296962e+01 1.431231e+16
83 5.202326e+25 8.638465e+01 1.522062e+16
84 5.416454e+25 8.994026e+01 1.618658e+16
85 5.639396e+25 9.364221e+01 1.721384e+16
86 5.871514e+25 9.749653e+01 1.830629e+16
87 6.113186e+25 1.015095e+02 1.946808e+16
88 6.364806e+25 1.056876e+02 2.070359e+16
89 6.626782e+25 1.100378e+02 2.201752e+16
90 6.899541e+25 1.145669e+02 2.341483e+16
91 7.183526e+25 1.192825e+02 2.490083e+16
92 7.479201e+25 1.241922e+02 2.648113e+16
93 7.787046e+25 1.293040e+02 2.816172e+16
94 8.107561e+25 1.346261e+02 2.994896e+16
95 8.441270e+25 1.401673e+02 3.184964e+16
96 8.788713e+25 1.459367e+02 3.387093e+16
97 9.150457e+25 1.519434e+02 3.602051e+16
98 9.527091e+25 1.581974e+02 3.830650e+16
99 9.919227e+25 1.647089e+02 4.073758e+16
100 1.032750e+26 1.714883e+02 4.332294e+16
101 1.075258e+26 1.785468e+02 4.607237e+16
102 1.119516e+26 1.858958e+02 4.899630e+16
103 1.165596e+26 1.935473e+02 5.210578e+16
104 1.213572e+26 2.015137e+02 5.541261e+16
105 1.263522e+26 2.098080e+02 5.892930e+16
106 1.315529e+26 2.184437e+02 6.266917e+16
107 1.369676e+26 2.274349e+02 6.664639e+16
108 1.426052e+26 2.367962e+02 7.087602e+16
109 1.484749e+26 2.465427e+02 7.537408e+16
110 1.545861e+26 2.566904e+02 8.015759e+16
111 1.609489e+26 2.672558e+02 8.524469e+16
112 1.675736e+26 2.782561e+02 9.065464e+16
113 1.744709e+26 2.897092e+02 9.640792e+16
114 1.816522e+26 3.016337e+02 1.025263e+17
115 1.891290e+26 3.140489e+02 1.090330e+17
116 1.969136e+26 3.269752e+02 1.159527e+17
117 2.050185e+26 3.404336e+02 1.233115e+17
118 2.134571e+26 3.544458e+02 1.311373e+17
119 2.222430e+26 3.690349e+02 1.394597e+17
120 2.313906e+26 3.842244e+02 1.483104e+17
121 2.409147e+26 4.000391e+02 1.577227e+17
122 2.508307e+26 4.165048e+02 1.677323e+17
123 2.611549e+26 4.336482e+02 1.783773e+17
124 2.719041e+26 4.514972e+02 1.896978e+17
125 2.830957e+26 4.700809e+02 2.017367e+17
126 2.947480e+26 4.894294e+02 2.145396e+17
127 3.068798e+26 5.095744e+02 2.281551e+17
128 3.195110e+26 5.305486e+02 2.426347e+17
129 3.326621e+26 5.523860e+02 2.580332e+17
130 3.463545e+26 5.751223e+02 2.744089e+17
131 3.606105e+26 5.987944e+02 2.918240e+17
132 3.754533e+26 6.234408e+02 3.103442e+17
133 3.909070e+26 6.491017e+02 3.300398e+17
134 4.069968e+26 6.758189e+02 3.509853e+17
135 4.237488e+26 7.036357e+02 3.732602e+17
136 4.411903e+26 7.325974e+02 3.969487e+17
137 4.593498e+26 7.627512e+02 4.221405e+17
138 4.782567e+26 7.941461e+02 4.489311e+17
139 4.979417e+26 8.268333e+02 4.774219e+17
140 5.184371e+26 8.608658e+02 5.077209e+17
141 5.397760e+26 8.962992e+02 5.399428e+17
142 5.619932e+26 9.331910e+02 5.742096e+17
143 5.851249e+26 9.716013e+02 6.106510e+17
144 6.092087e+26 1.011592e+03 6.494052e+17
145 6.342838e+26 1.053230e+03 6.906189e+17
146 6.603910e+26 1.096581e+03 7.344481e+17
147 6.875728e+26 1.141716e+03 7.810589e+17
148 7.158734e+26 1.188709e+03 8.306279e+17
149 7.453388e+26 1.237637e+03 8.833426e+17
150 7.760170e+26 1.288578e+03 9.394028e+17
151 8.079579e+26 1.341616e+03 9.990208e+17
152 8.412136e+26 1.396837e+03 1.062422e+18
153 8.758380e+26 1.454331e+03 1.129848e+18
154 9.118876e+26 1.514192e+03 1.201552e+18
155 9.494210e+26 1.576516e+03 1.277807e+18
156 9.884992e+26 1.641406e+03 1.358901e+18
157 1.029186e+27 1.708966e+03 1.445142e+18
158 1.071547e+27 1.779308e+03 1.536856e+18
159 1.115652e+27 1.852544e+03 1.634391e+18
160 1.161573e+27 1.928795e+03 1.738116e+18
161 1.209383e+27 2.008185e+03 1.848423e+18
162 1.259162e+27 2.090842e+03 1.965731e+18
163 1.310989e+27 2.176901e+03 2.090483e+18
164 1.364949e+27 2.266503e+03 2.223153e+18
165 1.421131e+27 2.359792e+03 2.364243e+18
166 1.479624e+27 2.456922e+03 2.514286e+18
167 1.540526e+27 2.558049e+03 2.673852e+18
168 1.603934e+27 2.663339e+03 2.843545e+18
169 1.669952e+27 2.772962e+03 3.024007e+18
170 1.738688e+27 2.887098e+03 3.215921e+18
171 1.810252e+27 3.005931e+03 3.420016e+18
172 1.884762e+27 3.129656e+03 3.637063e+18
173 1.962339e+27 3.258473e+03 3.867884e+18
174 2.043110e+27 3.392592e+03 4.113355e+18
175 2.127204e+27 3.532232e+03 4.374403e+18
176 2.214760e+27 3.677619e+03 4.652019e+18
177 2.305920e+27 3.828990e+03 4.947254e+18
178 2.400832e+27 3.986592e+03 5.261225e+18
179 2.499650e+27 4.150681e+03 5.595122e+18
180 2.602536e+27 4.321524e+03 5.950209e+18
181 2.709657e+27 4.499398e+03 6.327832e+18
182 2.821186e+27 4.684594e+03 6.729419e+18
183 2.937307e+27 4.877413e+03 7.156493e+18
184 3.058207e+27 5.078168e+03 7.610671e+18
185 3.184083e+27 5.287187e+03 8.093672e+18
186 3.315140e+27 5.504808e+03 8.607327e+18
187 3.451591e+27 5.731387e+03 9.153580e+18
188 3.593659e+27 5.967292e+03 9.734500e+18
189 3.741575e+27 6.212907e+03 1.035229e+19
190 3.895578e+27 6.468631e+03 1.100928e+19
191 4.055921e+27 6.734881e+03 1.170797e+19
192 4.222863e+27 7.012090e+03 1.245100e+19
193 4.396676e+27 7.300709e+03 1.324119e+19
194 4.577644e+27 7.601207e+03 1.408153e+19
195 4.766060e+27 7.914075e+03 1.497519e+19
196 4.962232e+27 8.239819e+03 1.592557e+19
197 5.166478e+27 8.578972e+03 1.693627e+19
198 5.379130e+27 8.932084e+03 1.801111e+19
199 5.600536e+27 9.299730e+03 1.915416e+19
200 5.831055e+27 9.682509e+03 2.036976e+19
201 6.071061e+27 1.008104e+04 2.166250e+19
202 6.320947e+27 1.049598e+04 2.303728e+19
203 6.581118e+27 1.092800e+04 2.449931e+19
204 6.851997e+27 1.137780e+04 2.605413e+19
205 7.134026e+27 1.184611e+04 2.770762e+19
206 7.427663e+27 1.233370e+04 2.946605e+19
207 7.733387e+27 1.284136e+04 3.133607e+19
208 8.051694e+27 1.336991e+04 3.332478e+19
209 8.383102e+27 1.392022e+04 3.543969e+19
210 8.728152e+27 1.449318e+04 3.768883e+19
211 9.087403e+27 1.508972e+04 4.008070e+19
212 9.461442e+27 1.571081e+04 4.262437e+19
213 9.850876e+27 1.635747e+04 4.532947e+19
214 1.025634e+28 1.703075e+04 4.820625e+19
215 1.067849e+28 1.773174e+04 5.126559e+19
216 1.111802e+28 1.846158e+04 5.451910e+19
217 1.157564e+28 1.922147e+04 5.797909e+19
218 1.205209e+28 2.001263e+04 6.165865e+19
219 1.254816e+28 2.083635e+04 6.557174e+19
220 1.306464e+28 2.169398e+04 6.973317e+19
221 1.360238e+28 2.258691e+04 7.415869e+19
222 1.416226e+28 2.351660e+04 7.886508e+19
223 1.474518e+28 2.448455e+04 8.387015e+19
224 1.535209e+28 2.549234e+04 8.919287e+19
225 1.598398e+28 2.654161e+04 9.485338e+19
226 1.664189e+28 2.763407e+04 1.008731e+20
227 1.732687e+28 2.877149e+04 1.072749e+20
228 1.804004e+28 2.995573e+04 1.140830e+20
229 1.878257e+28 3.118872e+04 1.213231e+20
230 1.955567e+28 3.247246e+04 1.290227e+20
231 2.036058e+28 3.380903e+04 1.372110e+20
232 2.119862e+28 3.520062e+04 1.459189e+20
233 2.207116e+28 3.664949e+04 1.551795e+20
234 2.297961e+28 3.815800e+04 1.650277e+20
235 2.392546e+28 3.972859e+04 1.755010e+20
236 2.491023e+28 4.136383e+04 1.866389e+20
237 2.593554e+28 4.306638e+04 1.984837e+20
238 2.700305e+28 4.483901e+04 2.110803e+20
239 2.811450e+28 4.668459e+04 2.244762e+20
240 2.927169e+28 4.860615e+04 2.387223e+20
241 3.047652e+28 5.060679e+04 2.538725e+20
242 3.173093e+28 5.268979e+04 2.699842e+20
243 3.303698e+28 5.485852e+04 2.871184e+20
244 3.439679e+28 5.711651e+04 3.053400e+20
245 3.581256e+28 5.946745e+04 3.247180e+20
246 3.728661e+28 6.191515e+04 3.453258e+20
247 3.882133e+28 6.446360e+04 3.672415e+20
248 4.041922e+28 6.711694e+04 3.905480e+20
249 4.208288e+28 6.987950e+04 4.153336e+20
250 4.381502e+28 7.275577e+04 4.416922e+20
251 4.561845e+28 7.575043e+04 4.697237e+20
252 4.749611e+28 7.886834e+04 4.995341e+20
253 4.945105e+28 8.211460e+04 5.312364e+20
254 5.148646e+28 8.549447e+04 5.649506e+20
255 5.360565e+28 8.901345e+04 6.008045e+20
256 5.581206e+28 9.267729e+04 6.389338e+20
257 5.810929e+28 9.649192e+04 6.794829e+20
258 6.050108e+28 1.004636e+05 7.226054e+20
259 6.299131e+28 1.045987e+05 7.684646e+20
260 6.558404e+28 1.089040e+05 8.172343e+20
261 6.828348e+28 1.133866e+05 8.690990e+20
262 7.109404e+28 1.180536e+05 9.242553e+20
263 7.402028e+28 1.229128e+05 9.829119e+20
264 7.706696e+28 1.279719e+05 1.045291e+21
265 8.023904e+28 1.332393e+05 1.111629e+21
266 8.354169e+28 1.387235e+05 1.182177e+21
267 8.698028e+28 1.444334e+05 1.257203e+21
268 9.056039e+28 1.503784e+05 1.336990e+21
269 9.428787e+28 1.565680e+05 1.421840e+21
270 9.816877e+28 1.630124e+05 1.512075e+21
271 1.022094e+29 1.697221e+05 1.608037e+21
272 1.064164e+29 1.767080e+05 1.710089e+21
273 1.107965e+29 1.839814e+05 1.818618e+21
274 1.153569e+29 1.915542e+05 1.934034e+21
275 1.201050e+29 1.994386e+05 2.056775e+21
276 1.250485e+29 2.076476e+05 2.187305e+21
277 1.301955e+29 2.161945e+05 2.326120e+21
278 1.355544e+29 2.250932e+05 2.473744e+21
279 1.411338e+29 2.343582e+05 2.630737e+21
280 1.469429e+29 2.440046e+05 2.797694e+21
281 1.529910e+29 2.540479e+05 2.975246e+21
282 1.592882e+29 2.645047e+05 3.164066e+21
283 1.658445e+29 2.753919e+05 3.364869e+21
284 1.726707e+29 2.867272e+05 3.578416e+21
285 1.797778e+29 2.985291e+05 3.805516e+21
286 1.871775e+29 3.108168e+05 4.047028e+21
287 1.948817e+29 3.236102e+05 4.303868e+21
288 2.029031e+29 3.369303e+05 4.577007e+21
289 2.112546e+29 3.507986e+05 4.867481e+21
290 2.199499e+29 3.652377e+05 5.176390e+21
291 2.290030e+29 3.802712e+05 5.504902e+21
292 2.384288e+29 3.959234e+05 5.854264e+21
293 2.482426e+29 4.122199e+05 6.225797e+21
294 2.584602e+29 4.291873e+05 6.620910e+21
295 2.690985e+29 4.468530e+05 7.041097e+21
296 2.801746e+29 4.652458e+05 7.487952e+21
297 2.917066e+29 4.843957e+05 7.963165e+21
298 3.037133e+29 5.043339e+05 8.468537e+21
299 3.162142e+29 5.250927e+05 9.005982e+21
300 3.292296e+29 5.467060e+05 9.577535e+21
301 3.427807e+29 5.692089e+05 1.018536e+22
302 3.568896e+29 5.926381e+05 1.083176e+22
303 3.715792e+29 6.170317e+05 1.151919e+22
304 3.868735e+29 6.424293e+05 1.225024e+22
305 4.027972e+29 6.688723e+05 1.302768e+22
306 4.193764e+29 6.964038e+05 1.385447e+22
307 4.366380e+29 7.250685e+05 1.473372e+22
308 4.546100e+29 7.549131e+05 1.566878e+22
309 4.733218e+29 7.859861e+05 1.666318e+22
310 4.928038e+29 8.183382e+05 1.772069e+22
311 5.130876e+29 8.520219e+05 1.884531e+22
312 5.342064e+29 8.870921e+05 2.004130e+22
313 5.561944e+29 9.236059e+05 2.131320e+22
314 5.790874e+29 9.616226e+05 2.266581e+22
315 6.029227e+29 1.001204e+06 2.410427e+22
316 6.277390e+29 1.042415e+06 2.563401e+22
317 6.535768e+29 1.085322e+06 2.726084e+22
318 6.804781e+29 1.129995e+06 2.899092e+22
319 7.084867e+29 1.176507e+06 3.083079e+22
320 7.376481e+29 1.224934e+06 3.278743e+22
321 7.680097e+29 1.275354e+06 3.486824e+22
322 7.996211e+29 1.327849e+06 3.708111e+22
323 8.325336e+29 1.382506e+06 3.943441e+22
324 8.668007e+29 1.439411e+06 4.193707e+22
325 9.024784e+29 1.498660e+06 4.459855e+22
326 9.396245e+29 1.560347e+06 4.742894e+22
327 9.782995e+29 1.624573e+06 5.043896e+22
328 1.018566e+30 1.691443e+06 5.364000e+22
329 1.060491e+30 1.761066e+06 5.704419e+22
330 1.104141e+30 1.833554e+06 6.066443e+22
331 1.149587e+30 1.909026e+06 6.451442e+22
332 1.196904e+30 1.987605e+06 6.860875e+22
333 1.246169e+30 2.069418e+06 7.296291e+22
334 1.297461e+30 2.154599e+06 7.759341e+22
335 1.350865e+30 2.243286e+06 8.251778e+22
336 1.406467e+30 2.335624e+06 8.775466e+22
337 1.464357e+30 2.431763e+06 9.332390e+22
338 1.524630e+30 2.531859e+06 9.924658e+22
339 1.587384e+30 2.636075e+06 1.055451e+23
340 1.652721e+30 2.744581e+06 1.122434e+23
341 1.720747e+30 2.857554e+06 1.193668e+23
342 1.791573e+30 2.975176e+06 1.269423e+23
343 1.865315e+30 3.097641e+06 1.349985e+23
344 1.942091e+30 3.225146e+06 1.435660e+23
345 2.022028e+30 3.357901e+06 1.526772e+23
346 2.105255e+30 3.496119e+06 1.623667e+23
347 2.191907e+30 3.640028e+06 1.726711e+23
348 2.282126e+30 3.789860e+06 1.836295e+23
349 2.376059e+30 3.945859e+06 1.952833e+23
350 2.473858e+30 4.108281e+06 2.076767e+23
351 2.575682e+30 4.277388e+06 2.208566e+23
352 2.681697e+30 4.453456e+06 2.348730e+23
353 2.792076e+30 4.636772e+06 2.497789e+23
354 2.906998e+30 4.827633e+06 2.656308e+23
355 3.026651e+30 5.026352e+06 2.824887e+23
356 3.151228e+30 5.233250e+06 3.004165e+23
357 3.280933e+30 5.448666e+06 3.194820e+23
358 3.415976e+30 5.672948e+06 3.397576e+23
359 3.556578e+30 5.906464e+06 3.613198e+23
360 3.702968e+30 6.149591e+06 3.842505e+23
361 3.855382e+30 6.402727e+06 4.086365e+23
362 4.014070e+30 6.666283e+06 4.345701e+23
363 4.179290e+30 6.940689e+06 4.621496e+23
364 4.351310e+30 7.226390e+06 4.914793e+23
365 4.530410e+30 7.523852e+06 5.226704e+23
366 4.716882e+30 7.833560e+06 5.558410e+23
367 4.911029e+30 8.156016e+06 5.911167e+23
368 5.113168e+30 8.491746e+06 6.286312e+23
369 5.323626e+30 8.841297e+06 6.685265e+23
370 5.542747e+30 9.205237e+06 7.109537e+23
371 5.770887e+30 9.584159e+06 7.560734e+23
372 6.008418e+30 9.978680e+06 8.040566e+23
373 6.255725e+30 1.038944e+07 8.550851e+23
374 6.513211e+30 1.081711e+07 9.093520e+23
375 6.781296e+30 1.126239e+07 9.670628e+23
376 7.060414e+30 1.172600e+07 1.028436e+24
377 7.351022e+30 1.220869e+07 1.093705e+24
378 7.653591e+30 1.271125e+07 1.163115e+24
379 7.968613e+30 1.323450e+07 1.236931e+24
380 8.296602e+30 1.377929e+07 1.315431e+24
381 8.638091e+30 1.434651e+07 1.398913e+24
382 8.993636e+30 1.493708e+07 1.487693e+24
383 9.363815e+30 1.555196e+07 1.582108e+24
384 9.749230e+30 1.619216e+07 1.682514e+24
385 1.015051e+31 1.685871e+07 1.789293e+24
386 1.056831e+31 1.755270e+07 1.902848e+24
387 1.100330e+31 1.827526e+07 2.023610e+24
388 1.145620e+31 1.902757e+07 2.152036e+24
389 1.192773e+31 1.981085e+07 2.288612e+24
390 1.241868e+31 2.062637e+07 2.433856e+24
391 1.292983e+31 2.147547e+07 2.588318e+24
392 1.346203e+31 2.235952e+07 2.752582e+24
393 1.401613e+31 2.327998e+07 2.927271e+24
394 1.459303e+31 2.423832e+07 3.113046e+24
395 1.519368e+31 2.523612e+07 3.310612e+24
396 1.581906e+31 2.627500e+07 3.520716e+24
397 1.647017e+31 2.735664e+07 3.744153e+24
398 1.714808e+31 2.848282e+07 3.981771e+24
399 1.785390e+31 2.965537e+07 4.234469e+24
400 1.858877e+31 3.087618e+07 4.503204e+24
401 1.935388e+31 3.214726e+07 4.788995e+24
402 2.015049e+31 3.347067e+07 5.092922e+24
403 2.097989e+31 3.484857e+07 5.416138e+24
404 2.184342e+31 3.628320e+07 5.759866e+24
405 2.274250e+31 3.777689e+07 6.125409e+24
406 2.367858e+31 3.933208e+07 6.514150e+24
407 2.465320e+31 4.095130e+07 6.927562e+24
408 2.566792e+31 4.263719e+07 7.367211e+24
409 2.672442e+31 4.439249e+07 7.834762e+24
410 2.782440e+31 4.622006e+07 8.331985e+24
411 2.896965e+31 4.812287e+07 8.860763e+24
412 3.016205e+31 5.010403e+07 9.423100e+24
413 3.140352e+31 5.216676e+07 1.002113e+25
414 3.269609e+31 5.431443e+07 1.065710e+25
415 3.404187e+31 5.655052e+07 1.133344e+25
416 3.544303e+31 5.887868e+07 1.205271e+25
417 3.690187e+31 6.130270e+07 1.281761e+25
418 3.842076e+31 6.382653e+07 1.363107e+25
419 4.000216e+31 6.645428e+07 1.449615e+25
420 4.164865e+31 6.919023e+07 1.541613e+25
421 4.336292e+31 7.203884e+07 1.639449e+25
422 4.514774e+31 7.500474e+07 1.743495e+25
423 4.700602e+31 7.809276e+07 1.854143e+25
424 4.894080e+31 8.130794e+07 1.971814e+25
425 5.095520e+31 8.465552e+07 2.096953e+25
426 5.305253e+31 8.814094e+07 2.230033e+25
427 5.523617e+31 9.176988e+07 2.371559e+25
428 5.750970e+31 9.554826e+07 2.522067e+25
429 5.987680e+31 9.948223e+07 2.682127e+25
430 6.234134e+31 1.035433e+08 2.823329e+25
431 6.490732e+31 1.078054e+08 2.966904e+25
432 6.757891e+31 1.122430e+08 3.117781e+25
433 7.036046e+31 1.168632e+08 3.276329e+25
434 7.325651e+31 1.216736e+08 3.442941e+25
435 7.627175e+31 1.266820e+08 3.618025e+25
436 7.941111e+31 1.318965e+08 3.802013e+25
437 8.267967e+31 1.373257e+08 3.995358e+25
438 8.608278e+31 1.429784e+08 4.198534e+25
439 8.962595e+31 1.488638e+08 4.412043e+25
440 9.331497e+31 1.549915e+08 4.636409e+25
441 9.715582e+31 1.613713e+08 4.872185e+25
442 1.011548e+32 1.680138e+08 5.119951e+25
443 1.053183e+32 1.749297e+08 5.380316e+25
444 1.096532e+32 1.821303e+08 5.653922e+25
445 1.141666e+32 1.896273e+08 5.941442e+25
446 1.188657e+32 1.974329e+08 6.243583e+25
447 1.237582e+32 2.055598e+08 6.561089e+25
448 1.288521e+32 2.140213e+08 6.894741e+25
449 1.341557e+32 2.228310e+08 7.245360e+25
450 1.396775e+32 2.320034e+08 7.613809e+25
451 1.454267e+32 2.415533e+08 8.000995e+25
452 1.514124e+32 2.514964e+08 8.407871e+25
453 1.576446e+32 2.618488e+08 8.835438e+25
454 1.641332e+32 2.726273e+08 9.284748e+25
455 1.708890e+32 2.838494e+08 9.756906e+25
456 1.779228e+32 2.955336e+08 1.025308e+26
457 1.852461e+32 3.076987e+08 1.077448e+26
458 1.928709e+32 3.203645e+08 1.132239e+26
459 2.008094e+32 3.335517e+08 1.189817e+26
460 2.090748e+32 3.472818e+08 1.250323e+26
461 2.176803e+32 3.615771e+08 1.313906e+26
462 2.266401e+32 3.764608e+08 1.380722e+26
463 2.359686e+32 3.919571e+08 1.450936e+26
464 2.456811e+32 4.080914e+08 1.524721e+26
465 2.557933e+32 4.248898e+08 1.602258e+26
466 2.663218e+32 4.423797e+08 1.683738e+26
467 2.772837e+32 4.605896e+08 1.769361e+26
468 2.886967e+32 4.795491e+08 1.859338e+26
469 3.005795e+32 4.992890e+08 1.953892e+26
470 3.129514e+32 5.198415e+08 2.053253e+26
471 3.258325e+32 5.412400e+08 2.157668e+26
472 3.392438e+32 5.635194e+08 2.267392e+26
473 3.532071e+32 5.867159e+08 2.382696e+26
474 3.677451e+32 6.108673e+08 2.503863e+26
475 3.828815e+32 6.360129e+08 2.631193e+26
476 3.986410e+32 6.621935e+08 2.764997e+26
477 4.150491e+32 6.894519e+08 2.905606e+26
478 4.321325e+32 7.178324e+08 3.053365e+26
479 4.499192e+32 7.473811e+08 3.208638e+26
480 4.684379e+32 7.781462e+08 3.371807e+26
481 4.877188e+32 8.101777e+08 3.543274e+26
482 5.077934e+32 8.435278e+08 3.723461e+26
483 5.286942e+32 8.782508e+08 3.912811e+26
484 5.504553e+32 9.144031e+08 4.111789e+26
485 5.731121e+32 9.520436e+08 4.320887e+26
486 5.967015e+32 9.912336e+08 4.540618e+26
487 6.212618e+32 1.032037e+09 4.771522e+26
488 6.468330e+32 1.074520e+09 5.014169e+26
489 6.734567e+32 1.118752e+09 5.269155e+26
490 7.011762e+32 1.164804e+09 5.537108e+26
491 7.300367e+32 1.212752e+09 5.818688e+26
492 7.600851e+32 1.262675e+09 6.114586e+26
493 7.913703e+32 1.314652e+09 6.425532e+26
494 8.239432e+32 1.368769e+09 6.752291e+26
495 8.578568e+32 1.425113e+09 7.095666e+26
496 8.931662e+32 1.483777e+09 7.456503e+26
497 9.299290e+32 1.544856e+09 7.835689e+26
498 9.682050e+32 1.608449e+09 8.234159e+26
499 1.008056e+33 1.674661e+09 8.652891e+26
500 1.049548e+33 1.743597e+09 9.092918e+26
501 1.092748e+33 1.815372e+09 9.555322e+26
502 1.137725e+33 1.890101e+09 1.004124e+27
503 1.184554e+33 1.967907e+09 1.055187e+27
504 1.233311e+33 2.048915e+09 1.108846e+27
505 1.284074e+33 2.133259e+09 1.165235e+27
506 1.336926e+33 2.221074e+09 1.224491e+27
507 1.391954e+33 2.312504e+09 1.286760e+27
508 1.449247e+33 2.407699e+09 1.352195e+27
509 1.508898e+33 2.506812e+09 1.420959e+27
510 1.571005e+33 2.610005e+09 1.493219e+27
511 1.635668e+33 2.717446e+09 1.569154e+27
512 1.702992e+33 2.829310e+09 1.648950e+27
513 1.773087e+33 2.945779e+09 1.732805e+27
514 1.846068e+33 3.067043e+09 1.820923e+27
515 1.922052e+33 3.193299e+09 1.913523e+27
516 2.001164e+33 3.324752e+09 2.010832e+27
517 2.083532e+33 3.461617e+09 2.113089e+27
518 2.169290e+33 3.604116e+09 2.220546e+27
519 2.258579e+33 3.752481e+09 2.333468e+27
520 2.351542e+33 3.906954e+09 2.452132e+27
521 2.448332e+33 4.067786e+09 2.576830e+27
522 2.549105e+33 4.235239e+09 2.707870e+27
523 2.654027e+33 4.409586e+09 2.845574e+27
524 2.763267e+33 4.591110e+09 2.990280e+27
525 2.877003e+33 4.780106e+09 3.142345e+27
526 2.995421e+33 4.976884e+09 3.302144e+27
527 3.118712e+33 5.181762e+09 3.470068e+27
528 3.247079e+33 5.395074e+09 3.646532e+27
529 3.380729e+33 5.617168e+09 3.831969e+27
530 3.519880e+33 5.848405e+09 4.026837e+27
531 3.664759e+33 6.089161e+09 4.231614e+27
532 3.815601e+33 6.339828e+09 4.446805e+27
533 3.972651e+33 6.600815e+09 4.672939e+27
534 4.136166e+33 6.872547e+09 4.910573e+27
535 4.306411e+33 7.155464e+09 5.160291e+27
536 4.483663e+33 7.450029e+09 5.422708e+27
537 4.668211e+33 7.756721e+09 5.698469e+27
538 4.860355e+33 8.076038e+09 5.988255e+27
539 5.060408e+33 8.408501e+09 6.292776e+27
540 5.268695e+33 8.754651e+09 6.612784e+27
541 5.485555e+33 9.115052e+09 6.949064e+27
542 5.711341e+33 9.490289e+09 7.302446e+27
543 5.946420e+33 9.880974e+09 7.673798e+27
544 6.191176e+33 1.028774e+10 8.064035e+27
545 6.446005e+33 1.071126e+10 8.474117e+27
546 6.711323e+33 1.115221e+10 8.905052e+27
547 6.987562e+33 1.161131e+10 9.357902e+27
548 7.275171e+33 1.208932e+10 9.833780e+27
549 7.574618e+33 1.258700e+10 1.033386e+28
550 7.886390e+33 1.310518e+10 1.085937e+28
551 8.210994e+33 1.364468e+10 1.141160e+28
552 8.548960e+33 1.420640e+10 1.199192e+28
553 8.900836e+33 1.479124e+10 1.260174e+28
554 9.267195e+33 1.540016e+10 1.324258e+28
555 9.648634e+33 1.603415e+10 1.391601e+28
556 1.004577e+34 1.669424e+10 1.462368e+28
557 1.045926e+34 1.738150e+10 1.536734e+28
558 1.088976e+34 1.809706e+10 1.614882e+28
559 1.133799e+34 1.884208e+10 1.697004e+28
560 1.180466e+34 1.961777e+10 1.783302e+28
561 1.229054e+34 2.042540e+10 1.873988e+28
562 1.279642e+34 2.126627e+10 1.969286e+28
563 1.332312e+34 2.214177e+10 2.069431e+28
564 1.387150e+34 2.305330e+10 2.174668e+28
565 1.444245e+34 2.400237e+10 2.285256e+28
566 1.503691e+34 2.499051e+10 2.401469e+28
567 1.565583e+34 2.601934e+10 2.523591e+28
568 1.630022e+34 2.709051e+10 2.651924e+28
569 1.697114e+34 2.820580e+10 2.786782e+28
570 1.766968e+34 2.936699e+10 2.928499e+28
571 1.839696e+34 3.057600e+10 3.077422e+28
572 1.915418e+34 3.183478e+10 3.233919e+28
573 1.994257e+34 3.314539e+10 3.398374e+28
574 2.076341e+34 3.450995e+10 3.571192e+28
575 2.161803e+34 3.593070e+10 3.752798e+28
576 2.250783e+34 3.740994e+10 3.943640e+28
577 2.343426e+34 3.895008e+10 4.144186e+28
578 2.439881e+34 4.055363e+10 4.354931e+28
579 2.540307e+34 4.222321e+10 4.576393e+28
580 2.644867e+34 4.396152e+10 4.809117e+28
581 2.753730e+34 4.577140e+10 5.053676e+28
582 2.867073e+34 4.765580e+10 5.310671e+28
583 2.985082e+34 4.961779e+10 5.580735e+28
584 3.107949e+34 5.166055e+10 5.864533e+28
585 3.235872e+34 5.378742e+10 6.162763e+28
586 3.369061e+34 5.600185e+10 6.476159e+28
587 3.507732e+34 5.830746e+10 6.805492e+28
588 3.652110e+34 6.070800e+10 7.151572e+28
589 3.802432e+34 6.320737e+10 7.515252e+28
590 3.958940e+34 6.580966e+10 7.897426e+28
591 4.121891e+34 6.851908e+10 8.299035e+28
592 4.291548e+34 7.134006e+10 8.721067e+28
593 4.468189e+34 7.427719e+10 9.164561e+28
594 4.652100e+34 7.733525e+10 9.630608e+28
595 4.843581e+34 8.051922e+10 1.012035e+29
596 5.042943e+34 8.383429e+10 1.063501e+29
597 5.250511e+34 8.728585e+10 1.117583e+29
598 5.466622e+34 9.087952e+10 1.174416e+29
599 5.691629e+34 9.462116e+10 1.234138e+29
600 5.925897e+34 9.851686e+10 1.296898e+29
601 6.169808e+34 1.025929e+11 1.357058e+29
602 6.423758e+34 1.068160e+11 1.415982e+29
603 6.688160e+34 1.112129e+11 1.477465e+29
604 6.963446e+34 1.157908e+11 1.541617e+29
605 7.250062e+34 1.205571e+11 1.608556e+29
606 7.548475e+34 1.255196e+11 1.678400e+29
607 7.859171e+34 1.306864e+11 1.751277e+29
608 8.182655e+34 1.360659e+11 1.827319e+29
609 8.519454e+34 1.416669e+11 1.906662e+29
610 8.870116e+34 1.474983e+11 1.989451e+29
611 9.235211e+34 1.535699e+11 2.075834e+29
612 9.615333e+34 1.598913e+11 2.165968e+29
613 1.001110e+35 1.664730e+11 2.260016e+29
614 1.042316e+35 1.733255e+11 2.358148e+29
615 1.085218e+35 1.804602e+11 2.460540e+29
616 1.129885e+35 1.878886e+11 2.567378e+29
617 1.176392e+35 1.956227e+11 2.678856e+29
618 1.224812e+35 2.036752e+11 2.795173e+29
619 1.275225e+35 2.120591e+11 2.916541e+29
620 1.327714e+35 2.207882e+11 3.043180e+29
621 1.382363e+35 2.298766e+11 3.175317e+29
622 1.439261e+35 2.393391e+11 3.313191e+29
623 1.498501e+35 2.491911e+11 3.457052e+29
624 1.560179e+35 2.594487e+11 3.607159e+29
625 1.624397e+35 2.701285e+11 3.763785e+29
626 1.691257e+35 2.812479e+11 3.927211e+29
627 1.760869e+35 2.928250e+11 4.097733e+29
628 1.833347e+35 3.048787e+11 4.275659e+29
629 1.908807e+35 3.174285e+11 4.461311e+29
630 1.987374e+35 3.304950e+11 4.655024e+29
631 2.069175e+35 3.440993e+11 4.857149e+29
632 2.154342e+35 3.582636e+11 5.068049e+29
633 2.243015e+35 3.730110e+11 5.288107e+29
634 2.335338e+35 3.883654e+11 5.517721e+29
635 2.431461e+35 4.043519e+11 5.757304e+29
636 2.531540e+35 4.209965e+11 6.007290e+29
637 2.635738e+35 4.383262e+11 6.268130e+29
638 2.744225e+35 4.563692e+11 6.540297e+29
639 2.857178e+35 4.751550e+11 6.824281e+29
640 2.974780e+35 4.947140e+11 7.120595e+29
641 3.097222e+35 5.150782e+11 7.429776e+29
642 3.224704e+35 5.362806e+11 7.752382e+29
643 3.357433e+35 5.583559e+11 8.088996e+29
644 3.495625e+35 5.813398e+11 8.440226e+29
645 3.639506e+35 6.052698e+11 8.806706e+29
646 3.789308e+35 6.301849e+11 9.189099e+29
647 3.945276e+35 6.561255e+11 9.588096e+29
648 4.107664e+35 6.831340e+11 1.000442e+30
649 4.276736e+35 7.112543e+11 1.043882e+30
650 4.452767e+35 7.405321e+11 1.089208e+30
651 4.636044e+35 7.710150e+11 1.136502e+30
652 4.826864e+35 8.027528e+11 1.185849e+30
653 5.025538e+35 8.357970e+11 1.237340e+30
654 5.232389e+35 8.702015e+11 1.291066e+30
655 5.447755e+35 9.060221e+11 1.347125e+30
656 5.671985e+35 9.433173e+11 1.405618e+30
657 5.905445e+35 9.821477e+11 1.466651e+30
658 6.148513e+35 1.023435e+12 1.518603e+30
659 6.401587e+35 1.065527e+12 1.561009e+30
660 6.665077e+35 1.109351e+12 1.604600e+30
661 6.939412e+35 1.154977e+12 1.649408e+30
662 7.225039e+35 1.202481e+12 1.695467e+30
663 7.522422e+35 1.251938e+12 1.742812e+30
664 7.832046e+35 1.303430e+12 1.791479e+30
665 8.154414e+35 1.357041e+12 1.841505e+30
666 8.490050e+35 1.412857e+12 1.892929e+30
667 8.839502e+35 1.470970e+12 1.945788e+30
668 9.203337e+35 1.531473e+12 2.000123e+30
669 9.582147e+35 1.594466e+12 2.055976e+30
670 9.976549e+35 1.660050e+12 2.113388e+30
671 1.038718e+36 1.728332e+12 2.172403e+30
672 1.081472e+36 1.799423e+12 2.233067e+30
673 1.125986e+36 1.873440e+12 2.295424e+30
674 1.172331e+36 1.950501e+12 2.359523e+30
675 1.220585e+36 2.030733e+12 2.425412e+30
676 1.270824e+36 2.114266e+12 2.493140e+30
677 1.323131e+36 2.201236e+12 2.562760e+30
678 1.377592e+36 2.291783e+12 2.634324e+30
679 1.434293e+36 2.386057e+12 2.707886e+30
680 1.493329e+36 2.484209e+12 2.783503e+30
681 1.554795e+36 2.586399e+12 2.861231e+30
682 1.618790e+36 2.692794e+12 2.941130e+30
683 1.685420e+36 2.803566e+12 3.023260e+30
684 1.754792e+36 2.918896e+12 3.107683e+30
685 1.827019e+36 3.038971e+12 3.194463e+30
686 1.902219e+36 3.163986e+12 3.283668e+30
687 1.980515e+36 3.294145e+12 3.375363e+30
688 2.062033e+36 3.429660e+12 3.469618e+30
689 2.146907e+36 3.570750e+12 3.566506e+30
690 2.235274e+36 3.717646e+12 3.666099e+30
691 2.327278e+36 3.870585e+12 3.768473e+30
692 2.423069e+36 4.029818e+12 3.873706e+30
693 2.522802e+36 4.195602e+12 3.981878e+30
694 2.626641e+36 4.368207e+12 4.093070e+30
695 2.734754e+36 4.547915e+12 4.207367e+30
696 2.847317e+36 4.735017e+12 4.324856e+30
697 2.964513e+36 4.929817e+12 4.445626e+30
698 3.086532e+36 5.132633e+12 4.569768e+30
699 3.213574e+36 5.343795e+12 4.697377e+30
700 3.345845e+36 5.563644e+12 4.828549e+30
701 3.483561e+36 5.789108e+12 5.036950e+30
702 3.626944e+36 6.027428e+12 5.287581e+30
703 3.776230e+36 6.275560e+12 5.550683e+30
704 3.931660e+36 6.533906e+12 5.826876e+30
705 4.093487e+36 6.802889e+12 6.116813e+30
706 4.261976e+36 7.082945e+12 6.421176e+30
707 4.437399e+36 7.374531e+12 6.740685e+30
708 4.620043e+36 7.678121e+12 7.076091e+30
709 4.810204e+36 7.994209e+12 7.428187e+30
710 5.008193e+36 8.323311e+12 7.797802e+30
711 5.214331e+36 8.665961e+12 8.185809e+30
712 5.428953e+36 9.022718e+12 8.593123e+30
713 5.652409e+36 9.394162e+12 9.020703e+30
714 5.885063e+36 9.780899e+12 9.469560e+30
715 6.127293e+36 1.018356e+13 9.940751e+30
716 6.379493e+36 1.060279e+13 1.043539e+31
717 6.642073e+36 1.103929e+13 1.095464e+31
718 6.915462e+36 1.149375e+13 1.149972e+31
719 7.200103e+36 1.196693e+13 1.207193e+31
720 7.496460e+36 1.245958e+13 1.267261e+31
721 7.805015e+36 1.297252e+13 1.330318e+31
722 8.126270e+36 1.350658e+13 1.396513e+31
723 8.460748e+36 1.406262e+13 1.466001e+31
724 8.808993e+36 1.464156e+13 1.538948e+31
725 9.171572e+36 1.524433e+13 1.615523e+31
726 9.549075e+36 1.587191e+13 1.695909e+31
727 9.942116e+36 1.652534e+13 1.780295e+31
728 1.035133e+37 1.720566e+13 1.868880e+31
729 1.077740e+37 1.791400e+13 1.961873e+31
730 1.122100e+37 1.865150e+13 2.059492e+31
731 1.168285e+37 1.941936e+13 2.161970e+31
732 1.216372e+37 2.021883e+13 2.269546e+31
733 1.266438e+37 2.105122e+13 2.382475e+31
734 1.318565e+37 2.191788e+13 2.501024e+31
735 1.372837e+37 2.282022e+13 2.625471e+31
736 1.429343e+37 2.375971e+13 2.756110e+31
737 1.488175e+37 2.473789e+13 2.893250e+31
738 1.549428e+37 2.575633e+13 3.037214e+31
739 1.613203e+37 2.681670e+13 3.188341e+31
740 1.679603e+37 2.792074e+13 3.346988e+31
741 1.748735e+37 2.907022e+13 3.513530e+31
742 1.820713e+37 3.026703e+13 3.688358e+31
743 1.895654e+37 3.151312e+13 3.871885e+31
744 1.973680e+37 3.279497e+13 4.200127e+31
745 2.054916e+37 3.414587e+13 4.575528e+31
746 2.139497e+37 3.555248e+13 4.984482e+31
747 2.227559e+37 3.701708e+13 5.429987e+31
748 2.319245e+37 3.854208e+13 5.915311e+31
749 2.414706e+37 4.012997e+13 6.444013e+31
750 2.514095e+37 4.178335e+13 7.019969e+31
751 2.617576e+37 4.350494e+13 7.647403e+31
752 2.725315e+37 4.529754e+13 8.330916e+31
753 2.837490e+37 4.716409e+13 9.075521e+31
754 2.954281e+37 4.910767e+13 9.886677e+31
755 3.075880e+37 5.113144e+13 1.077033e+32
756 3.202483e+37 5.323874e+13 1.173297e+32
757 3.334298e+37 5.543302e+13 1.278164e+32
758 3.471538e+37 5.771788e+13 1.392405e+32
759 3.614427e+37 6.009707e+13 1.516856e+32
760 3.763197e+37 6.257451e+13 1.652430e+32
761 3.918090e+37 6.515426e+13 1.800122e+32
762 4.079359e+37 6.784057e+13 1.961014e+32
763 4.247266e+37 7.063785e+13 2.136286e+32
764 4.422084e+37 7.355071e+13 2.327224e+32
765 4.604097e+37 7.658395e+13 2.535228e+32
766 4.793603e+37 7.974256e+13 2.761823e+32
767 4.990908e+37 8.303175e+13 3.008670e+32
768 5.196334e+37 8.645695e+13 3.277581e+32
769 5.410216e+37 9.002381e+13 3.570526e+32
770 5.632901e+37 9.373823e+13 3.889654e+32
771 5.864751e+37 9.760634e+13 4.237306e+32
772 6.106145e+37 1.016207e+14 4.624501e+32
773 6.357475e+37 1.058158e+14 5.064845e+32
774 6.619149e+37 1.101847e+14 5.547119e+32
775 6.891594e+37 1.147347e+14 6.075315e+32
776 7.175253e+37 1.194734e+14 6.653805e+32
777 7.470587e+37 1.244087e+14 7.287380e+32
778 7.778077e+37 1.295488e+14 7.981283e+32
779 8.098223e+37 1.349023e+14 8.741260e+32
780 8.431547e+37 1.404782e+14 9.573601e+32
781 8.778590e+37 1.462859e+14 1.048520e+33
782 9.139918e+37 1.523350e+14 1.148360e+33
783 9.516118e+37 1.586357e+14 1.257706e+33
784 9.907802e+37 1.651987e+14 1.377465e+33
785 1.031561e+38 1.720351e+14 1.508627e+33
786 1.074020e+38 1.791563e+14 1.652278e+33
787 1.118227e+38 1.865745e+14 1.809608e+33
788 1.164253e+38 1.943022e+14 1.981918e+33
789 1.212174e+38 2.023525e+14 2.170636e+33
790 1.262067e+38 2.107393e+14 2.377324e+33
791 1.314014e+38 2.194767e+14 2.603693e+33
792 1.368099e+38 2.285799e+14 2.851616e+33
793 1.424410e+38 2.380643e+14 3.123146e+33
794 1.483039e+38 2.479464e+14 3.420532e+33
795 1.544081e+38 2.582431e+14 3.746234e+33
796 1.607635e+38 2.689723e+14 4.102950e+33
797 1.673806e+38 2.801527e+14 4.493632e+33
798 1.742700e+38 2.918037e+14 4.921515e+33
799 1.814430e+38 3.039456e+14 5.390141e+33
800 1.889112e+38 3.165999e+14 5.903390e+33
801 1.966868e+38 3.289896e+14 6.642234e+33
802 2.047824e+38 3.427499e+14 7.524104e+33
803 2.132113e+38 3.571057e+14 8.523057e+33
804 2.219871e+38 3.720853e+14 9.654638e+33
805 2.311241e+38 3.877187e+14 1.093646e+34
806 2.406372e+38 4.040379e+14 1.238846e+34
807 2.505418e+38 4.210767e+14 1.403323e+34
808 2.608542e+38 4.388711e+14 1.589639e+34
809 2.715909e+38 4.574593e+14 1.800690e+34
810 2.827696e+38 4.768822e+14 2.039762e+34
811 2.944085e+38 4.971835e+14 2.310576e+34
812 3.065264e+38 5.184096e+14 2.617344e+34
813 3.191430e+38 5.406105e+14 2.964841e+34
814 3.322790e+38 5.638399e+14 3.358474e+34
815 3.459556e+38 5.881552e+14 3.804368e+34
816 3.601952e+38 6.136184e+14 4.309463e+34
817 3.750209e+38 6.402962e+14 4.881618e+34
818 3.904567e+38 6.682607e+14 5.529735e+34
819 4.065280e+38 6.975901e+14 6.263902e+34
820 4.232607e+38 7.283687e+14 7.095541e+34
821 4.406822e+38 7.606885e+14 8.037595e+34
822 4.588207e+38 7.946492e+14 9.104723e+34
823 4.777058e+38 8.303597e+14 1.031353e+35
824 4.973682e+38 8.679387e+14 1.168283e+35
825 5.178400e+38 9.075160e+14 1.323392e+35
826 5.391543e+38 9.492338e+14 1.499095e+35
827 5.613459e+38 9.932482e+14 1.698125e+35
828 5.844510e+38 1.039731e+15 1.923580e+35
829 6.085071e+38 1.103231e+15 2.167887e+35
830 6.335533e+38 1.155078e+15 2.407500e+35
831 6.596304e+38 1.209771e+15 2.673598e+35
832 6.867809e+38 1.267504e+15 2.969106e+35
833 7.150488e+38 1.328492e+15 3.297277e+35
834 7.444803e+38 1.392965e+15 3.661720e+35
835 7.751232e+38 1.461173e+15 4.066444e+35
836 8.070273e+38 1.533391e+15 4.515902e+35
837 8.402447e+38 1.609916e+15 5.015037e+35
838 8.748292e+38 1.691073e+15 5.569342e+35
839 9.108373e+38 1.777216e+15 6.184912e+35
840 9.483274e+38 1.868733e+15 6.868521e+35
841 9.873607e+38 1.966047e+15 7.627688e+35
842 1.028001e+39 2.069621e+15 8.470765e+35
843 1.070313e+39 2.179962e+15 9.407025e+35
844 1.114367e+39 2.297624e+15 1.044677e+36
845 1.160235e+39 2.423217e+15 1.160143e+36
846 1.207990e+39 2.557409e+15 1.288372e+36
847 1.257711e+39 2.700932e+15 1.430774e+36
848 1.309479e+39 2.854590e+15 1.588915e+36
849 1.363377e+39 3.019270e+15 1.764536e+36
850 1.419494e+39 3.195943e+15 1.959567e+36
851 1.477920e+39 3.385680e+15 2.176155e+36
852 1.538752e+39 3.589658e+15 2.416682e+36
853 1.602087e+39 3.809174e+15 2.683794e+36
854 1.668029e+39 4.045658e+15 2.980430e+36
855 1.736685e+39 4.300685e+15 3.309852e+36
856 1.808167e+39 4.575991e+15 3.675685e+36
857 1.882592e+39 4.873492e+15 4.081952e+36
858 1.960079e+39 5.195303e+15 4.533124e+36
859 2.040756e+39 5.543758e+15 5.034163e+36
860 2.124754e+39 5.921434e+15 5.590582e+36
861 2.212209e+39 6.331179e+15 6.208500e+36
862 2.303264e+39 6.776138e+15 6.894716e+36
863 2.398066e+39 7.259790e+15 7.656778e+36
864 2.496771e+39 7.785979e+15 8.503070e+36
865 2.599539e+39 8.358958e+15 9.442901e+36
866 2.706536e+39 8.983430e+15 1.048661e+37
867 2.817937e+39 9.664599e+15 1.164568e+37
868 2.933924e+39 1.040823e+16 1.293286e+37
869 3.054684e+39 1.122068e+16 1.436231e+37
870 3.180415e+39 1.210903e+16 1.594975e+37
871 3.311322e+39 1.308108e+16 1.771265e+37
872 3.447616e+39 1.414550e+16 1.967040e+37
873 3.589520e+39 1.531186e+16 2.184454e+37
874 3.737265e+39 1.659079e+16 2.425898e+37
875 3.891091e+39 1.799406e+16 2.694029e+37
876 4.051249e+39 1.953472e+16 2.991796e+37
877 4.217999e+39 2.122721e+16 3.322475e+37
878 4.391612e+39 2.308757e+16 3.689703e+37
879 4.572371e+39 2.513355e+16 4.097520e+37
880 4.760571e+39 2.738485e+16 4.550412e+37
881 4.956516e+39 2.986330e+16 5.053362e+37
882 5.160527e+39 3.259313e+16 5.611902e+37
883 5.372935e+39 3.560117e+16 6.232177e+37
884 5.594085e+39 3.891723e+16 6.921010e+37
885 5.824338e+39 4.257433e+16 7.685979e+37
886 6.064069e+39 4.660912e+16 8.535498e+37
887 6.313667e+39 5.106225e+16 9.478913e+37
888 6.573538e+39 5.597884e+16 1.052660e+38
889 6.844105e+39 6.140891e+16 1.169009e+38
890 7.125809e+39 6.740800e+16 1.298218e+38
891 7.419108e+39 7.403771e+16 1.441708e+38
892 7.724480e+39 8.136640e+16 1.601058e+38
893 8.042420e+39 8.946995e+16 1.778020e+38
894 8.373447e+39 9.843255e+16 1.974542e+38
895 8.718099e+39 1.083476e+17 2.192785e+38
896 9.076937e+39 1.193189e+17 2.435150e+38
897 9.450544e+39 1.314615e+17 2.704303e+38
898 9.839530e+39 1.449032e+17 3.003206e+38
899 1.024453e+40 1.597857e+17 3.335146e+38
900 1.066619e+40 1.762666e+17 3.703774e+38
901 1.110521e+40 1.945205e+17 4.113147e+38
902 1.156230e+40 2.147413e+17 4.567766e+38
903 1.203821e+40 2.371446e+17 5.072634e+38
904 1.253370e+40 2.619691e+17 5.633305e+38
905 1.304959e+40 2.894805e+17 6.255945e+38
906 1.358672e+40 3.199732e+17 6.947405e+38
907 1.414595e+40 3.537743e+17 7.715291e+38
908 1.472819e+40 3.912470e+17 8.568050e+38
909 1.533441e+40 4.327944e+17 9.515063e+38
910 1.596557e+40 4.788642e+17 1.056675e+39
911 1.662272e+40 5.299533e+17 1.173467e+39
912 1.730691e+40 5.866135e+17 1.303169e+39
913 1.801927e+40 6.494575e+17 1.447206e+39
914 1.876094e+40 7.191655e+17 1.607164e+39
915 1.953314e+40 7.964927e+17 1.784801e+39
916 2.033713e+40 8.822779e+17 1.982072e+39
917 2.117421e+40 9.774521e+17 2.201148e+39
918 2.204574e+40 1.083049e+18 2.444437e+39
919 2.295315e+40 1.200218e+18 2.714617e+39
920 2.389790e+40 1.330232e+18 3.014659e+39
921 2.488154e+40 1.474508e+18 3.347865e+39
922 2.590567e+40 1.634617e+18 3.717899e+39
923 2.697195e+40 1.812305e+18 4.128833e+39
924 2.808211e+40 2.009509e+18 4.585186e+39
925 2.923798e+40 2.228382e+18 5.091980e+39
926 3.044141e+40 2.471314e+18 5.654789e+39
927 3.169439e+40 2.740958e+18 6.279804e+39
928 3.299893e+40 3.040261e+18 6.973900e+39
929 3.435717e+40 3.372496e+18 7.744715e+39
930 3.577131e+40 3.741295e+18 8.600726e+39
931 3.724366e+40 4.150694e+18 9.551351e+39
932 3.877662e+40 4.605174e+18 1.060705e+40
933 4.037267e+40 5.109710e+18 1.177943e+40
934 4.203441e+40 5.669828e+18 1.308139e+40
935 4.376455e+40 6.291664e+18 1.452725e+40
936 4.556590e+40 6.982030e+18 1.613293e+40
937 4.744140e+40 7.748495e+18 1.791608e+40
938 4.939410e+40 8.599459e+18 1.989631e+40
939 5.142716e+40 9.544255e+18 2.209542e+40
940 5.354391e+40 1.059324e+19 2.453759e+40
941 5.574778e+40 1.175793e+19 2.724970e+40
942 5.804237e+40 1.305109e+19 3.026156e+40
943 6.043140e+40 1.448693e+19 3.360633e+40
944 6.291876e+40 1.608118e+19 3.732078e+40
945 6.550850e+40 1.785136e+19 4.144579e+40
946 6.820484e+40 1.981690e+19 4.602673e+40
947 7.101215e+40 2.199938e+19 5.111399e+40
948 7.393502e+40 2.442275e+19 5.676354e+40
949 7.697820e+40 2.711365e+19 6.303753e+40
950 8.014663e+40 3.010161e+19 7.000497e+40
951 8.344547e+40 3.341946e+19 7.774251e+40
952 8.688009e+40 3.710365e+19 8.633527e+40
953 9.045609e+40 4.119465e+19 9.587777e+40
954 9.417927e+40 4.573741e+19 1.064750e+41
955 9.805570e+40 5.078185e+19 1.182435e+41
956 1.020917e+41 5.638339e+19 1.313128e+41
957 1.062938e+41 6.260360e+19 1.458266e+41
958 1.106688e+41 6.951084e+19 1.619446e+41
959 1.152240e+41 7.718101e+19 1.798440e+41
960 1.199666e+41 8.569844e+19 1.997219e+41
961 1.249045e+41 9.515674e+19 2.217969e+41
962 1.300455e+41 1.056599e+20 2.463117e+41
963 1.353982e+41 1.173233e+20 2.735362e+41
964 1.409712e+41 1.302753e+20 3.037697e+41
965 1.467736e+41 1.446582e+20 3.373449e+41
966 1.528148e+41 1.606301e+20 3.746311e+41
967 1.591047e+41 1.783667e+20 4.160385e+41
968 1.656535e+41 1.980630e+20 4.620226e+41
969 1.724718e+41 2.199355e+20 5.130893e+41
970 1.795707e+41 2.442247e+20 5.698002e+41
971 1.869619e+41 2.711978e+20 6.327794e+41
972 1.946573e+41 3.011514e+20 7.027195e+41
973 2.026694e+41 3.344148e+20 7.803900e+41
974 2.110113e+41 3.713538e+20 8.666453e+41
975 2.196965e+41 4.123746e+20 9.624342e+41
976 2.287393e+41 4.579284e+20 1.068811e+42
977 2.381542e+41 5.085162e+20 1.186945e+42
978 2.479566e+41 5.646943e+20 1.318136e+42
979 2.581626e+41 6.270805e+20 1.463827e+42
980 2.687886e+41 6.963610e+20 1.625622e+42
981 2.798519e+41 7.732977e+20 1.805299e+42
982 2.913707e+41 8.587369e+20 2.004836e+42
983 3.033635e+41 9.536182e+20 2.226427e+42
984 3.158500e+41 1.058985e+21 2.472511e+42
985 3.288504e+41 1.175997e+21 2.745794e+42
986 3.423859e+41 1.305940e+21 3.049282e+42
987 3.564785e+41 1.450244e+21 3.386315e+42
988 3.711512e+41 1.610496e+21 3.760599e+42
989 3.864279e+41 1.788459e+21 4.176252e+42
990 4.023333e+41 1.986090e+21 4.637846e+42
991 4.188933e+41 2.205563e+21 5.150460e+42
992 4.361350e+41 2.449293e+21 5.719733e+42
993 4.540864e+41 2.719959e+21 6.351926e+42
994 4.727766e+41 3.020539e+21 7.053995e+42
995 4.922362e+41 3.354340e+21 7.833662e+42
996 5.124967e+41 3.725034e+21 8.699504e+42
997 5.335911e+41 4.136697e+21 9.661047e+42
998 5.555538e+41 4.593858e+21 1.072887e+43
999 5.784204e+41 5.101546e+21 1.191471e+43
1000 6.022282e+41 5.665345e+21 1.323163e+43
