#
#
#
200
#
#
#
   1 6.0306988e+23 1.0000027e+00 1.0000000e+00
   2 7.2756756e+23 1.2064434e+00 1.0572112e+15
   3 8.7776653e+23 1.4555018e+00 1.3578007e+15
   4 1.0589726e+24 1.7559757e+00 1.7438546e+15
   5 1.2775867e+24 2.1184796e+00 2.2396726e+15
   6 1.5413316e+24 2.5558189e+00 2.8764629e+15
   7 1.8595240e+24 3.0834427e+00 3.6943075e+15
   8 2.2434039e+24 3.7199892e+00 4.7446840e+15
   9 2.7065319e+24 4.4879446e+00 6.0937067e+15
  10 3.2652681e+24 5.4144370e+00 7.8262875e+15
  11 3.9393497e+24 6.5321949e+00 1.0051481e+16
  12 4.7525887e+24 7.8807031e+00 1.2909348e+16
  13 5.7337125e+24 9.5075980e+00 1.6579772e+16
  14 6.9173796e+24 1.1470350e+01 2.1293782e+16
  15 8.3454027e+24 1.3838293e+01 2.7348094e+16
  16 1.0068227e+25 1.6695076e+01 3.5123786e+16
  17 1.2146710e+25 2.0141615e+01 4.5110285e+16
  18 1.4654276e+25 2.4299660e+01 5.7936176e+16
  19 1.7679503e+25 2.9316094e+01 7.4408762e+16
  20 2.1329258e+25 3.5368125e+01 9.5564882e+16
  21 2.5732468e+25 4.2669542e+01 1.2273617e+17
  22 3.1044676e+25 5.1478269e+01 1.5763289e+17
  23 3.7453535e+25 6.2105479e+01 2.0245154e+17
  24 4.5185439e+25 7.4926580e+01 2.6001317e+17
  25 5.4513516e+25 9.0394484e+01 3.3394089e+17
  26 6.5767281e+25 1.0905560e+02 4.2888796e+17
  27 7.9344271e+25 1.3156914e+02 5.5083066e+17
  28 9.5724094e+25 1.5873040e+02 7.0744447e+17
  29 1.1548537e+26 1.9149887e+02 8.6536784e+17
  30 1.3932615e+26 2.3103209e+02 1.0429719e+18
  31 1.6808863e+26 2.7872660e+02 1.2569921e+18
  32 2.0278883e+26 3.3626720e+02 1.5148973e+18
  33 2.4465253e+26 4.0568655e+02 1.8256945e+18
  34 2.9515858e+26 4.8943690e+02 2.2002507e+18
  35 3.5609108e+26 5.9047676e+02 2.6516836e+18
  36 4.2960249e+26 7.1237540e+02 3.1958386e+18
  37 5.1828958e+26 8.5943891e+02 3.8518728e+18
  38 6.2528522e+26 1.0368624e+03 4.6429719e+18
  39 7.5436904e+26 1.2509133e+03 5.5972345e+18
  40 9.1010090e+26 1.5091531e+03 6.7487685e+18
  41 1.0979820e+27 1.8207042e+03 8.1390574e+18
  42 1.3246493e+27 2.1965723e+03 9.8186762e+18
  43 1.5981098e+27 2.6500349e+03 1.1849458e+19
  44 1.9280234e+27 3.1971109e+03 1.4307253e+19
  45 2.3260444e+27 3.8571257e+03 1.7285474e+19
  46 2.8062327e+27 4.6533947e+03 2.0899688e+19
  47 3.3855511e+27 5.6140464e+03 2.5293609e+19
  48 4.0844639e+27 6.7730159e+03 3.0647009e+19
  49 4.9276602e+27 8.1712444e+03 3.7186223e+19
  50 5.9449259e+27 9.8581247e+03 4.5198234e+19
  51 7.1721958e+27 1.1893246e+04 5.5049679e+19
  52 8.6528231e+27 1.4348501e+04 6.7212651e+19
  53 1.0439111e+28 1.7310621e+04 8.2299947e+19
  54 1.2594160e+28 2.0884245e+04 1.0111336e+20
  55 1.5194097e+28 2.5195612e+04 1.2471007e+20
  56 1.8330765e+28 3.0397024e+04 1.5449399e+20
  57 2.2114966e+28 3.6672222e+04 1.9234156e+20
  58 2.6680377e+28 4.4242881e+04 2.4077468e+20
  59 3.2188271e+28 5.3376439e+04 3.0319790e+20
  60 3.8833215e+28 6.4395544e+04 3.8422275e+20
  61 4.6849940e+28 7.7689453e+04 4.9010929e+20
  62 5.6521636e+28 9.3727783e+04 6.2936358e+20
  63 6.8189957e+28 1.1307710e+05 8.1354472e+20
  64 8.2267084e+28 1.3642094e+05 1.0583281e+21
  65 9.9250292e+28 1.6458394e+05 1.3849945e+21
  66 1.1973951e+29 1.9856100e+05 1.8223012e+21
  67 1.4445852e+29 2.3955239e+05 2.4090477e+21
  68 1.7428053e+29 2.8900620e+05 3.1974435e+21
  69 2.1025898e+29 3.4866946e+05 4.2575410e+21
  70 2.5366482e+29 4.2064988e+05 5.6831325e+21
  71 3.0603136e+29 5.0749031e+05 7.5994527e+21
  72 3.6920844e+29 6.1225857e+05 1.0173358e+22
  73 4.4542780e+29 7.3865587e+05 1.3626582e+22
  74 5.3738186e+29 8.9114754e+05 1.8253137e+22
  75 6.4831892e+29 1.0751208e+06 2.4442032e+22
  76 7.8215781e+29 1.2970751e+06 3.2706831e+22
  77 9.4362638e+29 1.5648519e+06 4.3723356e+22
  78 1.1384285e+30 1.8879113e+06 5.8380545e+22
  79 1.3734456e+30 2.2776671e+06 7.7842663e+22
  80 1.6569795e+30 2.7478891e+06 1.0363369e+23
  81 1.9990462e+30 3.3151905e+06 1.3774352e+23
  82 2.4117291e+30 3.9996145e+06 1.8276573e+23
  83 2.9096062e+30 4.8253429e+06 2.4207550e+23
  84 3.5102650e+30 5.8215502e+06 3.2005624e+23
  85 4.2349237e+30 7.0234349e+06 4.2239793e+23
  86 5.1091809e+30 8.4734636e+06 5.5647372e+23
  87 6.1639197e+30 1.0222871e+07 7.3179817e+23
  88 7.4363987e+30 1.2333473e+07 9.6072211e+23
  89 8.9715680e+30 1.4879846e+07 1.2572126e+24
  90 1.0823658e+31 1.7951971e+07 1.6447089e+24
  91 1.3058092e+31 2.1658406e+07 2.1501587e+24
  92 1.5753803e+31 2.6130130e+07 2.8057027e+24
  93 1.9006017e+31 3.1525169e+07 3.6560121e+24
  94 2.2929617e+31 3.8034181e+07 4.7581237e+24
  95 2.7663205e+31 4.5887201e+07 6.1845868e+24
  96 3.3373994e+31 5.5361771e+07 8.0307999e+24
  97 4.0263718e+31 6.6792755e+07 1.0433520e+25
  98 4.8575755e+31 8.0584160e+07 1.3332996e+25
  99 5.8603729e+31 9.7223665e+07 1.9667822e+25
 100 7.0701877e+31 1.1729956e+08 2.4452377e+25
 101 8.5297565e+31 1.4152096e+08 2.8362284e+25
 102 1.0290639e+32 1.7074394e+08 3.6576294e+25
 103 1.2415037e+32 2.0600188e+08 4.7397778e+25
 104 1.4977996e+32 2.4854120e+08 6.0366824e+25
 105 1.8070052e+32 2.9986686e+08 8.9024077e+25
 106 2.1800431e+32 3.6179462e+08 1.1491718e+26
 107 2.6300910e+32 4.3651202e+08 1.3274949e+26
 108 3.1730467e+32 5.2666006e+08 1.6960268e+26
 109 3.8280901e+32 6.3542745e+08 2.1274348e+26
 110 4.6183606e+32 7.6666002e+08 2.6800220e+26
 111 5.5717745e+32 9.2499905e+08 3.4330156e+26
 112 6.7220111e+32 1.1160452e+09 4.3990883e+26
 113 8.1097023e+32 1.3465560e+09 5.6300691e+26
 114 9.7838684e+32 1.6246854e+09 7.1927637e+26
 115 1.1803649e+33 1.9602730e+09 9.2604770e+26
 116 1.4240393e+33 2.3651871e+09 1.1262323e+27
 117 1.7180179e+33 2.8537483e+09 1.4297872e+27
 118 2.0726853e+33 3.4432591e+09 1.9460744e+27
 119 2.5005702e+33 4.1545961e+09 2.5349823e+27
 120 3.0167877e+33 5.0129210e+09 3.1435852e+27
 121 3.6395730e+33 6.0485918e+09 3.8697384e+27
 122 4.3909261e+33 7.2982718e+09 4.9695589e+27
 123 5.2973884e+33 8.8062212e+09 6.3706484e+27
 124 6.3909807e+33 1.0625836e+10 8.1619002e+27
 125 7.7103340e+33 1.2821561e+10 1.0479067e+28
 126 9.3020546e+33 1.5471127e+10 1.2944250e+28
 127 1.1222370e+34 1.8668332e+10 1.6319151e+28
 128 1.3539115e+34 2.2526475e+10 2.0938931e+28
 129 1.6334128e+34 2.7182333e+10 2.7243965e+28
 130 1.9706144e+34 3.2800702e+10 3.2319623e+28
 131 2.3774278e+34 3.9580840e+10 4.5023373e+28
 132 2.8682237e+34 4.7763647e+10 5.7822592e+28
 133 3.4603395e+34 5.7638487e+10 6.8338017e+28
 134 4.1746916e+34 6.9555251e+10 8.8371492e+28
 135 5.0365145e+34 8.3937347e+10 1.1422052e+29
 136 6.0762521e+34 1.0129412e+11 1.3579487e+29
 137 7.3306329e+34 1.2224067e+11 1.7430673e+29
 138 8.8439680e+34 1.4752021e+11 2.1041153e+29
 139 1.0669716e+35 1.7802860e+11 2.6459755e+29
 140 1.2872371e+35 2.1484924e+11 3.3367501e+29
 141 1.5529742e+35 2.5928842e+11 4.1490157e+29
 142 1.8735700e+35 3.1292245e+11 5.1539606e+29
 143 2.2603496e+35 3.7765515e+11 6.4726032e+29
 144 2.7269759e+35 4.5578355e+11 7.9449780e+29
 145 3.2899325e+35 5.5007069e+11 8.9435991e+29
 146 3.9691059e+35 6.6384418e+11 9.7731677e+29
 147 4.7884877e+35 8.0112489e+11 1.0649499e+30
 148 5.7770225e+35 9.6676832e+11 1.1737398e+30
 149 6.9696305e+35 1.1666352e+12 1.3097713e+30
 150 8.4084402e+35 1.4077977e+12 1.4812928e+30
 151 1.0144278e+36 1.6987901e+12 1.6963393e+30
 152 1.2238461e+36 2.0499105e+12 1.9678183e+30
 153 1.4764968e+36 2.4735859e+12 2.3059198e+30
 154 1.7813047e+36 2.9848124e+12 2.7326337e+30
 155 2.1490370e+36 3.6016869e+12 3.2729233e+30
 156 2.5926840e+36 4.3460484e+12 3.9510394e+30
 157 3.1279174e+36 5.2442502e+12 4.7961214e+30
 158 3.7736443e+36 6.3280902e+12 5.8091484e+30
 159 4.5526750e+36 7.6359382e+12 7.0681484e+30
 160 5.4925288e+36 9.2140941e+12 8.5539972e+30
 161 6.6264059e+36 1.1118416e+13 1.0296669e+31
 162 7.9943604e+36 1.3416303e+13 1.2352342e+31
 163 9.6447153e+36 1.6189094e+13 1.4904105e+31
 164 1.1635769e+37 1.9534950e+13 1.8029406e+31
 165 1.4037856e+37 2.3572332e+13 2.1963932e+31
 166 1.6935830e+37 2.8444262e+13 2.7483756e+31
 167 2.0432061e+37 3.4323523e+13 3.5954735e+31
 168 2.4650053e+37 4.1419035e+13 5.0275842e+31
 169 2.9738808e+37 4.9983751e+13 7.5725304e+31
 170 3.5878084e+37 6.0324405e+13 1.2103482e+32
 171 4.3284752e+37 7.2812738e+13 1.9116958e+32
 172 5.2220451e+37 8.7902112e+13 3.3018263e+32
 173 6.3000836e+37 1.0615036e+14 5.8818340e+32
 174 7.6006722e+37 1.2824501e+14 1.0451082e+33
 175 9.1697541e+37 1.5503915e+14 1.8324998e+33
 176 1.1062757e+38 1.8760263e+14 3.1861757e+33
 177 1.3346552e+38 2.2729317e+14 5.4666777e+33
 178 1.6101812e+38 2.7585653e+14 9.2813410e+33
 179 1.9425869e+38 3.3557834e+14 1.5631213e+34
 180 2.3436143e+38 4.0951366e+14 2.6185595e+34
 181 2.8274298e+38 5.0183488e+14 4.3626721e+34
 182 3.4111241e+38 6.1832192e+14 7.1889087e+34
 183 4.1153162e+38 7.6697017e+14 1.1598461e+35
 184 4.9648817e+38 9.5864878e+14 1.8146773e+35
 185 5.9898313e+38 1.2077949e+15 2.7416383e+35
 186 7.2263714e+38 1.5332506e+15 4.0055858e+35
 187 8.7181828e+38 1.9593933e+15 5.6849860e+35
 188 1.0517964e+39 2.5176735e+15 7.8799748e+35
 189 1.2689291e+39 3.2486507e+15 1.0719678e+36
 190 1.5308867e+39 4.2046325e+15 1.4370653e+36
 191 1.8469227e+39 5.4530758e+15 1.9047565e+36
 192 2.2282013e+39 7.0809622e+15 2.5026065e+36
 193 2.6881909e+39 9.2004140e+15 3.2659675e+36
 194 3.2431408e+39 1.1955915e+16 4.2401815e+36
 195 3.9126544e+39 1.5533590e+16 5.4833594e+36
 196 4.7203824e+39 2.0173129e+16 7.0699648e+36
 197 5.6948576e+39 2.6183106e+16 9.0954593e+36
 198 6.8705034e+39 3.3960677e+16 1.1682223e+37
 199 8.2888494e+39 4.4016877e+16 1.4987157e+37
 200 9.9999986e+39 5.7009136e+16 1.9211468e+37
