           rhoc              M             Mb              R              C             kl            lam
   9.787575e-05   8.085977e-02   8.088481e-02   1.976007e+01     4.0921e-03   1.946000e-02   1.130660e+10
   1.336273e-04   8.139675e-02   8.142416e-02   1.787059e+01     4.5548e-03   1.929626e-02   6.562065e+09
   1.693788e-04   8.178074e-02   8.181002e-02   1.655146e+01     4.9410e-03   1.917217e-02   4.340164e+09
   1.872545e-04   8.193613e-02   8.196622e-02   1.602124e+01     5.1142e-03   1.912610e-02   3.644504e+09
   2.230060e-04   8.219592e-02   8.222742e-02   1.514183e+01     5.4284e-03   1.901636e-02   2.689532e+09
   2.408818e-04   8.230597e-02   8.233810e-02   1.477071e+01     5.5722e-03   1.895630e-02   2.352407e+09
   2.587575e-04   8.240551e-02   8.243822e-02   1.443117e+01     5.7102e-03   1.891988e-02   2.077559e+09
   2.766333e-04   8.249605e-02   8.252929e-02   1.412244e+01     5.8415e-03   1.887745e-02   1.850270e+09
   3.123848e-04   8.265476e-02   8.268893e-02   1.357416e+01     6.0891e-03   1.882083e-02   1.498899e+09
   3.302605e-04   8.272474e-02   8.275942e-02   1.333201e+01     6.2050e-03   1.878143e-02   1.361253e+09
   3.481363e-04   8.278944e-02   8.282453e-02   1.310206e+01     6.3188e-03   1.877592e-02   1.242607e+09
   3.660120e-04   8.303698e-02   8.307372e-02   1.261210e+01     6.5839e-03   1.871912e-02   1.008725e+09
   3.838878e-04   8.374818e-02   8.378982e-02   1.204250e+01     6.9544e-03   1.889369e-02   7.743416e+08
   4.196393e-04   8.715498e-02   8.722271e-02   1.086036e+01     8.0251e-03   2.017266e-02   4.040464e+08
   4.375150e-04   8.996226e-02   9.005388e-02   1.029160e+01     8.7413e-03   2.149557e-02   2.807821e+08
   4.553908e-04   9.350525e-02   9.362984e-02   9.780607e+00     9.5603e-03   2.312984e-02   1.930770e+08
   4.732665e-04   9.775248e-02   9.792037e-02   9.312625e+00     1.0497e-02   2.534217e-02   1.325788e+08
   4.911423e-04   1.026621e-01   1.028849e-01   8.910765e+00     1.1521e-02   2.786023e-02   9.149945e+07
   5.090180e-04   1.081892e-01   1.084802e-01   8.561135e+00     1.2637e-02   3.080925e-02   6.372746e+07
   5.268938e-04   1.142908e-01   1.146643e-01   8.260047e+00     1.3837e-02   3.414927e-02   4.488974e+07
   5.447695e-04   1.209271e-01   1.213989e-01   7.993098e+00     1.5129e-02   3.805376e-02   3.200835e+07
   5.626453e-04   1.280632e-01   1.286505e-01   7.771847e+00     1.6478e-02   4.210203e-02   2.310531e+07
   5.983968e-04   1.437146e-01   1.445902e-01   7.420291e+00     1.9368e-02   5.097338e-02   1.246958e+07
   6.162725e-04   1.521793e-01   1.532308e-01   7.280774e+00     2.0902e-02   5.571476e-02   9.310826e+06
   6.341483e-04   1.610412e-01   1.622913e-01   7.160842e+00     2.2489e-02   6.058909e-02   7.021630e+06
   6.520240e-04   1.702817e-01   1.717552e-01   7.060436e+00     2.4118e-02   6.541689e-02   5.344621e+06
   6.698998e-04   1.798837e-01   1.816063e-01   6.971345e+00     2.5803e-02   7.040927e-02   4.103571e+06
   6.877756e-04   1.898321e-01   1.918307e-01   6.900297e+00     2.7511e-02   7.508188e-02   3.176398e+06
   7.056513e-04   2.001124e-01   2.024159e-01   6.831667e+00     2.9292e-02   8.013952e-02   2.477529e+06
   7.235271e-04   2.107114e-01   2.133495e-01   6.780591e+00     3.1076e-02   8.460862e-02   1.946348e+06
   7.414028e-04   2.216165e-01   2.246218e-01   6.731591e+00     3.2922e-02   8.930518e-02   1.539442e+06
   7.592786e-04   2.328157e-01   2.362199e-01   6.691759e+00     3.4791e-02   9.370005e-02   1.225432e+06
   7.771543e-04   2.442972e-01   2.481350e-01   6.660331e+00     3.6679e-02   9.773711e-02   9.814193e+05
   7.950301e-04   2.560500e-01   2.603566e-01   6.630697e+00     3.8616e-02   1.018232e-01   7.905461e+05
   8.129058e-04   2.680631e-01   2.728745e-01   6.610059e+00     4.0554e-02   1.053507e-01   6.403061e+05
   8.307816e-04   2.803257e-01   2.856818e-01   6.590076e+00     4.2538e-02   1.089129e-01   5.213452e+05
   8.486573e-04   2.928273e-01   2.987658e-01   6.570553e+00     4.4567e-02   1.125068e-01   4.266177e+05
   8.665331e-04   3.055576e-01   3.121184e-01   6.560005e+00     4.6579e-02   1.153639e-01   3.507796e+05
   8.844088e-04   3.185062e-01   3.257332e-01   6.542306e+00     4.8684e-02   1.188639e-01   2.897500e+05
   9.022846e-04   3.316630e-01   3.395944e-01   6.540029e+00     5.0713e-02   1.209499e-01   2.403961e+05
   9.201603e-04   3.450180e-01   3.537012e-01   6.530451e+00     5.2832e-02   1.236666e-01   2.002941e+05
   9.380361e-04   3.585611e-01   3.680397e-01   6.522350e+00     5.4974e-02   1.262007e-01   1.675618e+05
   9.559118e-04   3.722825e-01   3.825985e-01   6.520709e+00     5.7092e-02   1.280454e-01   1.407289e+05
   9.737876e-04   3.861724e-01   3.973734e-01   6.520303e+00     5.9226e-02   1.296843e-01   1.186394e+05
   9.916633e-04   4.002209e-01   4.123551e-01   6.520254e+00     6.1381e-02   1.311961e-01   1.003814e+05
   1.009539e-03   4.144185e-01   4.275302e-01   6.520106e+00     6.3560e-02   1.326219e-01   8.523172e+04
   1.027415e-03   4.287556e-01   4.428970e-01   6.520262e+00     6.5757e-02   1.339170e-01   7.261396e+04
   1.045291e-03   4.432228e-01   4.584395e-01   6.520738e+00     6.7971e-02   1.350761e-01   6.206696e+04
   1.063166e-03   4.578106e-01   4.741527e-01   6.521292e+00     7.0202e-02   1.361217e-01   5.322005e+04
   1.081042e-03   4.725097e-01   4.900283e-01   6.522630e+00     7.2442e-02   1.369780e-01   4.577408e+04
   1.098918e-03   4.873111e-01   5.060503e-01   6.530310e+00     7.4623e-02   1.370588e-01   3.948693e+04
   1.116794e-03   5.022055e-01   5.222234e-01   6.531389e+00     7.6891e-02   1.377223e-01   3.416121e+04
   1.134669e-03   5.171843e-01   5.385224e-01   6.540022e+00     7.9080e-02   1.374817e-01   2.963623e+04
   1.152545e-03   5.322384e-01   5.549531e-01   6.540764e+00     8.1373e-02   1.379637e-01   2.578012e+04
   1.170421e-03   5.473593e-01   5.715021e-01   6.542672e+00     8.3660e-02   1.382171e-01   2.248454e+04
   1.188297e-03   5.625384e-01   5.881564e-01   6.550551e+00     8.5876e-02   1.377376e-01   1.966028e+04
   1.206172e-03   5.777673e-01   6.049155e-01   6.552296e+00     8.8178e-02   1.378019e-01   1.723322e+04
   1.224048e-03   5.930378e-01   6.217569e-01   6.560487e+00     9.0395e-02   1.370914e-01   1.514215e+04
   1.241924e-03   6.083419e-01   6.386936e-01   6.562263e+00     9.2703e-02   1.369563e-01   1.333584e+04
   1.259800e-03   6.236716e-01   6.556955e-01   6.570435e+00     9.4921e-02   1.360633e-01   1.177174e+04
   1.277675e-03   6.390192e-01   6.727732e-01   6.571950e+00     9.7234e-02   1.357711e-01   1.041401e+04
   1.295551e-03   6.543771e-01   6.899012e-01   6.580313e+00     9.9445e-02   1.346882e-01   9.232734e+03
   1.313427e-03   6.697379e-01   7.070931e-01   6.581845e+00     1.0176e-01   1.342231e-01   8.202570e+03
   1.331303e-03   6.850945e-01   7.243162e-01   6.590224e+00     1.0396e-01   1.329839e-01   7.302242e+03
   1.349178e-03   7.004397e-01   7.415880e-01   6.591537e+00     1.0626e-01   1.323839e-01   6.513637e+03
   1.367054e-03   7.157667e-01   7.588747e-01   6.600128e+00     1.0845e-01   1.309844e-01   5.821472e+03
   1.384930e-03   7.310689e-01   7.761958e-01   6.601122e+00     1.1075e-01   1.302731e-01   5.212673e+03
   1.402806e-03   7.463398e-01   7.935250e-01   6.610005e+00     1.1291e-01   1.287223e-01   4.676151e+03
   1.420681e-03   7.615732e-01   8.108643e-01   6.610511e+00     1.1521e-01   1.279293e-01   4.202384e+03
   1.438557e-03   7.767628e-01   8.282090e-01   6.611708e+00     1.1748e-01   1.270073e-01   3.783236e+03
   1.456433e-03   7.919029e-01   8.455328e-01   6.620106e+00     1.1962e-01   1.253435e-01   3.411739e+03
   1.474309e-03   8.069878e-01   8.628563e-01   6.620717e+00     1.2189e-01   1.243693e-01   3.081856e+03
   1.492184e-03   8.220118e-01   8.801578e-01   6.621939e+00     1.2413e-01   1.232857e-01   2.788412e+03
   1.510060e-03   8.369698e-01   8.974235e-01   6.630093e+00     1.2624e-01   1.215173e-01   2.526945e+03
   1.527936e-03   8.518566e-01   9.146707e-01   6.630525e+00     1.2847e-01   1.204187e-01   2.293558e+03
   1.545812e-03   8.666673e-01   9.318794e-01   6.631355e+00     1.3069e-01   1.192412e-01   2.084896e+03
   1.563687e-03   8.813970e-01   9.490465e-01   6.632500e+00     1.3289e-01   1.179963e-01   1.898040e+03
   1.581563e-03   8.960414e-01   9.661491e-01   6.640082e+00     1.3494e-01   1.161517e-01   1.730457e+03
   1.599439e-03   9.105960e-01   9.832064e-01   6.640458e+00     1.3713e-01   1.149113e-01   1.579912e+03
   1.617315e-03   9.250567e-01   1.000206e+00   6.640871e+00     1.3930e-01   1.136364e-01   1.444474e+03
   1.635190e-03   9.394195e-01   1.017146e+00   6.641446e+00     1.4145e-01   1.123193e-01   1.322448e+03
   1.653066e-03   9.536805e-01   1.034012e+00   6.642107e+00     1.4358e-01   1.109694e-01   1.212346e+03
   1.670942e-03   9.678362e-01   1.050800e+00   6.642665e+00     1.4570e-01   1.096051e-01   1.112864e+03
   1.688818e-03   9.818830e-01   1.067491e+00   6.650033e+00     1.4765e-01   1.076679e-01   1.022857e+03
   1.706693e-03   9.958179e-01   1.084116e+00   6.650089e+00     1.4975e-01   1.063124e-01   9.413045e+02
   1.724569e-03   1.009638e+00   1.100652e+00   6.650126e+00     1.5182e-01   1.049414e-01   8.673170e+02
   1.742445e-03   1.023339e+00   1.117095e+00   6.650194e+00     1.5388e-01   1.035536e-01   8.001060e+02
   1.760321e-03   1.036920e+00   1.133440e+00   6.650181e+00     1.5592e-01   1.021594e-01   7.389731e+02
   1.778196e-03   1.050377e+00   1.149684e+00   6.650202e+00     1.5795e-01   1.007521e-01   6.832992e+02
   1.796072e-03   1.063708e+00   1.165823e+00   6.650129e+00     1.5995e-01   9.934325e-02   6.325349e+02
   1.813948e-03   1.076912e+00   1.181857e+00   6.650091e+00     1.6194e-01   9.792495e-02   5.861917e+02
   1.831824e-03   1.089985e+00   1.197783e+00   6.650044e+00     1.6391e-01   9.650225e-02   5.438349e+02
   1.867575e-03   1.115732e+00   1.229289e+00   6.642203e+00     1.6798e-01   9.419523e-02   4.695694e+02
   1.885451e-03   1.128402e+00   1.244860e+00   6.641735e+00     1.6990e-01   9.278840e-02   4.370091e+02
   1.903327e-03   1.140935e+00   1.260292e+00   6.641132e+00     1.7180e-01   9.139119e-02   4.071161e+02
   1.921202e-03   1.153330e+00   1.275607e+00   6.640636e+00     1.7368e-01   8.998818e-02   3.796426e+02
   1.939078e-03   1.165584e+00   1.290792e+00   6.640224e+00     1.7553e-01   8.858257e-02   3.543662e+02
   1.956954e-03   1.177697e+00   1.305844e+00   6.640028e+00     1.7736e-01   8.716712e-02   3.310874e+02
   1.974830e-03   1.189668e+00   1.320785e+00   6.632035e+00     1.7938e-01   8.626247e-02   3.096249e+02
   1.992705e-03   1.201495e+00   1.335571e+00   6.631092e+00     1.8119e-01   8.489985e-02   2.898215e+02
   2.010581e-03   1.213179e+00   1.350206e+00   6.630382e+00     1.8297e-01   8.352925e-02   2.715289e+02
   2.028457e-03   1.224717e+00   1.364720e+00   6.630031e+00     1.8472e-01   8.214432e-02   2.546156e+02
   2.046333e-03   1.236111e+00   1.379104e+00   6.621782e+00     1.8667e-01   8.125147e-02   2.389615e+02
   2.064208e-03   1.247358e+00   1.393311e+00   6.620703e+00     1.8840e-01   7.992287e-02   2.244631e+02
   2.082084e-03   1.258459e+00   1.407388e+00   6.620099e+00     1.9010e-01   7.857594e-02   2.110208e+02
   2.099960e-03   1.269414e+00   1.421343e+00   6.611991e+00     1.9199e-01   7.767925e-02   1.985451e+02
   2.117836e-03   1.280222e+00   1.435114e+00   6.610737e+00     1.9366e-01   7.638645e-02   1.869601e+02
   2.135711e-03   1.290883e+00   1.448737e+00   6.610049e+00     1.9529e-01   7.507307e-02   1.761905e+02
   2.153587e-03   1.301397e+00   1.462242e+00   6.601563e+00     1.9713e-01   7.420923e-02   1.661698e+02
   2.171463e-03   1.311764e+00   1.475564e+00   6.600375e+00     1.9874e-01   7.294336e-02   1.568408e+02
   2.189339e-03   1.321985e+00   1.488769e+00   6.592453e+00     2.0053e-01   7.205706e-02   1.481455e+02
   2.207214e-03   1.332059e+00   1.501787e+00   6.590819e+00     2.0211e-01   7.083648e-02   1.400379e+02
   2.225090e-03   1.341987e+00   1.514658e+00   6.590024e+00     2.0364e-01   6.958503e-02   1.324702e+02
   2.242966e-03   1.351769e+00   1.527393e+00   6.581165e+00     2.0540e-01   6.876837e-02   1.254003e+02
   2.260842e-03   1.361406e+00   1.539951e+00   6.580108e+00     2.0690e-01   6.755441e-02   1.187926e+02
   2.278717e-03   1.370898e+00   1.552376e+00   6.571414e+00     2.0862e-01   6.674200e-02   1.126098e+02
   2.296593e-03   1.380246e+00   1.564619e+00   6.570178e+00     2.1008e-01   6.556201e-02   1.068229e+02
   2.314469e-03   1.389450e+00   1.576734e+00   6.561530e+00     2.1176e-01   6.476176e-02   1.014002e+02
   2.332345e-03   1.398510e+00   1.588661e+00   6.560176e+00     2.1318e-01   6.361321e-02   9.631745e+01
   2.350220e-03   1.407429e+00   1.600466e+00   6.551362e+00     2.1483e-01   6.283668e-02   9.154772e+01
   2.368096e-03   1.416206e+00   1.612080e+00   6.550102e+00     2.1621e-01   6.171001e-02   8.707087e+01
   2.385972e-03   1.424842e+00   1.623579e+00   6.541189e+00     2.1783e-01   6.095465e-02   8.286401e+01
   2.403848e-03   1.433338e+00   1.634884e+00   6.540041e+00     2.1916e-01   5.984998e-02   7.891003e+01
   2.421723e-03   1.441695e+00   1.646066e+00   6.530838e+00     2.2075e-01   5.912515e-02   7.518973e+01
   2.439599e-03   1.449914e+00   1.657085e+00   6.522471e+00     2.2230e-01   5.836932e-02   7.168741e+01
   2.457475e-03   1.457996e+00   1.667912e+00   6.520442e+00     2.2360e-01   5.734282e-02   6.838982e+01
   2.475351e-03   1.465942e+00   1.678637e+00   6.511766e+00     2.2512e-01   5.661936e-02   6.528060e+01
   2.493226e-03   1.473752e+00   1.689159e+00   6.510153e+00     2.2638e-01   5.560197e-02   6.234937e+01
   2.511102e-03   1.481429e+00   1.699556e+00   6.501018e+00     2.2788e-01   5.491700e-02   5.958238e+01
   2.528978e-03   1.488973e+00   1.709769e+00   6.500001e+00     2.2907e-01   5.390228e-02   5.697035e+01
   2.546854e-03   1.496385e+00   1.719865e+00   6.490413e+00     2.3055e-01   5.325490e-02   5.450210e+01
   2.564729e-03   1.503667e+00   1.729814e+00   6.481568e+00     2.3199e-01   5.258442e-02   5.216851e+01
   2.582605e-03   1.510819e+00   1.739558e+00   6.480034e+00     2.3315e-01   5.163053e-02   4.996204e+01
   2.600481e-03   1.517842e+00   1.749200e+00   6.470643e+00     2.3457e-01   5.100112e-02   4.787320e+01
   2.618357e-03   1.524739e+00   1.758694e+00   6.461832e+00     2.3596e-01   5.035658e-02   4.589502e+01
   2.636232e-03   1.531510e+00   1.767983e+00   6.460090e+00     2.3707e-01   4.944974e-02   4.402166e+01
   2.654108e-03   1.538156e+00   1.777181e+00   6.450718e+00     2.3845e-01   4.884609e-02   4.224510e+01
   2.671984e-03   1.544680e+00   1.786220e+00   6.441930e+00     2.3979e-01   4.822819e-02   4.055997e+01
   2.689860e-03   1.551081e+00   1.795066e+00   6.440081e+00     2.4085e-01   4.736353e-02   3.896165e+01
   2.707735e-03   1.557361e+00   1.803825e+00   6.430671e+00     2.4218e-01   4.678783e-02   3.744351e+01
   2.725611e-03   1.563522e+00   1.812417e+00   6.421724e+00     2.4347e-01   4.620308e-02   3.600124e+01
   2.743487e-03   1.569565e+00   1.820836e+00   6.420044e+00     2.4448e-01   4.536971e-02   3.463123e+01
   2.761363e-03   1.575491e+00   1.829137e+00   6.410476e+00     2.4577e-01   4.482594e-02   3.332800e+01
   2.779238e-03   1.581302e+00   1.837322e+00   6.401452e+00     2.4702e-01   4.427075e-02   3.208808e+01
   2.797114e-03   1.586999e+00   1.845343e+00   6.392668e+00     2.4825e-01   4.371526e-02   3.090790e+01
   2.814990e-03   1.592583e+00   1.853177e+00   6.390241e+00     2.4922e-01   4.295470e-02   2.978486e+01
   2.832866e-03   1.598055e+00   1.860929e+00   6.380920e+00     2.5044e-01   4.243571e-02   2.871429e+01
   2.850741e-03   1.603417e+00   1.868547e+00   6.371984e+00     2.5164e-01   4.191159e-02   2.769386e+01
   2.868617e-03   1.608671e+00   1.875969e+00   6.370067e+00     2.5254e-01   4.116880e-02   2.672149e+01
   2.886493e-03   1.613817e+00   1.883293e+00   6.360486e+00     2.5373e-01   4.068360e-02   2.579337e+01
   2.904369e-03   1.618857e+00   1.890499e+00   6.351258e+00     2.5489e-01   4.019433e-02   2.490748e+01
   2.922244e-03   1.623792e+00   1.897581e+00   6.342465e+00     2.5602e-01   3.969893e-02   2.406165e+01
   2.940120e-03   1.628624e+00   1.904450e+00   6.340132e+00     2.5688e-01   3.901288e-02   2.325431e+01
   2.957996e-03   1.633354e+00   1.911251e+00   6.330626e+00     2.5801e-01   3.855674e-02   2.248228e+01
   2.975872e-03   1.637984e+00   1.917922e+00   6.321485e+00     2.5911e-01   3.809654e-02   2.174414e+01
   3.011623e-03   1.646945e+00   1.930824e+00   6.310160e+00     2.6100e-01   3.699423e-02   2.036335e+01
   3.029499e-03   1.651280e+00   1.937132e+00   6.300658e+00     2.6208e-01   3.656822e-02   1.971689e+01
   3.047375e-03   1.655520e+00   1.943280e+00   6.291463e+00     2.6314e-01   3.614002e-02   1.909782e+01
   3.065251e-03   1.659665e+00   1.949329e+00   6.282587e+00     2.6417e-01   3.570968e-02   1.850483e+01
   3.083126e-03   1.663718e+00   1.955179e+00   6.280151e+00     2.6492e-01   3.510681e-02   1.793711e+01
   3.101002e-03   1.667679e+00   1.960975e+00   6.270585e+00     2.6595e-01   3.471141e-02   1.739240e+01
   3.118878e-03   1.671549e+00   1.966666e+00   6.261344e+00     2.6696e-01   3.431340e-02   1.686997e+01
   3.136754e-03   1.675331e+00   1.972213e+00   6.252403e+00     2.6795e-01   3.391381e-02   1.636879e+01
   3.154629e-03   1.679026e+00   1.977607e+00   6.250095e+00     2.6864e-01   3.334432e-02   1.588829e+01
   3.172505e-03   1.682633e+00   1.982905e+00   6.240473e+00     2.6963e-01   3.297772e-02   1.542658e+01
   3.190381e-03   1.686156e+00   1.988117e+00   6.231110e+00     2.7060e-01   3.261028e-02   1.498311e+01
   3.208257e-03   1.689594e+00   1.993235e+00   6.222100e+00     2.7155e-01   3.223980e-02   1.455706e+01
   3.226132e-03   1.692950e+00   1.998129e+00   6.220039e+00     2.7218e-01   3.169885e-02   1.414805e+01
   3.244008e-03   1.696225e+00   2.003013e+00   6.210317e+00     2.7313e-01   3.136057e-02   1.375449e+01
   3.261884e-03   1.699419e+00   2.007756e+00   6.200856e+00     2.7406e-01   3.102129e-02   1.337595e+01
   3.279760e-03   1.702534e+00   2.012409e+00   6.191734e+00     2.7497e-01   3.067929e-02   1.301178e+01
   3.297635e-03   1.705571e+00   2.016906e+00   6.190004e+00     2.7554e-01   3.016323e-02   1.266171e+01
   3.315511e-03   1.708531e+00   2.021319e+00   6.180176e+00     2.7645e-01   2.985172e-02   1.232445e+01
   3.333387e-03   1.711416e+00   2.025659e+00   6.170620e+00     2.7735e-01   2.953884e-02   1.199963e+01
   3.351263e-03   1.714227e+00   2.029898e+00   6.161325e+00     2.7822e-01   2.922502e-02   1.168672e+01
   3.369138e-03   1.716964e+00   2.034017e+00   6.152334e+00     2.7908e-01   2.890945e-02   1.138523e+01
   3.387014e-03   1.719629e+00   2.037990e+00   6.150064e+00     2.7961e-01   2.844440e-02   1.109506e+01
   3.404890e-03   1.722223e+00   2.041895e+00   6.140422e+00     2.8047e-01   2.815608e-02   1.081495e+01
   3.422766e-03   1.724748e+00   2.045719e+00   6.131026e+00     2.8131e-01   2.786699e-02   1.054477e+01
   3.440641e-03   1.727203e+00   2.049467e+00   6.121860e+00     2.8214e-01   2.757769e-02   1.028411e+01
   3.458517e-03   1.729591e+00   2.053021e+00   6.120014e+00     2.8261e-01   2.713157e-02   1.003296e+01
   3.476393e-03   1.731912e+00   2.056554e+00   6.110224e+00     2.8344e-01   2.686757e-02   9.790255e+00
   3.494269e-03   1.734167e+00   2.060019e+00   6.100710e+00     2.8426e-01   2.660202e-02   9.555875e+00
   3.512144e-03   1.736358e+00   2.063356e+00   6.091470e+00     2.8505e-01   2.633510e-02   9.329483e+00
   3.530020e-03   1.738486e+00   2.066619e+00   6.082521e+00     2.8582e-01   2.606664e-02   9.110800e+00
   3.547896e-03   1.740551e+00   2.069729e+00   6.080131e+00     2.8627e-01   2.566508e-02   8.899850e+00
   3.565772e-03   1.742554e+00   2.072790e+00   6.070467e+00     2.8705e-01   2.542220e-02   8.695623e+00
   3.583647e-03   1.744497e+00   2.075793e+00   6.061146e+00     2.8782e-01   2.517633e-02   8.498132e+00
   3.601523e-03   1.746381e+00   2.078730e+00   6.052135e+00     2.8856e-01   2.492842e-02   8.307146e+00
   3.619399e-03   1.748206e+00   2.081452e+00   6.050042e+00     2.8896e-01   2.454510e-02   8.122741e+00
   3.637275e-03   1.749973e+00   2.084196e+00   6.040347e+00     2.8971e-01   2.432095e-02   7.944037e+00
   3.655150e-03   1.751684e+00   2.086862e+00   6.030915e+00     2.9045e-01   2.409537e-02   7.771037e+00
   3.673026e-03   1.753340e+00   2.089426e+00   6.021775e+00     2.9117e-01   2.386793e-02   7.603543e+00
   3.690902e-03   1.754940e+00   2.091861e+00   6.020008e+00     2.9152e-01   2.350114e-02   7.441687e+00
   3.708778e-03   1.756487e+00   2.094264e+00   6.010233e+00     2.9225e-01   2.329537e-02   7.284682e+00
   3.726653e-03   1.757980e+00   2.096588e+00   6.000770e+00     2.9296e-01   2.308717e-02   7.132536e+00
   3.744529e-03   1.759422e+00   2.098859e+00   5.991590e+00     2.9365e-01   2.287717e-02   6.985078e+00
   3.762405e-03   1.760813e+00   2.101067e+00   5.982669e+00     2.9432e-01   2.266609e-02   6.842176e+00
   3.780281e-03   1.762153e+00   2.103062e+00   5.980178e+00     2.9467e-01   2.233939e-02   6.703978e+00
   3.798156e-03   1.763444e+00   2.105106e+00   5.970641e+00     2.9535e-01   2.214815e-02   6.569659e+00
   3.816032e-03   1.764686e+00   2.107082e+00   5.961471e+00     2.9602e-01   2.195350e-02   6.439356e+00
   3.833908e-03   1.765880e+00   2.108961e+00   5.952548e+00     2.9666e-01   2.175784e-02   6.312957e+00
   3.851784e-03   1.767028e+00   2.110705e+00   5.950148e+00     2.9697e-01   2.144888e-02   6.190638e+00
   3.869659e-03   1.768129e+00   2.112448e+00   5.940646e+00     2.9763e-01   2.127150e-02   6.071631e+00
   3.887535e-03   1.769185e+00   2.114119e+00   5.931428e+00     2.9827e-01   2.109215e-02   5.956069e+00
   3.905411e-03   1.770196e+00   2.115741e+00   5.922500e+00     2.9889e-01   2.091095e-02   5.843870e+00
   3.923287e-03   1.771164e+00   2.117203e+00   5.920152e+00     2.9918e-01   2.061922e-02   5.735240e+00
   3.941162e-03   1.772088e+00   2.118671e+00   5.910642e+00     2.9981e-01   2.045546e-02   5.629428e+00
   3.959038e-03   1.772970e+00   2.120103e+00   5.901480e+00     3.0043e-01   2.028858e-02   5.526592e+00
   3.976914e-03   1.773811e+00   2.121379e+00   5.900001e+00     3.0065e-01   1.999502e-02   5.426928e+00
   3.994790e-03   1.774611e+00   2.122648e+00   5.890202e+00     3.0128e-01   1.984602e-02   5.329880e+00
   4.012665e-03   1.775371e+00   2.123890e+00   5.880726e+00     3.0190e-01   1.969421e-02   5.235487e+00
   4.030541e-03   1.776091e+00   2.125063e+00   5.871666e+00     3.0248e-01   1.953819e-02   5.143679e+00
   4.048417e-03   1.776772e+00   2.126075e+00   5.870010e+00     3.0269e-01   1.926411e-02   5.054673e+00
   4.066293e-03   1.777416e+00   2.127136e+00   5.860293e+00     3.0330e-01   1.912549e-02   4.967897e+00
   4.084168e-03   1.778022e+00   2.128110e+00   5.850964e+00     3.0389e-01   1.898298e-02   4.883424e+00
   4.102044e-03   1.778591e+00   2.129040e+00   5.841982e+00     3.0445e-01   1.883743e-02   4.801206e+00
   4.119920e-03   1.779125e+00   2.129861e+00   5.840058e+00     3.0464e-01   1.858304e-02   4.721490e+00
   4.137796e-03   1.779623e+00   2.130648e+00   5.830483e+00     3.0523e-01   1.845307e-02   4.643655e+00
   4.155671e-03   1.780086e+00   2.131415e+00   5.821314e+00     3.0579e-01   1.831899e-02   4.567830e+00
   4.173547e-03   1.780515e+00   2.132149e+00   5.812504e+00     3.0633e-01   1.818179e-02   4.493999e+00
   4.191423e-03   1.780911e+00   2.132699e+00   5.810180e+00     3.0652e-01   1.794782e-02   4.422390e+00
   4.209299e-03   1.781274e+00   2.133308e+00   5.800795e+00     3.0707e-01   1.782511e-02   4.352365e+00
   4.227174e-03   1.781604e+00   2.133897e+00   5.791850e+00     3.0761e-01   1.769792e-02   4.284115e+00
   4.245050e-03   1.781903e+00   2.134288e+00   5.790037e+00     3.0775e-01   1.746625e-02   4.217884e+00
   4.262926e-03   1.782171e+00   2.134747e+00   5.780471e+00     3.0831e-01   1.735388e-02   4.153124e+00
   4.280802e-03   1.782408e+00   2.135177e+00   5.771324e+00     3.0884e-01   1.723720e-02   4.089948e+00
   4.298677e-03   1.782615e+00   2.135526e+00   5.762615e+00     3.0934e-01   1.711628e-02   4.028366e+00
   4.316553e-03   1.782792e+00   2.135752e+00   5.760249e+00     3.0950e-01   1.690544e-02   3.968605e+00
   4.334429e-03   1.782941e+00   2.136018e+00   5.750990e+00     3.1002e-01   1.679755e-02   3.910055e+00
   4.352305e-03   1.783061e+00   2.136235e+00   5.742180e+00     3.1052e-01   1.668513e-02   3.852930e+00
   4.370180e-03   1.783153e+00   2.136345e+00   5.740122e+00     3.1065e-01   1.647875e-02   3.797477e+00
   4.388056e-03   1.783219e+00   2.136451e+00   5.730712e+00     3.1117e-01   1.637974e-02   3.743137e+00
   4.405932e-03   1.783257e+00   2.136543e+00   5.721811e+00     3.1166e-01   1.627527e-02   3.690076e+00
   4.423808e-03   1.783269e+00   2.136523e+00   5.720049e+00     3.1176e-01   1.607329e-02   3.638551e+00
   4.441683e-03   1.783255e+00   2.136498e+00   5.710550e+00     3.1227e-01   1.598185e-02   3.588051e+00
   4.459559e-03   1.783215e+00   2.136472e+00   5.701544e+00     3.1276e-01   1.588517e-02   3.538701e+00
   4.477435e-03   1.783151e+00   2.136319e+00   5.700023e+00     3.1283e-01   1.568807e-02   3.490761e+00
   4.495311e-03   1.783063e+00   2.136178e+00   5.690439e+00     3.1334e-01   1.560376e-02   3.443766e+00
   4.513186e-03   1.782950e+00   2.136045e+00   5.681396e+00     3.1382e-01   1.551355e-02   3.397810e+00
   4.531062e-03   1.782814e+00   2.135758e+00   5.680010e+00     3.1388e-01   1.532250e-02   3.353151e+00
   4.548938e-03   1.782656e+00   2.135513e+00   5.670403e+00     3.1438e-01   1.524413e-02   3.309359e+00
   4.566814e-03   1.782474e+00   2.135278e+00   5.661309e+00     3.1485e-01   1.516025e-02   3.266508e+00
   4.584689e-03   1.782270e+00   2.134860e+00   5.660006e+00     3.1489e-01   1.497564e-02   3.224861e+00
   4.602565e-03   1.782045e+00   2.134520e+00   5.650380e+00     3.1538e-01   1.490283e-02   3.183999e+00
   4.620441e-03   1.781798e+00   2.134159e+00   5.641373e+00     3.1584e-01   1.482320e-02   3.143999e+00
   4.638317e-03   1.781530e+00   2.133645e+00   5.640011e+00     3.1587e-01   1.464655e-02   3.105116e+00
   4.656192e-03   1.781242e+00   2.133221e+00   5.630447e+00     3.1636e-01   1.457798e-02   3.066941e+00
   4.674068e-03   1.780934e+00   2.132725e+00   5.621498e+00     3.1681e-01   1.450269e-02   3.029553e+00
   4.691944e-03   1.780606e+00   2.132132e+00   5.620028e+00     3.1683e-01   1.433430e-02   2.993217e+00
   4.709820e-03   1.780259e+00   2.131585e+00   5.610533e+00     3.1731e-01   1.426960e-02   2.957505e+00
   4.727695e-03   1.779893e+00   2.131005e+00   5.601708e+00     3.1774e-01   1.419762e-02   2.922519e+00
   4.745571e-03   1.779508e+00   2.130340e+00   5.600063e+00     3.1777e-01   1.403795e-02   2.888532e+00
   4.763447e-03   1.779105e+00   2.129668e+00   5.590692e+00     3.1823e-01   1.397623e-02   2.855082e+00
   4.781323e-03   1.778684e+00   2.129013e+00   5.581967e+00     3.1865e-01   1.390763e-02   2.822303e+00
   4.799198e-03   1.778246e+00   2.128230e+00   5.580153e+00     3.1867e-01   1.375626e-02   2.790488e+00
   4.817074e-03   1.777791e+00   2.127492e+00   5.570929e+00     3.1912e-01   1.369704e-02   2.759118e+00
   4.834950e-03   1.777319e+00   2.126769e+00   5.562398e+00     3.1952e-01   1.363055e-02   2.728386e+00
   4.852826e-03   1.776830e+00   2.125871e+00   5.560310e+00     3.1956e-01   1.348835e-02   2.698566e+00
   4.870701e-03   1.776325e+00   2.125079e+00   5.551343e+00     3.1998e-01   1.343016e-02   2.669116e+00
   4.888577e-03   1.775805e+00   2.124159e+00   5.550019e+00     3.1996e-01   1.328248e-02   2.640486e+00
   4.906453e-03   1.775269e+00   2.123283e+00   5.540553e+00     3.2041e-01   1.323330e-02   2.612291e+00
   4.924329e-03   1.774718e+00   2.122439e+00   5.531889e+00     3.2082e-01   1.317553e-02   2.584623e+00
   4.942204e-03   1.774152e+00   2.121399e+00   5.530143e+00     3.2081e-01   1.303839e-02   2.557763e+00
   4.960080e-03   1.773572e+00   2.120484e+00   5.520989e+00     3.2124e-01   1.298924e-02   2.531237e+00
   4.977956e-03   1.772977e+00   2.119543e+00   5.512623e+00     3.2162e-01   1.293197e-02   2.505236e+00
   4.995832e-03   1.772369e+00   2.118439e+00   5.510393e+00     3.2164e-01   1.280559e-02   2.479994e+00
   5.013707e-03   1.771747e+00   2.117461e+00   5.501608e+00     3.2204e-01   1.275575e-02   2.455019e+00
   5.031583e-03   1.771111e+00   2.116312e+00   5.500085e+00     3.2202e-01   1.262459e-02   2.430771e+00
   5.049459e-03   1.770463e+00   2.115292e+00   5.490876e+00     3.2244e-01   1.258228e-02   2.406813e+00
   5.067335e-03   1.769801e+00   2.114205e+00   5.482447e+00     3.2281e-01   1.253198e-02   2.383296e+00
   5.085210e-03   1.769127e+00   2.113023e+00   5.480375e+00     3.2281e-01   1.241189e-02   2.360493e+00
   5.103086e-03   1.768441e+00   2.111899e+00   5.471572e+00     3.2321e-01   1.236823e-02   2.337889e+00
   5.120962e-03   1.767743e+00   2.110673e+00   5.470097e+00     3.2316e-01   1.224454e-02   2.315957e+00
   5.138838e-03   1.767033e+00   2.109514e+00   5.460948e+00     3.2358e-01   1.220722e-02   2.294256e+00
   5.156713e-03   1.766312e+00   2.108341e+00   5.452654e+00     3.2394e-01   1.216127e-02   2.272952e+00
   5.174589e-03   1.765579e+00   2.107054e+00   5.450472e+00     3.2393e-01   1.204984e-02   2.252291e+00
   5.192465e-03   1.764836e+00   2.105834e+00   5.441861e+00     3.2431e-01   1.200960e-02   2.231788e+00
   5.210341e-03   1.764082e+00   2.104525e+00   5.440173e+00     3.2427e-01   1.189568e-02   2.211912e+00
   5.228216e-03   1.763317e+00   2.103251e+00   5.431213e+00     3.2466e-01   1.186147e-02   2.192197e+00
   5.246092e-03   1.762542e+00   2.101929e+00   5.430030e+00     3.2459e-01   1.174482e-02   2.173046e+00
   5.263968e-03   1.761757e+00   2.100601e+00   5.420750e+00     3.2500e-01   1.171628e-02   2.154098e+00
   5.281844e-03   1.760962e+00   2.099318e+00   5.412431e+00     3.2536e-01   1.167809e-02   2.135464e+00
   5.299719e-03   1.760158e+00   2.097887e+00   5.410423e+00     3.2533e-01   1.157440e-02   2.117414e+00
   5.317595e-03   1.759344e+00   2.096563e+00   5.401811e+00     3.2570e-01   1.154133e-02   2.099463e+00
   5.335471e-03   1.758521e+00   2.095110e+00   5.400184e+00     3.2564e-01   1.143623e-02   2.082077e+00
   5.353347e-03   1.757689e+00   2.093744e+00   5.391306e+00     3.2602e-01   1.140798e-02   2.064797e+00
   5.371222e-03   1.756848e+00   2.092275e+00   5.390056e+00     3.2594e-01   1.130141e-02   2.048030e+00
   5.389098e-03   1.755999e+00   2.090865e+00   5.380931e+00     3.2634e-01   1.127771e-02   2.031400e+00
   5.406974e-03   1.755142e+00   2.089384e+00   5.380004e+00     3.2623e-01   1.117021e-02   2.015218e+00
   5.424850e-03   1.754276e+00   2.087929e+00   5.370630e+00     3.2664e-01   1.115099e-02   1.999211e+00
   5.442725e-03   1.753402e+00   2.086535e+00   5.362330e+00     3.2699e-01   1.112117e-02   1.983438e+00
   5.460601e-03   1.752521e+00   2.084939e+00   5.360402e+00     3.2694e-01   1.102771e-02   1.968178e+00
   5.478477e-03   1.751632e+00   2.083516e+00   5.351899e+00     3.2729e-01   1.100171e-02   1.952963e+00
   5.496353e-03   1.750736e+00   2.081898e+00   5.350249e+00     3.2723e-01   1.090772e-02   1.938249e+00
   5.514228e-03   1.749833e+00   2.080444e+00   5.341532e+00     3.2759e-01   1.088564e-02   1.923576e+00
   5.532104e-03   1.748922e+00   2.078807e+00   5.340144e+00     3.2750e-01   1.079123e-02   1.909379e+00
   5.549980e-03   1.748005e+00   2.077325e+00   5.331270e+00     3.2788e-01   1.077242e-02   1.895232e+00
   5.567856e-03   1.747081e+00   2.075669e+00   5.330077e+00     3.2778e-01   1.067822e-02   1.881525e+00
   5.585731e-03   1.746150e+00   2.074159e+00   5.321069e+00     3.2816e-01   1.066239e-02   1.867884e+00
   5.603607e-03   1.745213e+00   2.072484e+00   5.320034e+00     3.2805e-01   1.056872e-02   1.854644e+00
   5.621483e-03   1.744270e+00   2.070949e+00   5.310906e+00     3.2843e-01   1.055567e-02   1.841488e+00
   5.639359e-03   1.743321e+00   2.069256e+00   5.310011e+00     3.2831e-01   1.046269e-02   1.828698e+00
   5.657234e-03   1.742366e+00   2.067698e+00   5.300787e+00     3.2870e-01   1.045211e-02   1.816005e+00
   5.675110e-03   1.741406e+00   2.065986e+00   5.300002e+00     3.2857e-01   1.036008e-02   1.803648e+00
   5.692986e-03   1.740440e+00   2.064406e+00   5.290666e+00     3.2896e-01   1.035204e-02   1.791396e+00
   5.710862e-03   1.739468e+00   2.062779e+00   5.282616e+00     3.2928e-01   1.033188e-02   1.779305e+00
   5.728737e-03   1.738491e+00   2.061070e+00   5.280597e+00     3.2922e-01   1.025488e-02   1.767630e+00
   5.746613e-03   1.737510e+00   2.059425e+00   5.272485e+00     3.2954e-01   1.023671e-02   1.755941e+00
   5.764489e-03   1.736523e+00   2.057699e+00   5.270605e+00     3.2947e-01   1.016027e-02   1.744673e+00
   5.782365e-03   1.735531e+00   2.056036e+00   5.262415e+00     3.2980e-01   1.014423e-02   1.733372e+00
   5.800240e-03   1.734535e+00   2.054290e+00   5.260569e+00     3.2972e-01   1.006929e-02   1.722490e+00
   5.818116e-03   1.733534e+00   2.052616e+00   5.252431e+00     3.3004e-01   1.005414e-02   1.711568e+00
   5.835992e-03   1.732528e+00   2.050847e+00   5.250559e+00     3.2997e-01   9.981199e-03   1.701051e+00
   5.853868e-03   1.731519e+00   2.049164e+00   5.242465e+00     3.3029e-01   9.966955e-03   1.690492e+00
   5.871743e-03   1.730505e+00   2.047376e+00   5.240597e+00     3.3021e-01   9.895694e-03   1.680330e+00
   5.889619e-03   1.729487e+00   2.045682e+00   5.232532e+00     3.3053e-01   9.882469e-03   1.670118e+00
   5.907495e-03   1.728465e+00   2.043874e+00   5.230639e+00     3.3045e-01   9.813102e-03   1.660296e+00
   5.925371e-03   1.727440e+00   2.042089e+00   5.230001e+00     3.3029e-01   9.732714e-03   1.650582e+00
   5.943246e-03   1.726410e+00   2.040347e+00   5.220745e+00     3.3068e-01   9.732811e-03   1.640926e+00
   5.961122e-03   1.725378e+00   2.038558e+00   5.220007e+00     3.3053e-01   9.655051e-03   1.631540e+00
   5.978998e-03   1.724341e+00   2.036796e+00   5.210875e+00     3.3091e-01   9.655101e-03   1.622192e+00
   5.996874e-03   1.723302e+00   2.035005e+00   5.210026e+00     3.3077e-01   9.580028e-03   1.613125e+00
   6.014749e-03   1.722259e+00   2.033220e+00   5.200994e+00     3.3114e-01   9.580207e-03   1.604069e+00
   6.032625e-03   1.721213e+00   2.031408e+00   5.200059e+00     3.3100e-01   9.507559e-03   1.595312e+00
   6.050501e-03   1.720164e+00   2.029624e+00   5.191181e+00     3.3136e-01   9.507362e-03   1.586536e+00
   6.068377e-03   1.719113e+00   2.027787e+00   5.190120e+00     3.3123e-01   9.437452e-03   1.578079e+00
   6.086253e-03   1.718058e+00   2.026011e+00   5.181424e+00     3.3158e-01   9.436619e-03   1.569572e+00
   6.104128e-03   1.717001e+00   2.024148e+00   5.180210e+00     3.3145e-01   9.369620e-03   1.561403e+00
   6.122004e-03   1.715941e+00   2.022381e+00   5.171743e+00     3.3179e-01   9.367733e-03   1.553159e+00
   6.139880e-03   1.714879e+00   2.020494e+00   5.170338e+00     3.3168e-01   9.303918e-03   1.545263e+00
   6.157756e-03   1.713814e+00   2.018736e+00   5.162131e+00     3.3200e-01   9.300725e-03   1.537278e+00
   6.175631e-03   1.712747e+00   2.016827e+00   5.160534e+00     3.3189e-01   9.240030e-03   1.529639e+00
   6.193507e-03   1.711678e+00   2.015076e+00   5.152593e+00     3.3220e-01   9.235530e-03   1.521912e+00
   6.211383e-03   1.710607e+00   2.013148e+00   5.150764e+00     3.3211e-01   9.178175e-03   1.514511e+00
   6.229259e-03   1.709533e+00   2.011277e+00   5.150025e+00     3.3195e-01   9.111763e-03   1.507197e+00
   6.247134e-03   1.708458e+00   2.009459e+00   5.141067e+00     3.3232e-01   9.117966e-03   1.499863e+00
   6.265010e-03   1.707381e+00   2.007558e+00   5.140105e+00     3.3217e-01   9.054968e-03   1.492806e+00
   6.282886e-03   1.706302e+00   2.005763e+00   5.131466e+00     3.3252e-01   9.059168e-03   1.485679e+00
   6.300762e-03   1.705221e+00   2.003835e+00   5.130259e+00     3.3239e-01   8.999695e-03   1.478867e+00
   6.318637e-03   1.704139e+00   2.002061e+00   5.122035e+00     3.3271e-01   9.001157e-03   1.471954e+00
   6.336513e-03   1.703056e+00   2.000109e+00   5.120529e+00     3.3259e-01   8.945553e-03   1.465365e+00
   6.354389e-03   1.701971e+00   1.998347e+00   5.112639e+00     3.3289e-01   8.945036e-03   1.458667e+00
   6.372265e-03   1.700884e+00   1.996379e+00   5.110860e+00     3.3280e-01   8.892945e-03   1.452280e+00
   6.390140e-03   1.699797e+00   1.994458e+00   5.110060e+00     3.3264e-01   8.832950e-03   1.445972e+00
   6.408016e-03   1.698708e+00   1.992651e+00   5.101348e+00     3.3299e-01   8.841035e-03   1.439606e+00
   6.425892e-03   1.697618e+00   1.990698e+00   5.100233e+00     3.3285e-01   8.785062e-03   1.433522e+00
   6.443768e-03   1.696526e+00   1.988919e+00   5.091997e+00     3.3318e-01   8.789818e-03   1.427335e+00
   6.461643e-03   1.695434e+00   1.986943e+00   5.090522e+00     3.3306e-01   8.738104e-03   1.421454e+00
   6.479519e-03   1.694341e+00   1.985027e+00   5.090002e+00     3.3288e-01   8.678607e-03   1.415611e+00
   6.497395e-03   1.693248e+00   1.983194e+00   5.080984e+00     3.3325e-01   8.691568e-03   1.409755e+00
   6.515271e-03   1.692153e+00   1.981241e+00   5.080092e+00     3.3309e-01   8.636511e-03   1.404128e+00
   6.533146e-03   1.691058e+00   1.979448e+00   5.071600e+00     3.3344e-01   8.645611e-03   1.398419e+00
   6.551022e-03   1.689962e+00   1.977467e+00   5.070360e+00     3.3330e-01   8.594704e-03   1.392993e+00
   6.568898e-03   1.688865e+00   1.975664e+00   5.062406e+00     3.3361e-01   8.599991e-03   1.387448e+00
   6.586774e-03   1.687768e+00   1.973706e+00   5.060795e+00     3.3350e-01   8.553235e-03   1.382193e+00
   6.604649e-03   1.686671e+00   1.971750e+00   5.060058e+00     3.3333e-01   8.499574e-03   1.376993e+00
   6.622525e-03   1.685573e+00   1.969944e+00   5.051403e+00     3.3368e-01   8.512055e-03   1.371720e+00
   6.640401e-03   1.684475e+00   1.967966e+00   5.050289e+00     3.3354e-01   8.462737e-03   1.366716e+00
   6.658277e-03   1.683376e+00   1.966151e+00   5.042299e+00     3.3385e-01   8.470318e-03   1.361587e+00
   6.676152e-03   1.682278e+00   1.964201e+00   5.040755e+00     3.3374e-01   8.425570e-03   1.356744e+00
   6.694028e-03   1.681179e+00   1.962238e+00   5.040053e+00     3.3356e-01   8.374220e-03   1.351946e+00
   6.711904e-03   1.680080e+00   1.960422e+00   5.031472e+00     3.3391e-01   8.387960e-03   1.347073e+00
   6.729780e-03   1.678981e+00   1.958454e+00   5.030317e+00     3.3377e-01   8.341486e-03   1.342457e+00
   6.747655e-03   1.677882e+00   1.956627e+00   5.022440e+00     3.3408e-01   8.350020e-03   1.337714e+00
   6.765531e-03   1.676783e+00   1.954695e+00   5.020868e+00     3.3396e-01   8.307896e-03   1.333244e+00
   6.783407e-03   1.675684e+00   1.952719e+00   5.020087e+00     3.3380e-01   8.259688e-03   1.328826e+00
   6.801283e-03   1.674585e+00   1.950894e+00   5.011683e+00     3.3414e-01   8.273690e-03   1.324310e+00
   6.819158e-03   1.673487e+00   1.948949e+00   5.010472e+00     3.3400e-01   8.230061e-03   1.320061e+00
   6.837034e-03   1.672389e+00   1.946997e+00   5.010004e+00     3.3381e-01   8.180599e-03   1.315825e+00
   6.854910e-03   1.671291e+00   1.945168e+00   5.001135e+00     3.3418e-01   8.199591e-03   1.311548e+00
   6.872786e-03   1.670193e+00   1.943213e+00   5.000212e+00     3.3402e-01   8.154928e-03   1.307487e+00
   6.890661e-03   1.669096e+00   1.941376e+00   4.992088e+00     3.3435e-01   8.168267e-03   1.303297e+00
   6.908537e-03   1.667999e+00   1.939450e+00   4.990746e+00     3.3422e-01   8.127952e-03   1.299385e+00
   6.926413e-03   1.666903e+00   1.937491e+00   4.990066e+00     3.3404e-01   8.082554e-03   1.295500e+00
   6.944289e-03   1.665807e+00   1.935658e+00   4.981600e+00     3.3439e-01   8.099751e-03   1.291520e+00
   6.962164e-03   1.664712e+00   1.933737e+00   4.980442e+00     3.3425e-01   8.059234e-03   1.287793e+00
   6.980040e-03   1.663618e+00   1.931782e+00   4.980006e+00     3.3406e-01   8.013098e-03   1.284077e+00
   6.997916e-03   1.662524e+00   1.929947e+00   4.971194e+00     3.3443e-01   8.034134e-03   1.280301e+00
   7.015792e-03   1.661431e+00   1.928025e+00   4.970276e+00     3.3427e-01   7.992908e-03   1.276748e+00
   7.033667e-03   1.660338e+00   1.926181e+00   4.962409e+00     3.3458e-01   8.006795e-03   1.273056e+00
   7.051543e-03   1.659247e+00   1.924252e+00   4.960943e+00     3.3446e-01   7.970731e-03   1.269620e+00
   7.069419e-03   1.658156e+00   1.922327e+00   4.960150e+00     3.3430e-01   7.929677e-03   1.266227e+00
   7.087295e-03   1.657066e+00   1.920491e+00   4.952071e+00     3.3462e-01   7.946203e-03   1.262711e+00
   7.105170e-03   1.655977e+00   1.918568e+00   4.950731e+00     3.3449e-01   7.910346e-03   1.259446e+00
   7.123046e-03   1.654889e+00   1.916646e+00   4.950073e+00     3.3432e-01   7.869353e-03   1.256209e+00
   7.140922e-03   1.653801e+00   1.914814e+00   4.941794e+00     3.3466e-01   7.888393e-03   1.252863e+00
   7.158798e-03   1.652715e+00   1.912900e+00   4.940600e+00     3.3452e-01   7.852548e-03   1.249763e+00
   7.176673e-03   1.651630e+00   1.910983e+00   4.940042e+00     3.3434e-01   7.811880e-03   1.246676e+00
   7.194549e-03   1.650546e+00   1.909154e+00   4.931609e+00     3.3469e-01   7.833034e-03   1.243495e+00
   7.212425e-03   1.649463e+00   1.907249e+00   4.930509e+00     3.3454e-01   7.797561e-03   1.240548e+00
   7.230301e-03   1.648381e+00   1.905339e+00   4.930026e+00     3.3436e-01   7.757413e-03   1.237609e+00
   7.248176e-03   1.647300e+00   1.903511e+00   4.921462e+00     3.3472e-01   7.780449e-03   1.234582e+00
   7.266052e-03   1.646221e+00   1.901614e+00   4.920460e+00     3.3457e-01   7.745301e-03   1.231785e+00
   7.283928e-03   1.645143e+00   1.899713e+00   4.920017e+00     3.3438e-01   7.705910e-03   1.228989e+00
   7.301804e-03   1.644066e+00   1.897890e+00   4.911441e+00     3.3474e-01   7.729876e-03   1.226113e+00
   7.319679e-03   1.642990e+00   1.895998e+00   4.910425e+00     3.3459e-01   7.695875e-03   1.223454e+00
   7.337555e-03   1.641915e+00   1.894108e+00   4.910015e+00     3.3440e-01   7.657296e-03   1.220799e+00
   7.355431e-03   1.640842e+00   1.892289e+00   4.901430e+00     3.3477e-01   7.682107e-03   1.218061e+00
   7.373307e-03   1.639771e+00   1.890403e+00   4.900447e+00     3.3462e-01   7.648877e-03   1.215541e+00
   7.391182e-03   1.638700e+00   1.888526e+00   4.900021e+00     3.3443e-01   7.611462e-03   1.213023e+00
   7.409058e-03   1.637631e+00   1.886711e+00   4.891501e+00     3.3479e-01   7.636518e-03   1.210415e+00
   7.426934e-03   1.636564e+00   1.884830e+00   4.890504e+00     3.3464e-01   7.604394e-03   1.208028e+00
   7.444810e-03   1.635498e+00   1.882968e+00   4.890031e+00     3.3446e-01   7.568358e-03   1.205643e+00
   7.462685e-03   1.634433e+00   1.881159e+00   4.881653e+00     3.3481e-01   7.593045e-03   1.203160e+00
   7.480561e-03   1.633370e+00   1.879281e+00   4.880589e+00     3.3467e-01   7.562396e-03   1.200898e+00
   7.498437e-03   1.632309e+00   1.877437e+00   4.880055e+00     3.3449e-01   7.527822e-03   1.198645e+00
   7.516313e-03   1.631249e+00   1.875632e+00   4.871850e+00     3.3483e-01   7.551881e-03   1.196279e+00
   7.534188e-03   1.630190e+00   1.873757e+00   4.870705e+00     3.3469e-01   7.522776e-03   1.194138e+00
   7.552064e-03   1.629134e+00   1.871919e+00   4.870103e+00     3.3452e-01   7.489708e-03   1.192012e+00
   7.569940e-03   1.628079e+00   1.870133e+00   4.862112e+00     3.3485e-01   7.512800e-03   1.189758e+00
   7.587816e-03   1.627025e+00   1.868262e+00   4.860884e+00     3.3472e-01   7.485224e-03   1.187731e+00
   7.605691e-03   1.625973e+00   1.866423e+00   4.860199e+00     3.3455e-01   7.453747e-03   1.185732e+00
   7.623567e-03   1.624923e+00   1.864661e+00   4.852429e+00     3.3487e-01   7.475819e-03   1.183584e+00
   7.641443e-03   1.623875e+00   1.862796e+00   4.851142e+00     3.3474e-01   7.449540e-03   1.181667e+00
   7.659319e-03   1.622828e+00   1.860958e+00   4.850348e+00     3.3458e-01   7.419826e-03   1.179788e+00
   7.677194e-03   1.621784e+00   1.859142e+00   4.850007e+00     3.3439e-01   7.386755e-03   1.177904e+00
   7.695070e-03   1.620740e+00   1.857363e+00   4.841491e+00     3.3476e-01   7.415587e-03   1.175933e+00
   7.712946e-03   1.619699e+00   1.855522e+00   4.840527e+00     3.3461e-01   7.388045e-03   1.174166e+00
   7.730822e-03   1.618660e+00   1.853719e+00   4.840063e+00     3.3443e-01   7.356833e-03   1.172403e+00
   7.748697e-03   1.617622e+00   1.851961e+00   4.831939e+00     3.3478e-01   7.383249e-03   1.170519e+00
   7.766573e-03   1.616586e+00   1.850123e+00   4.830841e+00     3.3464e-01   7.357547e-03   1.168856e+00
   7.784449e-03   1.615552e+00   1.848314e+00   4.830198e+00     3.3447e-01   7.328601e-03   1.167211e+00
   7.802325e-03   1.614520e+00   1.846593e+00   4.822530e+00     3.3479e-01   7.352201e-03   1.165422e+00
   7.820200e-03   1.613490e+00   1.844758e+00   4.821227e+00     3.3466e-01   7.328747e-03   1.163845e+00
   7.838076e-03   1.612462e+00   1.842947e+00   4.820429e+00     3.3451e-01   7.301843e-03   1.162312e+00
   7.855952e-03   1.611435e+00   1.841170e+00   4.820028e+00     3.3432e-01   7.272036e-03   1.160775e+00
   7.873828e-03   1.610411e+00   1.839431e+00   4.811776e+00     3.3468e-01   7.300947e-03   1.159128e+00
   7.891703e-03   1.609388e+00   1.837618e+00   4.810775e+00     3.3454e-01   7.276366e-03   1.157694e+00
   7.909579e-03   1.608368e+00   1.835833e+00   4.810164e+00     3.3437e-01   7.249008e-03   1.156271e+00
   7.927455e-03   1.607349e+00   1.834139e+00   4.802479e+00     3.3469e-01   7.274209e-03   1.154703e+00
   7.945331e-03   1.606333e+00   1.832329e+00   4.801234e+00     3.3457e-01   7.252124e-03   1.153348e+00
   7.963206e-03   1.605318e+00   1.830540e+00   4.800441e+00     3.3441e-01   7.226973e-03   1.152033e+00
   7.981082e-03   1.604306e+00   1.828784e+00   4.800043e+00     3.3423e-01   7.198959e-03   1.150715e+00
   7.998958e-03   1.603295e+00   1.827082e+00   4.791936e+00     3.3458e-01   7.228184e-03   1.149278e+00
   8.016834e-03   1.602287e+00   1.825291e+00   4.790896e+00     3.3444e-01   7.205609e-03   1.148052e+00
   8.034709e-03   1.601281e+00   1.823526e+00   4.790252e+00     3.3428e-01   7.180265e-03   1.146842e+00
   8.052585e-03   1.600276e+00   1.821797e+00   4.790006e+00     3.3409e-01   7.152037e-03   1.145628e+00
   8.070461e-03   1.599274e+00   1.820086e+00   4.781527e+00     3.3447e-01   7.184900e-03   1.144321e+00
   8.088337e-03   1.598274e+00   1.818316e+00   4.780649e+00     3.3432e-01   7.162081e-03   1.143210e+00
   8.106212e-03   1.597276e+00   1.816575e+00   4.780145e+00     3.3415e-01   7.136598e-03   1.142102e+00
   8.124088e-03   1.596280e+00   1.814924e+00   4.772435e+00     3.3448e-01   7.164189e-03   1.140854e+00
   8.141964e-03   1.595286e+00   1.813154e+00   4.771242e+00     3.3435e-01   7.144302e-03   1.139810e+00
   8.159840e-03   1.594295e+00   1.811404e+00   4.770467e+00     3.3420e-01   7.121625e-03   1.138804e+00
   8.177715e-03   1.593305e+00   1.809685e+00   4.770069e+00     3.3402e-01   7.096227e-03   1.137796e+00
   8.195591e-03   1.592318e+00   1.808040e+00   4.762155e+00     3.3437e-01   7.126099e-03   1.136656e+00
   8.213467e-03   1.591333e+00   1.806289e+00   4.761090e+00     3.3424e-01   7.106207e-03   1.135725e+00
   8.231343e-03   1.590350e+00   1.804558e+00   4.760400e+00     3.3408e-01   7.083763e-03   1.134818e+00
   8.249218e-03   1.589369e+00   1.802858e+00   4.760042e+00     3.3390e-01   7.058931e-03   1.133907e+00
   8.267094e-03   1.588391e+00   1.801222e+00   4.751989e+00     3.3426e-01   7.090572e-03   1.132872e+00
   8.284970e-03   1.587414e+00   1.799487e+00   4.750978e+00     3.3412e-01   7.071157e-03   1.132043e+00
   8.302846e-03   1.586440e+00   1.797775e+00   4.750358e+00     3.3396e-01   7.049048e-03   1.131234e+00
   8.320721e-03   1.585468e+00   1.796092e+00   4.750028e+00     3.3378e-01   7.024859e-03   1.130420e+00
   8.338597e-03   1.584498e+00   1.794469e+00   4.741888e+00     3.3415e-01   7.057837e-03   1.129480e+00
   8.356473e-03   1.583531e+00   1.792753e+00   4.740982e+00     3.3401e-01   7.038512e-03   1.128753e+00
   8.374349e-03   1.582565e+00   1.791056e+00   4.740328e+00     3.3385e-01   7.017470e-03   1.128037e+00
   8.392224e-03   1.581602e+00   1.789389e+00   4.740034e+00     3.3367e-01   6.993850e-03   1.127317e+00
   8.410100e-03   1.580641e+00   1.787786e+00   4.731969e+00     3.3403e-01   7.026995e-03   1.126474e+00
   8.427976e-03   1.579683e+00   1.786086e+00   4.731021e+00     3.3390e-01   7.008752e-03   1.125834e+00
   8.445852e-03   1.578727e+00   1.784403e+00   4.730374e+00     3.3374e-01   6.988477e-03   1.125211e+00
   8.463727e-03   1.577773e+00   1.782750e+00   4.730047e+00     3.3356e-01   6.965909e-03   1.124584e+00
   8.481603e-03   1.576821e+00   1.781170e+00   4.722057e+00     3.3393e-01   6.999139e-03   1.123822e+00
   8.499479e-03   1.575871e+00   1.779486e+00   4.721136e+00     3.3379e-01   6.981489e-03   1.123274e+00
   8.517355e-03   1.574924e+00   1.777818e+00   4.720463e+00     3.3364e-01   6.962195e-03   1.122740e+00
   8.535230e-03   1.573979e+00   1.776176e+00   4.720092e+00     3.3346e-01   6.940747e-03   1.122205e+00
   8.553106e-03   1.573037e+00   1.774625e+00   4.712290e+00     3.3382e-01   6.973236e-03   1.121525e+00
   8.570982e-03   1.572096e+00   1.772956e+00   4.711318e+00     3.3369e-01   6.956685e-03   1.121056e+00
   8.588858e-03   1.571158e+00   1.771301e+00   4.710603e+00     3.3354e-01   6.938469e-03   1.120611e+00
   8.606733e-03   1.570223e+00   1.769669e+00   4.710160e+00     3.3337e-01   6.918335e-03   1.120166e+00
   8.624609e-03   1.569289e+00   1.768149e+00   4.702663e+00     3.3370e-01   6.949259e-03   1.119570e+00
   8.642485e-03   1.568358e+00   1.766496e+00   4.701596e+00     3.3358e-01   6.934058e-03   1.119170e+00
   8.660361e-03   1.567430e+00   1.764854e+00   4.700797e+00     3.3344e-01   6.917182e-03   1.118807e+00
   8.678236e-03   1.566503e+00   1.763232e+00   4.700279e+00     3.3328e-01   6.898377e-03   1.118451e+00
   8.696112e-03   1.565579e+00   1.761636e+00   4.700024e+00     3.3310e-01   6.877697e-03   1.118090e+00
   8.713988e-03   1.564658e+00   1.760108e+00   4.691982e+00     3.3347e-01   6.913440e-03   1.117604e+00
   8.731864e-03   1.563738e+00   1.758479e+00   4.691089e+00     3.3334e-01   6.897941e-03   1.117316e+00
   8.749739e-03   1.562821e+00   1.756867e+00   4.690474e+00     3.3319e-01   6.880584e-03   1.117046e+00
   8.767615e-03   1.561907e+00   1.755277e+00   4.690103e+00     3.3302e-01   6.861505e-03   1.116773e+00
   8.785491e-03   1.560994e+00   1.753791e+00   4.682548e+00     3.3336e-01   6.894293e-03   1.116357e+00
   8.803367e-03   1.560084e+00   1.752178e+00   4.681535e+00     3.3324e-01   6.880259e-03   1.116130e+00
   8.821242e-03   1.559177e+00   1.750576e+00   4.680791e+00     3.3310e-01   6.864540e-03   1.115938e+00
   8.839118e-03   1.558271e+00   1.748992e+00   4.680281e+00     3.3294e-01   6.847215e-03   1.115751e+00
   8.856994e-03   1.557368e+00   1.747433e+00   4.680035e+00     3.3277e-01   6.828030e-03   1.115560e+00
   8.874870e-03   1.556468e+00   1.745949e+00   4.672075e+00     3.3314e-01   6.864514e-03   1.115236e+00
   8.892745e-03   1.555570e+00   1.744360e+00   4.671220e+00     3.3301e-01   6.850243e-03   1.115113e+00
   8.910621e-03   1.554674e+00   1.742784e+00   4.670573e+00     3.3287e-01   6.834623e-03   1.115007e+00
   8.928497e-03   1.553780e+00   1.741228e+00   4.670177e+00     3.3270e-01   6.817257e-03   1.114903e+00
   8.946373e-03   1.552889e+00   1.739697e+00   4.670006e+00     3.3252e-01   6.798309e-03   1.114793e+00
   8.964248e-03   1.552001e+00   1.738220e+00   4.661848e+00     3.3292e-01   6.837037e-03   1.114571e+00
   8.982124e-03   1.551114e+00   1.736653e+00   4.661019e+00     3.3278e-01   6.823361e-03   1.114532e+00
   9.000000e-03   1.550230e+00   1.735103e+00   4.660465e+00     3.3263e-01   6.807849e-03   1.114510e+00
