           rhoc              M             Mb              R              C             kl            lam
   9.787575e-05   8.085977e-02   8.088481e-02   1.976007e+01     4.0921e-03   1.946000e-02   1.130660e+10
   1.336273e-04   8.139675e-02   8.142416e-02   1.787059e+01     4.5548e-03   1.929626e-02   6.562065e+09
   1.693788e-04   8.178074e-02   8.181002e-02   1.655146e+01     4.9410e-03   1.917217e-02   4.340164e+09
   1.872545e-04   8.193613e-02   8.196622e-02   1.602124e+01     5.1142e-03   1.912610e-02   3.644504e+09
   2.230060e-04   8.219592e-02   8.222742e-02   1.514183e+01     5.4284e-03   1.901636e-02   2.689532e+09
   2.408818e-04   8.230597e-02   8.233810e-02   1.477071e+01     5.5722e-03   1.895630e-02   2.352407e+09
   2.587575e-04   8.265383e-02   8.268801e-02   1.407156e+01     5.8738e-03   1.898406e-02   1.810065e+09
   2.766333e-04   8.383351e-02   8.387503e-02   1.322090e+01     6.3410e-03   1.927335e-02   1.253382e+09
   2.945090e-04   8.613723e-02   8.619434e-02   1.234028e+01     6.9802e-03   2.024055e-02   8.143308e+08
   3.123848e-04   8.964851e-02   8.973191e-02   1.152036e+01     7.7817e-03   2.179705e-02   5.092397e+08
   3.302605e-04   9.433473e-02   9.445741e-02   1.078171e+01     8.7495e-03   2.415627e-02   3.140644e+08
   3.481363e-04   1.001081e-01   1.002854e-01   1.016112e+01     9.8521e-03   2.707699e-02   1.944779e+08
   3.660120e-04   1.068645e-01   1.071137e-01   9.632066e+00     1.1095e-02   3.081593e-02   1.222120e+08
   3.838878e-04   1.145036e-01   1.148444e-01   9.201601e+00     1.2444e-02   3.505947e-02   7.833129e+07
   4.017635e-04   1.229372e-01   1.233913e-01   8.842245e+00     1.3903e-02   3.996384e-02   5.128290e+07
   4.196393e-04   1.320906e-01   1.326821e-01   8.551308e+00     1.5447e-02   4.521967e-02   3.427988e+07
   4.553908e-04   1.523183e-01   1.532654e-01   8.111603e+00     1.8778e-02   5.678569e-02   1.621512e+07
   4.732665e-04   1.632967e-01   1.644660e-01   7.950813e+00     2.0538e-02   6.270646e-02   1.143910e+07
   4.911423e-04   1.747991e-01   1.762236e-01   7.811398e+00     2.2377e-02   6.894781e-02   8.191748e+06
   5.090180e-04   1.867928e-01   1.885072e-01   7.701311e+00     2.4255e-02   7.488496e-02   5.947380e+06
   5.268938e-04   1.992486e-01   2.012888e-01   7.610262e+00     2.6182e-02   8.069116e-02   4.372767e+06
   5.447695e-04   2.121401e-01   2.145459e-01   7.531187e+00     2.8168e-02   8.652335e-02   3.252712e+06
   5.805210e-04   2.391351e-01   2.423951e-01   7.411717e+00     3.2264e-02   9.742650e-02   1.857647e+06
   5.983968e-04   2.531949e-01   2.569473e-01   7.370474e+00     3.4353e-02   1.022033e-01   1.424216e+06
   6.162725e-04   2.676023e-01   2.718946e-01   7.331238e+00     3.6502e-02   1.070673e-01   1.101546e+06
   6.341483e-04   2.823380e-01   2.872167e-01   7.301345e+00     3.8669e-02   1.114132e-01   8.590390e+05
   6.520240e-04   2.973833e-01   3.028976e-01   7.280104e+00     4.0849e-02   1.151819e-01   6.751463e+05
   6.877756e-04   3.283309e-01   3.352721e-01   7.241196e+00     4.5342e-02   1.225040e-01   4.261392e+05
   7.056513e-04   3.441985e-01   3.519317e-01   7.230289e+00     4.7605e-02   1.254149e-01   3.419723e+05
   7.235271e-04   3.603062e-01   3.688870e-01   7.220347e+00     4.9902e-02   1.281743e-01   2.761478e+05
   7.414028e-04   3.766374e-01   3.861218e-01   7.210867e+00     5.2232e-02   1.308102e-01   2.243213e+05
   7.592786e-04   3.931762e-01   4.036222e-01   7.202633e+00     5.4588e-02   1.332372e-01   1.832544e+05
   7.771543e-04   4.099068e-01   4.213700e-01   7.201012e+00     5.6924e-02   1.349369e-01   1.505155e+05
   7.950301e-04   4.268138e-01   4.393528e-01   7.200412e+00     5.9276e-02   1.364084e-01   1.242636e+05
   8.129058e-04   4.441820e-01   4.578768e-01   7.200246e+00     6.1690e-02   1.377220e-01   1.027647e+05
   8.307816e-04   4.654379e-01   4.806164e-01   7.200300e+00     6.4641e-02   1.391253e-01   8.217870e+04
   8.486573e-04   4.873606e-01   5.041514e-01   7.200890e+00     6.7681e-02   1.403724e-01   6.589754e+04
   8.665331e-04   5.099133e-01   5.284499e-01   7.202320e+00     7.0798e-02   1.414401e-01   5.301047e+04
   8.844088e-04   5.330579e-01   5.534732e-01   7.210797e+00     7.3925e-02   1.417132e-01   4.279210e+04
   9.022846e-04   5.567559e-01   5.791909e-01   7.220184e+00     7.7111e-02   1.417856e-01   3.467031e+04
   9.201603e-04   5.809688e-01   6.055737e-01   7.222651e+00     8.0437e-02   1.424200e-01   2.819672e+04
   9.380361e-04   6.056580e-01   6.325750e-01   7.232422e+00     8.3742e-02   1.422103e-01   2.302085e+04
   9.559118e-04   6.307852e-01   6.601675e-01   7.242641e+00     8.7093e-02   1.418258e-01   1.886867e+04
   9.737876e-04   6.563124e-01   6.883090e-01   7.260013e+00     9.0401e-02   1.406114e-01   1.552613e+04
   9.916633e-04   6.822019e-01   7.169721e-01   7.270087e+00     9.3837e-02   1.399706e-01   1.282563e+04
   1.009539e-03   7.084165e-01   7.461197e-01   7.280454e+00     9.7304e-02   1.391610e-01   1.063593e+04
   1.027415e-03   7.349194e-01   7.757167e-01   7.291015e+00     1.0080e-01   1.381922e-01   8.853887e+03
   1.045291e-03   7.616743e-01   8.057251e-01   7.301982e+00     1.0431e-01   1.370455e-01   7.398278e+03
   1.063166e-03   7.886457e-01   8.360999e-01   7.320012e+00     1.0774e-01   1.351084e-01   6.204980e+03
   1.081042e-03   8.157986e-01   8.668259e-01   7.330413e+00     1.1129e-01   1.337507e-01   5.223145e+03
   1.098918e-03   8.430989e-01   8.978594e-01   7.341052e+00     1.1485e-01   1.322417e-01   4.412410e+03
   1.116794e-03   8.705133e-01   9.291679e-01   7.351952e+00     1.1841e-01   1.305855e-01   3.740590e+03
   1.134669e-03   8.980090e-01   9.607055e-01   7.370015e+00     1.2185e-01   1.281880e-01   3.181958e+03
   1.152545e-03   9.255545e-01   9.924499e-01   7.380154e+00     1.2541e-01   1.263798e-01   2.715838e+03
   1.170421e-03   9.531190e-01   1.024374e+00   7.390410e+00     1.2897e-01   1.244574e-01   2.325608e+03
   1.188297e-03   9.806728e-01   1.056437e+00   7.400698e+00     1.3251e-01   1.224359e-01   1.997839e+03
   1.206172e-03   1.008187e+00   1.088604e+00   7.410890e+00     1.3604e-01   1.203340e-01   1.721644e+03
   1.224048e-03   1.035634e+00   1.120850e+00   7.420976e+00     1.3955e-01   1.181603e-01   1.488174e+03
   1.241924e-03   1.062987e+00   1.153138e+00   7.430944e+00     1.4305e-01   1.159237e-01   1.290211e+03
   1.259800e-03   1.090221e+00   1.185441e+00   7.440795e+00     1.4652e-01   1.136321e-01   1.121846e+03
   1.277675e-03   1.117311e+00   1.217737e+00   7.450467e+00     1.4997e-01   1.112976e-01   9.782324e+02
   1.295551e-03   1.144234e+00   1.249984e+00   7.460172e+00     1.5338e-01   1.089125e-01   8.553765e+02
   1.331303e-03   1.197489e+00   1.314274e+00   7.471415e+00     1.6028e-01   1.045991e-01   6.593147e+02
   1.349178e-03   1.223782e+00   1.346237e+00   7.480412e+00     1.6360e-01   1.021512e-01   5.811122e+02
   1.367054e-03   1.249825e+00   1.378075e+00   7.482604e+00     1.6703e-01   1.001369e-01   5.134771e+02
   1.384930e-03   1.275601e+00   1.409722e+00   7.490781e+00     1.7029e-01   9.769814e-02   4.548376e+02
   1.402806e-03   1.301094e+00   1.441179e+00   7.500002e+00     1.7348e-01   9.518400e-02   4.038654e+02
   1.420681e-03   1.326288e+00   1.472441e+00   7.500587e+00     1.7682e-01   9.320526e-02   3.594487e+02
   1.438557e-03   1.351168e+00   1.503469e+00   7.501921e+00     1.8011e-01   9.116109e-02   3.206519e+02
   1.456433e-03   1.375722e+00   1.534224e+00   7.510070e+00     1.8318e-01   8.870203e-02   2.866874e+02
   1.474309e-03   1.399937e+00   1.564719e+00   7.510503e+00     1.8640e-01   8.670056e-02   2.568815e+02
   1.492184e-03   1.423803e+00   1.594931e+00   7.511112e+00     1.8956e-01   8.468487e-02   2.306677e+02
   1.510060e-03   1.447307e+00   1.624836e+00   7.511699e+00     1.9267e-01   8.267114e-02   2.075628e+02
   1.527936e-03   1.470443e+00   1.654415e+00   7.512134e+00     1.9574e-01   8.067074e-02   1.871547e+02
   1.545812e-03   1.493201e+00   1.683654e+00   7.512386e+00     1.9877e-01   7.868872e-02   1.690908e+02
   1.563687e-03   1.515573e+00   1.712540e+00   7.512395e+00     2.0174e-01   7.673110e-02   1.530691e+02
   1.581563e-03   1.537554e+00   1.741062e+00   7.512042e+00     2.0468e-01   7.480624e-02   1.388305e+02
   1.599439e-03   1.559137e+00   1.769210e+00   7.511622e+00     2.0756e-01   7.290170e-02   1.261517e+02
   1.617315e-03   1.580319e+00   1.796952e+00   7.511061e+00     2.1040e-01   7.102352e-02   1.148403e+02
   1.635190e-03   1.600560e+00   1.823599e+00   7.510505e+00     2.1311e-01   6.921522e-02   1.049774e+02
   1.653066e-03   1.620328e+00   1.849747e+00   7.510119e+00     2.1575e-01   6.742880e-02   9.615548e+01
   1.670942e-03   1.639678e+00   1.875505e+00   7.502238e+00     2.1856e-01   6.599653e-02   8.822498e+01
   1.688818e-03   1.658610e+00   1.900761e+00   7.500947e+00     2.2112e-01   6.429401e-02   8.108466e+01
   1.706693e-03   1.677125e+00   1.925594e+00   7.500123e+00     2.2361e-01   6.259895e-02   7.464332e+01
   1.724569e-03   1.695223e+00   1.950016e+00   7.491673e+00     2.2628e-01   6.124314e-02   6.882179e+01
   1.742445e-03   1.712907e+00   1.973945e+00   7.490344e+00     2.2868e-01   5.961959e-02   6.355331e+01
   1.760321e-03   1.730177e+00   1.997469e+00   7.482029e+00     2.3124e-01   5.829688e-02   5.877574e+01
   1.778196e-03   1.747037e+00   2.020474e+00   7.480305e+00     2.3355e-01   5.674259e-02   5.443819e+01
   1.796072e-03   1.763489e+00   2.043086e+00   7.471597e+00     2.3603e-01   5.547712e-02   5.049236e+01
   1.813948e-03   1.779537e+00   2.065183e+00   7.470090e+00     2.3822e-01   5.397101e-02   4.689898e+01
   1.831824e-03   1.795183e+00   2.086870e+00   7.460845e+00     2.4061e-01   5.276974e-02   4.362041e+01
   1.849699e-03   1.810432e+00   2.108091e+00   7.452134e+00     2.4294e-01   5.156976e-02   4.062521e+01
   1.867575e-03   1.825288e+00   2.128810e+00   7.450115e+00     2.4500e-01   5.016613e-02   3.788587e+01
   1.885451e-03   1.839754e+00   2.149122e+00   7.440633e+00     2.4726e-01   4.903971e-02   3.537586e+01
   1.903327e-03   1.853836e+00   2.168987e+00   7.431426e+00     2.4946e-01   4.792533e-02   3.307333e+01
   1.921202e-03   1.867538e+00   2.188381e+00   7.422326e+00     2.5161e-01   4.682929e-02   3.095844e+01
   1.939078e-03   1.880865e+00   2.207281e+00   7.420047e+00     2.5348e-01   4.554638e-02   2.901401e+01
   1.956954e-03   1.893822e+00   2.225778e+00   7.410267e+00     2.5557e-01   4.451989e-02   2.722303e+01
   1.974830e-03   1.906414e+00   2.243823e+00   7.400553e+00     2.5760e-01   4.351287e-02   2.557178e+01
   1.992705e-03   1.918647e+00   2.261434e+00   7.390887e+00     2.5960e-01   4.252602e-02   2.404755e+01
   2.010581e-03   1.930526e+00   2.278599e+00   7.381171e+00     2.6155e-01   4.156221e-02   2.263892e+01
   2.028457e-03   1.942056e+00   2.295324e+00   7.371486e+00     2.6346e-01   4.061918e-02   2.133567e+01
   2.046333e-03   1.953244e+00   2.311639e+00   7.361710e+00     2.6532e-01   3.970015e-02   2.012854e+01
   2.064208e-03   1.964094e+00   2.327484e+00   7.351878e+00     2.6716e-01   3.880393e-02   1.900923e+01
   2.082084e-03   1.974613e+00   2.342923e+00   7.341962e+00     2.6895e-01   3.793101e-02   1.797022e+01
   2.099960e-03   1.984807e+00   2.357957e+00   7.331907e+00     2.7071e-01   3.708241e-02   1.700474e+01
   2.117836e-03   1.994681e+00   2.372540e+00   7.321850e+00     2.7243e-01   3.625437e-02   1.610668e+01
   2.135711e-03   2.004241e+00   2.386725e+00   7.311722e+00     2.7411e-01   3.544829e-02   1.527047e+01
   2.153587e-03   2.013493e+00   2.400515e+00   7.301538e+00     2.7576e-01   3.466344e-02   1.449110e+01
   2.171463e-03   2.022443e+00   2.413899e+00   7.291292e+00     2.7738e-01   3.389962e-02   1.376399e+01
   2.189339e-03   2.031097e+00   2.426865e+00   7.281003e+00     2.7896e-01   3.315602e-02   1.308500e+01
   2.207214e-03   2.039461e+00   2.439450e+00   7.270736e+00     2.8050e-01   3.243084e-02   1.245036e+01
   2.225090e-03   2.047540e+00   2.451656e+00   7.260500e+00     2.8201e-01   3.172355e-02   1.185662e+01
   2.242966e-03   2.055341e+00   2.463487e+00   7.250269e+00     2.8348e-01   3.103440e-02   1.130065e+01
   2.260842e-03   2.062869e+00   2.474949e+00   7.240112e+00     2.8492e-01   3.036160e-02   1.077959e+01
   2.278717e-03   2.070129e+00   2.486028e+00   7.230011e+00     2.8632e-01   2.970529e-02   1.029082e+01
   2.296593e-03   2.077128e+00   2.496818e+00   7.212191e+00     2.8800e-01   2.922139e-02   9.831705e+00
   2.314469e-03   2.083872e+00   2.507163e+00   7.201574e+00     2.8936e-01   2.860669e-02   9.400657e+00
   2.332345e-03   2.090366e+00   2.517155e+00   7.190988e+00     2.9069e-01   2.800769e-02   8.995342e+00
   2.350220e-03   2.096614e+00   2.526806e+00   7.180513e+00     2.9199e-01   2.742252e-02   8.613919e+00
   2.368096e-03   2.102624e+00   2.536121e+00   7.170200e+00     2.9324e-01   2.684998e-02   8.254687e+00
   2.385972e-03   2.108401e+00   2.545109e+00   7.160031e+00     2.9447e-01   2.629015e-02   7.916089e+00
   2.403848e-03   2.113948e+00   2.553844e+00   7.142189e+00     2.9598e-01   2.588327e-02   7.596482e+00
   2.421723e-03   2.119273e+00   2.562166e+00   7.131403e+00     2.9717e-01   2.536193e-02   7.295095e+00
   2.439599e-03   2.124381e+00   2.570169e+00   7.120745e+00     2.9834e-01   2.485249e-02   7.010423e+00
   2.457475e-03   2.129275e+00   2.577868e+00   7.110295e+00     2.9946e-01   2.435330e-02   6.741332e+00
   2.475351e-03   2.133962e+00   2.585268e+00   7.100049e+00     3.0056e-01   2.386422e-02   6.486778e+00
   2.493226e-03   2.138447e+00   2.592460e+00   7.082273e+00     3.0194e-01   2.351229e-02   6.245616e+00
   2.511102e-03   2.142733e+00   2.599247e+00   7.071338e+00     3.0302e-01   2.305879e-02   6.017455e+00
   2.528978e-03   2.146827e+00   2.605754e+00   7.060679e+00     3.0405e-01   2.261333e-02   5.801231e+00
   2.546854e-03   2.150733e+00   2.611981e+00   7.050221e+00     3.0506e-01   2.217683e-02   5.596154e+00
   2.564729e-03   2.154455e+00   2.617944e+00   7.040016e+00     3.0603e-01   2.174835e-02   5.401518e+00
   2.582605e-03   2.157999e+00   2.623715e+00   7.021974e+00     3.0732e-01   2.145020e-02   5.216514e+00
   2.600481e-03   2.161368e+00   2.629118e+00   7.011041e+00     3.0828e-01   2.105408e-02   5.040970e+00
   2.618357e-03   2.164567e+00   2.634266e+00   7.000472e+00     3.0920e-01   2.066349e-02   4.874096e+00
   2.636232e-03   2.167601e+00   2.639161e+00   6.990115e+00     3.1010e-01   2.028049e-02   4.715335e+00
   2.654108e-03   2.170473e+00   2.643889e+00   6.972562e+00     3.1129e-01   2.001005e-02   4.564014e+00
   2.671984e-03   2.173188e+00   2.648285e+00   6.961577e+00     3.1217e-01   1.965513e-02   4.420144e+00
   2.689860e-03   2.175750e+00   2.652443e+00   6.950817e+00     3.1302e-01   1.930692e-02   4.283081e+00
   2.707735e-03   2.178163e+00   2.656368e+00   6.940293e+00     3.1384e-01   1.896501e-02   4.152404e+00
   2.725611e-03   2.180430e+00   2.660077e+00   6.930042e+00     3.1463e-01   1.862876e-02   4.027736e+00
   2.743487e-03   2.182557e+00   2.663663e+00   6.912142e+00     3.1576e-01   1.840238e-02   3.908575e+00
   2.761363e-03   2.184545e+00   2.666916e+00   6.901260e+00     3.1654e-01   1.809126e-02   3.795022e+00
   2.779238e-03   2.186400e+00   2.669958e+00   6.890630e+00     3.1730e-01   1.778547e-02   3.686552e+00
   2.797114e-03   2.188125e+00   2.672800e+00   6.880201e+00     3.1803e-01   1.748544e-02   3.582866e+00
   2.814990e-03   2.189722e+00   2.675448e+00   6.870015e+00     3.1874e-01   1.719050e-02   3.483699e+00
   2.832866e-03   2.191197e+00   2.677948e+00   6.851960e+00     3.1979e-01   1.700016e-02   3.388668e+00
   2.850741e-03   2.192551e+00   2.680178e+00   6.841167e+00     3.2049e-01   1.672741e-02   3.297915e+00
   2.868617e-03   2.193789e+00   2.682217e+00   6.830554e+00     3.2117e-01   1.645995e-02   3.211017e+00
   2.886493e-03   2.194913e+00   2.684080e+00   6.820205e+00     3.2183e-01   1.619663e-02   3.127761e+00
   2.904369e-03   2.195927e+00   2.685771e+00   6.810020e+00     3.2246e-01   1.593849e-02   3.047950e+00
   2.922244e-03   2.196834e+00   2.687386e+00   6.792091e+00     3.2344e-01   1.577621e-02   2.971272e+00
   2.940120e-03   2.197637e+00   2.688714e+00   6.781316e+00     3.2407e-01   1.553768e-02   2.897911e+00
   2.957996e-03   2.198338e+00   2.689876e+00   6.770745e+00     3.2468e-01   1.530339e-02   2.827523e+00
   2.975872e-03   2.198941e+00   2.690879e+00   6.760307e+00     3.2527e-01   1.507396e-02   2.759942e+00
   2.993747e-03   2.199449e+00   2.691735e+00   6.750081e+00     3.2584e-01   1.484837e-02   2.695029e+00
   3.011623e-03   2.199863e+00   2.692443e+00   6.740001e+00     3.2639e-01   1.462728e-02   2.632653e+00
   3.029499e-03   2.200187e+00   2.693043e+00   6.721866e+00     3.2732e-01   1.449797e-02   2.572569e+00
   3.047375e-03   2.200424e+00   2.693424e+00   6.711255e+00     3.2787e-01   1.429347e-02   2.514972e+00
   3.065251e-03   2.200576e+00   2.693659e+00   6.700741e+00     3.2841e-01   1.409349e-02   2.459574e+00
   3.083126e-03   2.200645e+00   2.693758e+00   6.690389e+00     3.2893e-01   1.389724e-02   2.406270e+00
   3.101002e-03   2.200634e+00   2.693725e+00   6.680152e+00     3.2943e-01   1.370506e-02   2.354956e+00
   3.118878e-03   2.200545e+00   2.693566e+00   6.670018e+00     3.2992e-01   1.351699e-02   2.305541e+00
   3.136754e-03   2.200380e+00   2.693386e+00   6.652386e+00     3.3077e-01   1.340841e-02   2.257795e+00
   3.154629e-03   2.200143e+00   2.692961e+00   6.641785e+00     3.3126e-01   1.323424e-02   2.211960e+00
   3.172505e-03   2.199834e+00   2.692415e+00   6.631325e+00     3.3173e-01   1.306345e-02   2.167797e+00
   3.190381e-03   2.199457e+00   2.691746e+00   6.620898e+00     3.3220e-01   1.289695e-02   2.125217e+00
   3.208257e-03   2.199012e+00   2.690964e+00   6.610557e+00     3.3265e-01   1.273411e-02   2.084152e+00
   3.226132e-03   2.198503e+00   2.690075e+00   6.600321e+00     3.3309e-01   1.257465e-02   2.044534e+00
   3.244008e-03   2.197931e+00   2.689080e+00   6.590174e+00     3.3352e-01   1.241862e-02   2.006300e+00
   3.261884e-03   2.197298e+00   2.687981e+00   6.580069e+00     3.3393e-01   1.226637e-02   1.969390e+00
   3.279760e-03   2.196607e+00   2.686781e+00   6.570011e+00     3.3434e-01   1.211776e-02   1.933750e+00
   3.297635e-03   2.195858e+00   2.685583e+00   6.552478e+00     3.3512e-01   1.204071e-02   1.899187e+00
   3.315511e-03   2.195053e+00   2.684173e+00   6.542110e+00     3.3553e-01   1.190219e-02   1.865947e+00
   3.333387e-03   2.194196e+00   2.682668e+00   6.531782e+00     3.3593e-01   1.176707e-02   1.833828e+00
   3.351263e-03   2.193286e+00   2.681072e+00   6.521505e+00     3.3632e-01   1.163515e-02   1.802785e+00
   3.369138e-03   2.192326e+00   2.679386e+00   6.511235e+00     3.3670e-01   1.150673e-02   1.772769e+00
   3.387014e-03   2.191317e+00   2.677617e+00   6.501048e+00     3.3707e-01   1.138107e-02   1.743744e+00
   3.404890e-03   2.190262e+00   2.675764e+00   6.490875e+00     3.3744e-01   1.125869e-02   1.715666e+00
   3.422766e-03   2.189160e+00   2.673829e+00   6.480740e+00     3.3779e-01   1.113928e-02   1.688498e+00
   3.440641e-03   2.188015e+00   2.671814e+00   6.470643e+00     3.3814e-01   1.102277e-02   1.662206e+00
   3.458517e-03   2.186827e+00   2.669718e+00   6.460552e+00     3.3849e-01   1.090935e-02   1.636753e+00
   3.476393e-03   2.185598e+00   2.667550e+00   6.450481e+00     3.3883e-01   1.079883e-02   1.612108e+00
   3.494269e-03   2.184330e+00   2.665309e+00   6.440421e+00     3.3916e-01   1.069122e-02   1.588241e+00
   3.512144e-03   2.183023e+00   2.663000e+00   6.430389e+00     3.3949e-01   1.058630e-02   1.565122e+00
   3.530020e-03   2.181678e+00   2.660622e+00   6.420375e+00     3.3981e-01   1.048409e-02   1.542722e+00
   3.547896e-03   2.180298e+00   2.658178e+00   6.410372e+00     3.4012e-01   1.038457e-02   1.521015e+00
   3.565772e-03   2.178884e+00   2.655673e+00   6.400372e+00     3.4043e-01   1.028773e-02   1.499976e+00
   3.583647e-03   2.177436e+00   2.653107e+00   6.390385e+00     3.4074e-01   1.019344e-02   1.479579e+00
   3.601523e-03   2.175955e+00   2.650482e+00   6.380393e+00     3.4104e-01   1.010177e-02   1.459800e+00
   3.619399e-03   2.174444e+00   2.647804e+00   6.370452e+00     3.4133e-01   1.001222e-02   1.440620e+00
   3.637275e-03   2.172903e+00   2.645067e+00   6.360485e+00     3.4163e-01   9.925330e-03   1.422013e+00
   3.655150e-03   2.171333e+00   2.642282e+00   6.350587e+00     3.4191e-01   9.840314e-03   1.403962e+00
   3.673026e-03   2.169735e+00   2.639446e+00   6.340657e+00     3.4219e-01   9.757883e-03   1.386444e+00
   3.690902e-03   2.168110e+00   2.636566e+00   6.330808e+00     3.4247e-01   9.677121e-03   1.369444e+00
   3.708778e-03   2.166460e+00   2.633641e+00   6.320975e+00     3.4274e-01   9.598488e-03   1.352941e+00
   3.726653e-03   2.164785e+00   2.630672e+00   6.311171e+00     3.4301e-01   9.521820e-03   1.336918e+00
   3.744529e-03   2.163086e+00   2.627660e+00   6.301367e+00     3.4327e-01   9.447277e-03   1.321358e+00
   3.762405e-03   2.161364e+00   2.624611e+00   6.291671e+00     3.4353e-01   9.374047e-03   1.306252e+00
   3.780281e-03   2.159620e+00   2.621503e+00   6.282007e+00     3.4378e-01   9.302650e-03   1.291579e+00
   3.798156e-03   2.157855e+00   2.618350e+00   6.272368e+00     3.4403e-01   9.233080e-03   1.277327e+00
   3.816032e-03   2.156070e+00   2.615029e+00   6.270007e+00     3.4387e-01   9.113344e-03   1.263609e+00
   3.833908e-03   2.154265e+00   2.611801e+00   6.260046e+00     3.4413e-01   9.050383e-03   1.250166e+00
   3.851784e-03   2.152442e+00   2.608547e+00   6.250145e+00     3.4438e-01   8.988819e-03   1.237100e+00
   3.869659e-03   2.150601e+00   2.605269e+00   6.240312e+00     3.4463e-01   8.928554e-03   1.224397e+00
   3.887535e-03   2.148743e+00   2.601966e+00   6.230528e+00     3.4487e-01   8.869676e-03   1.212045e+00
   3.905411e-03   2.146868e+00   2.598612e+00   6.220856e+00     3.4511e-01   8.811718e-03   1.200033e+00
   3.923287e-03   2.144978e+00   2.595222e+00   6.211246e+00     3.4534e-01   8.755011e-03   1.188351e+00
   3.941162e-03   2.143073e+00   2.591813e+00   6.201783e+00     3.4556e-01   8.698971e-03   1.176994e+00
   3.959038e-03   2.141154e+00   2.588380e+00   6.192394e+00     3.4577e-01   8.644094e-03   1.165954e+00
   3.976914e-03   2.139222e+00   2.584809e+00   6.190025e+00     3.4559e-01   8.543226e-03   1.155350e+00
   3.994790e-03   2.137276e+00   2.581337e+00   6.180166e+00     3.4583e-01   8.495114e-03   1.144921e+00
   4.012665e-03   2.135318e+00   2.577817e+00   6.170419e+00     3.4606e-01   8.447695e-03   1.134768e+00
   4.030541e-03   2.133349e+00   2.574277e+00   6.160835e+00     3.4628e-01   8.400599e-03   1.124883e+00
   4.048417e-03   2.131369e+00   2.570724e+00   6.151401e+00     3.4649e-01   8.353927e-03   1.115261e+00
   4.066293e-03   2.129378e+00   2.567160e+00   6.142117e+00     3.4668e-01   8.307710e-03   1.105902e+00
   4.084168e-03   2.127378e+00   2.563485e+00   6.140019e+00     3.4648e-01   8.215699e-03   1.096930e+00
   4.102044e-03   2.125368e+00   2.559862e+00   6.130183e+00     3.4671e-01   8.176348e-03   1.088090e+00
   4.119920e-03   2.123349e+00   2.556216e+00   6.120525e+00     3.4692e-01   8.137062e-03   1.079476e+00
   4.137796e-03   2.121322e+00   2.552578e+00   6.111122e+00     3.4712e-01   8.097336e-03   1.071082e+00
   4.155671e-03   2.119287e+00   2.548935e+00   6.101861e+00     3.4732e-01   8.057951e-03   1.062908e+00
   4.173547e-03   2.117246e+00   2.545192e+00   6.100006e+00     3.4709e-01   7.972323e-03   1.055089e+00
   4.191423e-03   2.115197e+00   2.541470e+00   6.090192e+00     3.4731e-01   7.939495e-03   1.047376e+00
   4.209299e-03   2.113142e+00   2.537764e+00   6.080614e+00     3.4752e-01   7.906217e-03   1.039851e+00
   4.227174e-03   2.111081e+00   2.534069e+00   6.071302e+00     3.4771e-01   7.872316e-03   1.032514e+00
   4.245050e-03   2.109015e+00   2.530377e+00   6.062305e+00     3.4789e-01   7.837634e-03   1.025379e+00
   4.262926e-03   2.106944e+00   2.526527e+00   6.060078e+00     3.4768e-01   7.761692e-03   1.018571e+00
   4.280802e-03   2.104868e+00   2.522775e+00   6.050455e+00     3.4789e-01   7.733581e-03   1.011824e+00
   4.298677e-03   2.102788e+00   2.519042e+00   6.041132e+00     3.4808e-01   7.704514e-03   1.005236e+00
   4.316553e-03   2.100705e+00   2.515323e+00   6.032172e+00     3.4825e-01   7.674263e-03   9.988241e-01
   4.334429e-03   2.098618e+00   2.511433e+00   6.030078e+00     3.4802e-01   7.602780e-03   9.927259e-01
   4.352305e-03   2.096528e+00   2.507657e+00   6.020501e+00     3.4823e-01   7.578832e-03   9.866680e-01
   4.370180e-03   2.094435e+00   2.503911e+00   6.011300e+00     3.4842e-01   7.553392e-03   9.807500e-01
   4.388056e-03   2.092340e+00   2.500178e+00   6.002445e+00     3.4858e-01   7.526839e-03   9.749916e-01
   4.405932e-03   2.090243e+00   2.496237e+00   6.000163e+00     3.4836e-01   7.461473e-03   9.695369e-01
   4.423808e-03   2.088145e+00   2.492465e+00   5.990752e+00     3.4856e-01   7.440550e-03   9.640894e-01
   4.441683e-03   2.086045e+00   2.488725e+00   5.981808e+00     3.4873e-01   7.417600e-03   9.587732e-01
   4.459559e-03   2.083945e+00   2.484797e+00   5.980038e+00     3.4848e-01   7.352470e-03   9.537415e-01
   4.477435e-03   2.081843e+00   2.481005e+00   5.970482e+00     3.4869e-01   7.335478e-03   9.487327e-01
   4.495311e-03   2.079742e+00   2.477256e+00   5.961401e+00     3.4887e-01   7.316281e-03   9.438306e-01
   4.513186e-03   2.077640e+00   2.473344e+00   5.960006e+00     3.4860e-01   7.252082e-03   9.391904e-01
   4.531062e-03   2.075538e+00   2.469544e+00   5.950357e+00     3.4881e-01   7.238503e-03   9.345847e-01
   4.548938e-03   2.073437e+00   2.465792e+00   5.941229e+00     3.4899e-01   7.222377e-03   9.300704e-01
   4.566814e-03   2.071337e+00   2.461888e+00   5.940001e+00     3.4871e-01   7.160256e-03   9.257979e-01
   4.584689e-03   2.069238e+00   2.458089e+00   5.930315e+00     3.4893e-01   7.149556e-03   9.215620e-01
   4.602565e-03   2.067140e+00   2.454348e+00   5.921255e+00     3.4910e-01   7.135652e-03   9.174074e-01
   4.620441e-03   2.065043e+00   2.450443e+00   5.920002e+00     3.4882e-01   7.076659e-03   9.134835e-01
   4.638317e-03   2.062948e+00   2.446658e+00   5.910367e+00     3.4904e-01   7.068139e-03   9.095871e-01
   4.656192e-03   2.060855e+00   2.442933e+00   5.901374e+00     3.4922e-01   7.056290e-03   9.057603e-01
   4.674068e-03   2.058765e+00   2.439023e+00   5.900016e+00     3.4894e-01   7.000812e-03   9.021729e-01
   4.691944e-03   2.056676e+00   2.435267e+00   5.890538e+00     3.4915e-01   6.993685e-03   8.985870e-01
   4.709820e-03   2.054590e+00   2.431541e+00   5.881771e+00     3.4931e-01   6.982865e-03   8.950692e-01
   4.727695e-03   2.052507e+00   2.427645e+00   5.880097e+00     3.4906e-01   6.931994e-03   8.917965e-01
   4.745571e-03   2.050427e+00   2.423932e+00   5.870850e+00     3.4926e-01   6.925682e-03   8.884930e-01
   4.763447e-03   2.048351e+00   2.420200e+00   5.862428e+00     3.4940e-01   6.915167e-03   8.852735e-01
   4.781323e-03   2.046277e+00   2.416330e+00   5.860300e+00     3.4918e-01   6.869485e-03   8.822872e-01
   4.799198e-03   2.044207e+00   2.412635e+00   5.851396e+00     3.4935e-01   6.863224e-03   8.792444e-01
   4.817074e-03   2.042141e+00   2.408779e+00   5.850045e+00     3.4908e-01   6.814581e-03   8.764261e-01
   4.834950e-03   2.040079e+00   2.405099e+00   5.840735e+00     3.4928e-01   6.812270e-03   8.735817e-01
   4.852826e-03   2.038021e+00   2.401393e+00   5.832275e+00     3.4944e-01   6.805500e-03   8.707949e-01
   4.870701e-03   2.035966e+00   2.397575e+00   5.830323e+00     3.4920e-01   6.762791e-03   8.682495e-01
   4.888577e-03   2.033917e+00   2.393908e+00   5.821555e+00     3.4938e-01   6.759181e-03   8.656298e-01
   4.906453e-03   2.031872e+00   2.390099e+00   5.820094e+00     3.4911e-01   6.715055e-03   8.632310e-01
   4.924329e-03   2.029831e+00   2.386461e+00   5.811008e+00     3.4931e-01   6.714718e-03   8.607845e-01
   4.942204e-03   2.027795e+00   2.382671e+00   5.810005e+00     3.4902e-01   6.669263e-03   8.585169e-01
   4.960080e-03   2.025764e+00   2.379047e+00   5.800577e+00     3.4923e-01   6.672294e-03   8.562398e-01
   4.977956e-03   2.023738e+00   2.375397e+00   5.792209e+00     3.4939e-01   6.669595e-03   8.539994e-01
   4.995832e-03   2.021718e+00   2.371659e+00   5.790339e+00     3.4915e-01   6.631405e-03   8.519846e-01
   5.013707e-03   2.019702e+00   2.368039e+00   5.781697e+00     3.4933e-01   6.631487e-03   8.498837e-01
   5.031583e-03   2.017692e+00   2.364318e+00   5.780187e+00     3.4907e-01   6.592579e-03   8.480055e-01
   5.049459e-03   2.015688e+00   2.360727e+00   5.771359e+00     3.4926e-01   6.594973e-03   8.460493e-01
   5.067335e-03   2.013689e+00   2.357024e+00   5.770091e+00     3.4899e-01   6.555919e-03   8.442936e-01
   5.085210e-03   2.011696e+00   2.353458e+00   5.761086e+00     3.4919e-01   6.560535e-03   8.424770e-01
   5.103086e-03   2.009709e+00   2.349777e+00   5.760035e+00     3.4891e-01   6.521461e-03   8.408404e-01
   5.120962e-03   2.007727e+00   2.346235e+00   5.750914e+00     3.4911e-01   6.527917e-03   8.391588e-01
   5.138838e-03   2.005752e+00   2.342579e+00   5.750014e+00     3.4883e-01   6.489168e-03   8.376373e-01
   5.156713e-03   2.003783e+00   2.339059e+00   5.740798e+00     3.4904e-01   6.497300e-03   8.360835e-01
   5.174589e-03   2.001820e+00   2.335428e+00   5.740004e+00     3.4875e-01   6.459116e-03   8.346756e-01
   5.192465e-03   1.999863e+00   2.331931e+00   5.730746e+00     3.4897e-01   6.468572e-03   8.332430e-01
   5.210341e-03   1.997913e+00   2.328326e+00   5.730002e+00     3.4868e-01   6.431255e-03   8.319468e-01
   5.228216e-03   1.995969e+00   2.324851e+00   5.720725e+00     3.4890e-01   6.441857e-03   8.306278e-01
   5.246092e-03   1.994032e+00   2.321273e+00   5.720001e+00     3.4861e-01   6.405558e-03   8.294423e-01
   5.263968e-03   1.992101e+00   2.317822e+00   5.710764e+00     3.4883e-01   6.416943e-03   8.282307e-01
   5.281844e-03   1.990177e+00   2.314271e+00   5.710007e+00     3.4854e-01   6.381940e-03   8.271542e-01
   5.299719e-03   1.988259e+00   2.310843e+00   5.700837e+00     3.4877e-01   6.393901e-03   8.260429e-01
   5.317595e-03   1.986349e+00   2.307321e+00   5.700021e+00     3.4848e-01   6.360333e-03   8.250745e-01
   5.335471e-03   1.984445e+00   2.303919e+00   5.690998e+00     3.4870e-01   6.372398e-03   8.240584e-01
   5.353347e-03   1.982549e+00   2.300426e+00   5.690051e+00     3.4842e-01   6.340632e-03   8.231955e-01
   5.371222e-03   1.980659e+00   2.297047e+00   5.681165e+00     3.4864e-01   6.352801e-03   8.222662e-01
   5.389098e-03   1.978776e+00   2.293588e+00   5.680114e+00     3.4837e-01   6.322688e-03   8.215094e-01
   5.406974e-03   1.976901e+00   2.290233e+00   5.671463e+00     3.4857e-01   6.334402e-03   8.206648e-01
   5.424850e-03   1.975032e+00   2.286810e+00   5.670229e+00     3.4832e-01   6.306339e-03   8.200081e-01
   5.442725e-03   1.973171e+00   2.283477e+00   5.661863e+00     3.4850e-01   6.317322e-03   8.192474e-01
   5.460601e-03   1.971317e+00   2.280079e+00   5.660394e+00     3.4826e-01   6.291526e-03   8.186836e-01
   5.478477e-03   1.969470e+00   2.276779e+00   5.652378e+00     3.4843e-01   6.301462e-03   8.180111e-01
   5.496353e-03   1.967631e+00   2.273396e+00   5.650675e+00     3.4821e-01   6.277846e-03   8.175292e-01
   5.514228e-03   1.965799e+00   2.270028e+00   5.650011e+00     3.4793e-01   6.248752e-03   8.170591e-01
   5.532104e-03   1.963974e+00   2.266775e+00   5.641069e+00     3.4816e-01   6.265268e-03   8.165386e-01
   5.549980e-03   1.962157e+00   2.263445e+00   5.640106e+00     3.4789e-01   6.238835e-03   8.161690e-01
   5.567856e-03   1.960347e+00   2.260215e+00   5.631562e+00     3.4810e-01   6.253821e-03   8.157064e-01
   5.585731e-03   1.958545e+00   2.256923e+00   5.630319e+00     3.4786e-01   6.229905e-03   8.154321e-01
   5.603607e-03   1.956750e+00   2.253721e+00   5.622307e+00     3.4803e-01   6.242738e-03   8.150416e-01
   5.621483e-03   1.954963e+00   2.250438e+00   5.620699e+00     3.4781e-01   6.221642e-03   8.148408e-01
   5.639359e-03   1.953183e+00   2.247177e+00   5.620033e+00     3.4754e-01   6.195610e-03   8.146516e-01
   5.657234e-03   1.951411e+00   2.244024e+00   5.611295e+00     3.4776e-01   6.213753e-03   8.143934e-01
   5.675110e-03   1.949647e+00   2.240809e+00   5.610223e+00     3.4752e-01   6.190912e-03   8.142991e-01
   5.692986e-03   1.947891e+00   2.237676e+00   5.602110e+00     3.4771e-01   6.206262e-03   8.140936e-01
   5.710862e-03   1.946142e+00   2.234470e+00   5.600628e+00     3.4749e-01   6.186494e-03   8.140755e-01
   5.728737e-03   1.944400e+00   2.231283e+00   5.600026e+00     3.4721e-01   6.162085e-03   8.140633e-01
   5.746613e-03   1.942667e+00   2.228204e+00   5.591333e+00     3.4744e-01   6.181876e-03   8.139809e-01
   5.764489e-03   1.940941e+00   2.225064e+00   5.590267e+00     3.4720e-01   6.160943e-03   8.140611e-01
   5.782365e-03   1.939223e+00   2.222007e+00   5.582309e+00     3.4739e-01   6.177295e-03   8.140246e-01
   5.800240e-03   1.937513e+00   2.218873e+00   5.580816e+00     3.4717e-01   6.159453e-03   8.141727e-01
   5.818116e-03   1.935810e+00   2.215767e+00   5.580087e+00     3.4691e-01   6.137673e-03   8.143351e-01
   5.835992e-03   1.934116e+00   2.212762e+00   5.571740e+00     3.4713e-01   6.157298e-03   8.144054e-01
   5.853868e-03   1.932429e+00   2.209683e+00   5.570478e+00     3.4691e-01   6.139272e-03   8.146487e-01
   5.871743e-03   1.930750e+00   2.206613e+00   5.570013e+00     3.4663e-01   6.117011e-03   8.148896e-01
   5.889619e-03   1.929079e+00   2.203654e+00   5.561293e+00     3.4688e-01   6.139807e-03   8.150653e-01
   5.907495e-03   1.927415e+00   2.200633e+00   5.560296e+00     3.4664e-01   6.121350e-03   8.153968e-01
   5.925371e-03   1.925760e+00   2.197700e+00   5.552501e+00     3.4683e-01   6.139589e-03   8.156063e-01
   5.943246e-03   1.924112e+00   2.194685e+00   5.551023e+00     3.4662e-01   6.124421e-03   8.159944e-01
   5.961122e-03   1.922472e+00   2.191711e+00   5.550200e+00     3.4638e-01   6.105979e-03   8.164067e-01
   5.978998e-03   1.920840e+00   2.188821e+00   5.542246e+00     3.4658e-01   6.126082e-03   8.167032e-01
   5.996874e-03   1.919216e+00   2.185854e+00   5.540869e+00     3.4637e-01   6.111361e-03   8.171780e-01
   6.014749e-03   1.917600e+00   2.182920e+00   5.540148e+00     3.4613e-01   6.093294e-03   8.176690e-01
   6.032625e-03   1.915992e+00   2.180080e+00   5.532121e+00     3.4634e-01   6.114770e-03   8.180494e-01
   6.050501e-03   1.914391e+00   2.177161e+00   5.530844e+00     3.4613e-01   6.100463e-03   8.186067e-01
   6.068377e-03   1.912798e+00   2.174270e+00   5.530137e+00     3.4589e-01   6.083228e-03   8.191746e-01
   6.086253e-03   1.911213e+00   2.171476e+00   5.522137e+00     3.4610e-01   6.105508e-03   8.196354e-01
   6.104128e-03   1.909636e+00   2.168601e+00   5.520845e+00     3.4590e-01   6.092172e-03   8.202672e-01
   6.122004e-03   1.908067e+00   2.165758e+00   5.520153e+00     3.4565e-01   6.075770e-03   8.209135e-01
   6.139880e-03   1.906506e+00   2.163008e+00   5.512220e+00     3.4587e-01   6.098567e-03   8.214453e-01
   6.157756e-03   1.904952e+00   2.160179e+00   5.510964e+00     3.4567e-01   6.085922e-03   8.221529e-01
   6.175631e-03   1.903407e+00   2.157385e+00   5.510222e+00     3.4543e-01   6.070688e-03   8.228758e-01
   6.193507e-03   1.901869e+00   2.154678e+00   5.502482e+00     3.4564e-01   6.093317e-03   8.234798e-01
   6.211383e-03   1.900339e+00   2.151893e+00   5.501170e+00     3.4544e-01   6.081793e-03   8.242528e-01
   6.229259e-03   1.898816e+00   2.149146e+00   5.500347e+00     3.4522e-01   6.067876e-03   8.250510e-01
   6.247134e-03   1.897302e+00   2.146382e+00   5.500006e+00     3.4496e-01   6.051373e-03   8.258407e-01
   6.265010e-03   1.895795e+00   2.143742e+00   5.491484e+00     3.4522e-01   6.079578e-03   8.265584e-01
   6.282886e-03   1.894296e+00   2.141030e+00   5.490535e+00     3.4501e-01   6.067195e-03   8.274284e-01
   6.300762e-03   1.892805e+00   2.138321e+00   5.490063e+00     3.4477e-01   6.052288e-03   8.282958e-01
   6.318637e-03   1.891322e+00   2.135726e+00   5.481924e+00     3.4501e-01   6.079117e-03   8.290623e-01
   6.336513e-03   1.889846e+00   2.133052e+00   5.480844e+00     3.4481e-01   6.068248e-03   8.299980e-01
   6.354389e-03   1.888378e+00   2.130402e+00   5.480204e+00     3.4458e-01   6.055132e-03   8.309424e-01
   6.372265e-03   1.886918e+00   2.127847e+00   5.472560e+00     3.4480e-01   6.080013e-03   8.317646e-01
   6.390140e-03   1.885466e+00   2.125213e+00   5.471344e+00     3.4461e-01   6.070587e-03   8.327537e-01
   6.408016e-03   1.884021e+00   2.122608e+00   5.470491e+00     3.4440e-01   6.059460e-03   8.337688e-01
   6.425892e-03   1.882584e+00   2.119998e+00   5.470060e+00     3.4416e-01   6.046093e-03   8.347808e-01
   6.443768e-03   1.881154e+00   2.117508e+00   5.461996e+00     3.4441e-01   6.074365e-03   8.356887e-01
   6.461643e-03   1.879732e+00   2.114937e+00   5.460962e+00     3.4421e-01   6.064977e-03   8.367650e-01
   6.479519e-03   1.878318e+00   2.112393e+00   5.460298e+00     3.4400e-01   6.053725e-03   8.378524e-01
   6.497395e-03   1.876911e+00   2.109838e+00   5.460012e+00     3.4376e-01   6.040451e-03   8.389328e-01
   6.515271e-03   1.875512e+00   2.107407e+00   5.451704e+00     3.4402e-01   6.071175e-03   8.399303e-01
   6.533146e-03   1.874121e+00   2.104899e+00   5.450784e+00     3.4383e-01   6.062088e-03   8.410808e-01
   6.551022e-03   1.872737e+00   2.102401e+00   5.450198e+00     3.4361e-01   6.051289e-03   8.422363e-01
   6.568898e-03   1.871361e+00   2.099913e+00   5.450001e+00     3.4337e-01   6.038404e-03   8.433862e-01
   6.586774e-03   1.869992e+00   2.097538e+00   5.441559e+00     3.4365e-01   6.070907e-03   8.444626e-01
   6.604649e-03   1.868630e+00   2.095087e+00   5.440672e+00     3.4346e-01   6.062517e-03   8.456826e-01
   6.622525e-03   1.867277e+00   2.092644e+00   5.440177e+00     3.4324e-01   6.052091e-03   8.469078e-01
   6.640401e-03   1.865930e+00   2.090312e+00   5.432663e+00     3.4347e-01   6.080033e-03   8.480110e-01
   6.658277e-03   1.864591e+00   2.087896e+00   5.431520e+00     3.4329e-01   6.073624e-03   8.492690e-01
   6.676152e-03   1.863260e+00   2.085505e+00   5.430703e+00     3.4310e-01   6.065721e-03   8.505594e-01
   6.694028e-03   1.861936e+00   2.083118e+00   5.430214e+00     3.4288e-01   6.056121e-03   8.518529e-01
   6.711904e-03   1.860619e+00   2.080744e+00   5.430005e+00     3.4266e-01   6.045022e-03   8.531405e-01
   6.729780e-03   1.859309e+00   2.078483e+00   5.421673e+00     3.4294e-01   6.078747e-03   8.543408e-01
   6.747655e-03   1.858007e+00   2.076146e+00   5.420859e+00     3.4275e-01   6.071658e-03   8.556962e-01
   6.765531e-03   1.856713e+00   2.073819e+00   5.420300e+00     3.4255e-01   6.063282e-03   8.570567e-01
   6.783407e-03   1.855425e+00   2.071496e+00   5.420032e+00     3.4233e-01   6.053346e-03   8.584128e-01
   6.801283e-03   1.854145e+00   2.069294e+00   5.412029e+00     3.4260e-01   6.086098e-03   8.596660e-01
   6.819158e-03   1.852872e+00   2.067009e+00   5.411118e+00     3.4242e-01   6.080306e-03   8.610772e-01
   6.837034e-03   1.851606e+00   2.064748e+00   5.410477e+00     3.4223e-01   6.073197e-03   8.625035e-01
   6.854910e-03   1.850348e+00   2.062472e+00   5.410124e+00     3.4202e-01   6.064569e-03   8.639284e-01
   6.872786e-03   1.849096e+00   2.060326e+00   5.402590e+00     3.4226e-01   6.095557e-03   8.652354e-01
   6.890661e-03   1.847852e+00   2.058094e+00   5.401586e+00     3.4209e-01   6.090969e-03   8.666933e-01
   6.908537e-03   1.846615e+00   2.055882e+00   5.400825e+00     3.4191e-01   6.085297e-03   8.681784e-01
   6.926413e-03   1.845385e+00   2.053672e+00   5.400333e+00     3.4172e-01   6.078249e-03   8.696704e-01
   6.944289e-03   1.844163e+00   2.051472e+00   5.400060e+00     3.4151e-01   6.070040e-03   8.711586e-01
   6.962164e-03   1.842947e+00   2.049394e+00   5.392239e+00     3.4178e-01   6.103678e-03   8.725333e-01
   6.980040e-03   1.841738e+00   2.047232e+00   5.391367e+00     3.4161e-01   6.099322e-03   8.740682e-01
   6.997916e-03   1.840536e+00   2.045090e+00   5.390693e+00     3.4143e-01   6.094051e-03   8.756204e-01
   7.015792e-03   1.839342e+00   2.042938e+00   5.390261e+00     3.4123e-01   6.087534e-03   8.771764e-01
   7.033667e-03   1.838154e+00   2.040807e+00   5.390042e+00     3.4103e-01   6.079878e-03   8.787290e-01
   7.051543e-03   1.836973e+00   2.038801e+00   5.382271e+00     3.4130e-01   6.114308e-03   8.801772e-01
   7.069419e-03   1.835799e+00   2.036703e+00   5.381391e+00     3.4114e-01   6.110825e-03   8.817703e-01
   7.087295e-03   1.834632e+00   2.034626e+00   5.380724e+00     3.4096e-01   6.106356e-03   8.833838e-01
   7.105170e-03   1.833472e+00   2.032537e+00   5.380304e+00     3.4077e-01   6.100614e-03   8.850030e-01
   7.123046e-03   1.832319e+00   2.030470e+00   5.380061e+00     3.4058e-01   6.093931e-03   8.866193e-01
   7.140922e-03   1.831172e+00   2.028530e+00   5.372456e+00     3.4084e-01   6.128400e-03   8.881254e-01
   7.158798e-03   1.830033e+00   2.026497e+00   5.371571e+00     3.4069e-01   6.125739e-03   8.897740e-01
   7.176673e-03   1.828900e+00   2.024483e+00   5.370912e+00     3.4052e-01   6.122043e-03   8.914475e-01
   7.194549e-03   1.827773e+00   2.022462e+00   5.370443e+00     3.4034e-01   6.117394e-03   8.931281e-01
   7.212425e-03   1.826654e+00   2.020454e+00   5.370140e+00     3.4015e-01   6.111876e-03   8.948076e-01
   7.230301e-03   1.825541e+00   2.018474e+00   5.370007e+00     3.3995e-01   6.105462e-03   8.964859e-01
   7.248176e-03   1.824435e+00   2.016610e+00   5.362006e+00     3.4025e-01   6.143351e-03   8.980662e-01
   7.266052e-03   1.823336e+00   2.014656e+00   5.361279e+00     3.4009e-01   6.140783e-03   8.997906e-01
   7.283928e-03   1.822243e+00   2.012710e+00   5.360732e+00     3.3992e-01   6.137359e-03   9.015289e-01
   7.301804e-03   1.821156e+00   2.010757e+00   5.360312e+00     3.3975e-01   6.133308e-03   9.032698e-01
   7.319679e-03   1.820077e+00   2.008830e+00   5.360086e+00     3.3956e-01   6.128219e-03   9.050104e-01
   7.355431e-03   1.817937e+00   2.005138e+00   5.351869e+00     3.3968e-01   6.162152e-03   9.083951e-01
   7.373307e-03   1.816876e+00   2.003259e+00   5.351226e+00     3.3953e-01   6.159998e-03   9.101835e-01
   7.391182e-03   1.815823e+00   2.001378e+00   5.350717e+00     3.3936e-01   6.157218e-03   9.119818e-01
   7.409058e-03   1.814775e+00   1.999502e+00   5.350356e+00     3.3919e-01   6.153684e-03   9.137832e-01
   7.426934e-03   1.813734e+00   1.997648e+00   5.350111e+00     3.3901e-01   6.149554e-03   9.155836e-01
   7.444810e-03   1.812700e+00   1.995819e+00   5.350005e+00     3.3882e-01   6.144704e-03   9.173841e-01
   7.462685e-03   1.811671e+00   1.994104e+00   5.342076e+00     3.3913e-01   6.184332e-03   9.190833e-01
   7.480561e-03   1.810650e+00   1.992295e+00   5.341405e+00     3.3898e-01   6.183138e-03   9.209228e-01
   7.498437e-03   1.809634e+00   1.990486e+00   5.340875e+00     3.3883e-01   6.181294e-03   9.227766e-01
   7.516313e-03   1.808625e+00   1.988680e+00   5.340470e+00     3.3866e-01   6.178837e-03   9.246357e-01
   7.534188e-03   1.807621e+00   1.986895e+00   5.340212e+00     3.3849e-01   6.175605e-03   9.264959e-01
   7.552064e-03   1.806624e+00   1.985131e+00   5.340046e+00     3.3832e-01   6.171912e-03   9.283551e-01
   7.569940e-03   1.805634e+00   1.983492e+00   5.332538e+00     3.3861e-01   6.210089e-03   9.300966e-01
   7.587816e-03   1.804649e+00   1.981752e+00   5.331859e+00     3.3847e-01   6.209685e-03   9.319822e-01
   7.605691e-03   1.803671e+00   1.980024e+00   5.331291e+00     3.3832e-01   6.208820e-03   9.338851e-01
   7.623567e-03   1.802698e+00   1.978285e+00   5.330808e+00     3.3817e-01   6.207582e-03   9.357965e-01
   7.641443e-03   1.801732e+00   1.976563e+00   5.330463e+00     3.3801e-01   6.205655e-03   9.377130e-01
   7.659319e-03   1.800772e+00   1.974860e+00   5.330205e+00     3.3784e-01   6.203283e-03   9.396299e-01
   7.677194e-03   1.799817e+00   1.973176e+00   5.330049e+00     3.3767e-01   6.200395e-03   9.415466e-01
   7.695070e-03   1.798869e+00   1.971513e+00   5.330001e+00     3.3750e-01   6.196960e-03   9.434650e-01
   7.712946e-03   1.797927e+00   1.969956e+00   5.322001e+00     3.3783e-01   6.239330e-03   9.452814e-01
   7.730822e-03   1.796991e+00   1.968306e+00   5.321451e+00     3.3769e-01   6.239195e-03   9.472363e-01
   7.748697e-03   1.796060e+00   1.966646e+00   5.320986e+00     3.3754e-01   6.238691e-03   9.492009e-01
   7.766573e-03   1.795136e+00   1.965001e+00   5.320604e+00     3.3739e-01   6.237801e-03   9.511706e-01
   7.784449e-03   1.794217e+00   1.963374e+00   5.320333e+00     3.3724e-01   6.236346e-03   9.531429e-01
   7.802325e-03   1.793304e+00   1.961764e+00   5.320133e+00     3.3708e-01   6.234542e-03   9.551151e-01
   7.820200e-03   1.792397e+00   1.960172e+00   5.320026e+00     3.3692e-01   6.232265e-03   9.570879e-01
   7.838076e-03   1.791496e+00   1.958700e+00   5.312535e+00     3.3722e-01   6.272716e-03   9.589456e-01
   7.855952e-03   1.790601e+00   1.957124e+00   5.311894e+00     3.3709e-01   6.273822e-03   9.609355e-01
   7.873828e-03   1.789711e+00   1.955550e+00   5.311433e+00     3.3695e-01   6.274078e-03   9.629479e-01
   7.891703e-03   1.788827e+00   1.953979e+00   5.311002e+00     3.3682e-01   6.274254e-03   9.649654e-01
   7.909579e-03   1.787948e+00   1.952422e+00   5.310641e+00     3.3667e-01   6.274111e-03   9.669876e-01
   7.927455e-03   1.787076e+00   1.950881e+00   5.310384e+00     3.3652e-01   6.273441e-03   9.690130e-01
   7.945331e-03   1.786209e+00   1.949355e+00   5.310189e+00     3.3637e-01   6.272474e-03   9.710386e-01
   7.963206e-03   1.785347e+00   1.947846e+00   5.310060e+00     3.3622e-01   6.271176e-03   9.730645e-01
   7.981082e-03   1.784491e+00   1.946351e+00   5.310002e+00     3.3606e-01   6.269534e-03   9.750918e-01
   7.998958e-03   1.783641e+00   1.944968e+00   5.302232e+00     3.3639e-01   6.312921e-03   9.770027e-01
   8.016834e-03   1.782796e+00   1.943479e+00   5.301748e+00     3.3627e-01   6.314109e-03   9.790573e-01
   8.034709e-03   1.781956e+00   1.941993e+00   5.301345e+00     3.3613e-01   6.314945e-03   9.811223e-01
   8.052585e-03   1.781122e+00   1.940517e+00   5.300962e+00     3.3600e-01   6.315745e-03   9.831911e-01
   8.070461e-03   1.780294e+00   1.939054e+00   5.300631e+00     3.3586e-01   6.316322e-03   9.852636e-01
   8.088337e-03   1.779471e+00   1.937606e+00   5.300397e+00     3.3572e-01   6.316406e-03   9.873394e-01
   8.106212e-03   1.778653e+00   1.936173e+00   5.300227e+00     3.3558e-01   6.316176e-03   9.894157e-01
   8.124088e-03   1.777841e+00   1.934752e+00   5.300093e+00     3.3544e-01   6.315789e-03   9.914921e-01
   8.141964e-03   1.777034e+00   1.933345e+00   5.300019e+00     3.3529e-01   6.315106e-03   9.935694e-01
   8.159840e-03   1.776232e+00   1.932059e+00   5.292580e+00     3.3561e-01   6.357795e-03   9.955285e-01
   8.177715e-03   1.775436e+00   1.930657e+00   5.292088e+00     3.3549e-01   6.359840e-03   9.976212e-01
   8.195591e-03   1.774644e+00   1.929259e+00   5.291620e+00     3.3537e-01   6.361864e-03   9.997225e-01
   8.213467e-03   1.773858e+00   1.927873e+00   5.291253e+00     3.3524e-01   6.363409e-03   1.001835e+00
   8.231343e-03   1.773078e+00   1.926499e+00   5.290953e+00     3.3511e-01   6.364646e-03   1.003954e+00
   8.249218e-03   1.772302e+00   1.925137e+00   5.290683e+00     3.3499e-01   6.365777e-03   1.006074e+00
   8.267094e-03   1.771532e+00   1.923786e+00   5.290460e+00     3.3485e-01   6.366688e-03   1.008196e+00
   8.284970e-03   1.770766e+00   1.922446e+00   5.290269e+00     3.3472e-01   6.367474e-03   1.010318e+00
   8.302846e-03   1.770006e+00   1.921120e+00   5.290141e+00     3.3459e-01   6.367943e-03   1.012442e+00
   8.320721e-03   1.769251e+00   1.919806e+00   5.290051e+00     3.3445e-01   6.368238e-03   1.014566e+00
   8.338597e-03   1.768501e+00   1.918506e+00   5.290009e+00     3.3431e-01   6.368316e-03   1.016691e+00
   8.356473e-03   1.767756e+00   1.917311e+00   5.282423e+00     3.3465e-01   6.413260e-03   1.018690e+00
   8.374349e-03   1.767016e+00   1.916011e+00   5.282060e+00     3.3453e-01   6.415528e-03   1.020835e+00
   8.392224e-03   1.766281e+00   1.914719e+00   5.281658e+00     3.3442e-01   6.418100e-03   1.022981e+00
   8.410100e-03   1.765551e+00   1.913437e+00   5.281337e+00     3.3430e-01   6.420291e-03   1.025137e+00
   8.427976e-03   1.764825e+00   1.912165e+00   5.281056e+00     3.3418e-01   6.422319e-03   1.027296e+00
   8.445852e-03   1.764105e+00   1.910903e+00   5.280810e+00     3.3406e-01   6.424206e-03   1.029458e+00
   8.463727e-03   1.763390e+00   1.909653e+00   5.280598e+00     3.3394e-01   6.425950e-03   1.031621e+00
   8.481603e-03   1.762679e+00   1.908413e+00   5.280423e+00     3.3381e-01   6.427534e-03   1.033785e+00
   8.499479e-03   1.761973e+00   1.907184e+00   5.280274e+00     3.3369e-01   6.429012e-03   1.035950e+00
   8.517355e-03   1.761272e+00   1.905967e+00   5.280159e+00     3.3356e-01   6.430344e-03   1.038115e+00
   8.535230e-03   1.760576e+00   1.904761e+00   5.280070e+00     3.3344e-01   6.431573e-03   1.040280e+00
   8.553106e-03   1.759885e+00   1.903566e+00   5.280018e+00     3.3331e-01   6.432635e-03   1.042446e+00
   8.570982e-03   1.759198e+00   1.902473e+00   5.272675e+00     3.3364e-01   6.477558e-03   1.044483e+00
   8.588858e-03   1.758516e+00   1.901279e+00   5.272270e+00     3.3354e-01   6.480938e-03   1.046655e+00
   8.606733e-03   1.757838e+00   1.900094e+00   5.271974e+00     3.3343e-01   6.483797e-03   1.048841e+00
   8.624609e-03   1.757166e+00   1.898918e+00   5.271672e+00     3.3332e-01   6.486754e-03   1.051028e+00
   8.642485e-03   1.756498e+00   1.897751e+00   5.271407e+00     3.3321e-01   6.489562e-03   1.053220e+00
   8.660361e-03   1.755834e+00   1.896592e+00   5.271120e+00     3.3310e-01   6.492565e-03   1.055412e+00
   8.678236e-03   1.755175e+00   1.895443e+00   5.270919e+00     3.3299e-01   6.495125e-03   1.057609e+00
   8.696112e-03   1.754521e+00   1.894304e+00   5.270728e+00     3.3288e-01   6.497676e-03   1.059807e+00
   8.713988e-03   1.753871e+00   1.893175e+00   5.270555e+00     3.3277e-01   6.500167e-03   1.062005e+00
   8.731864e-03   1.753226e+00   1.892055e+00   5.270412e+00     3.3265e-01   6.502532e-03   1.064204e+00
   8.749739e-03   1.752585e+00   1.890945e+00   5.270290e+00     3.3254e-01   6.504823e-03   1.066403e+00
   8.767615e-03   1.751949e+00   1.889845e+00   5.270195e+00     3.3243e-01   6.506997e-03   1.068602e+00
   8.785491e-03   1.751317e+00   1.888755e+00   5.270117e+00     3.3231e-01   6.509118e-03   1.070801e+00
   8.803367e-03   1.750689e+00   1.887674e+00   5.270055e+00     3.3220e-01   6.511192e-03   1.073000e+00
   8.821242e-03   1.750066e+00   1.886602e+00   5.270020e+00     3.3208e-01   6.513150e-03   1.075199e+00
   8.839118e-03   1.749447e+00   1.885540e+00   5.270002e+00     3.3196e-01   6.515054e-03   1.077399e+00
   8.856994e-03   1.748833e+00   1.884546e+00   5.262440e+00     3.3232e-01   6.563092e-03   1.079472e+00
   8.874870e-03   1.748223e+00   1.883484e+00   5.262158e+00     3.3223e-01   6.566815e-03   1.081681e+00
   8.892745e-03   1.747617e+00   1.882431e+00   5.261898e+00     3.3213e-01   6.570475e-03   1.083893e+00
   8.910621e-03   1.747015e+00   1.881384e+00   5.261619e+00     3.3203e-01   6.574307e-03   1.086106e+00
   8.928497e-03   1.746418e+00   1.880348e+00   5.261436e+00     3.3193e-01   6.577634e-03   1.088326e+00
   8.946373e-03   1.745825e+00   1.879319e+00   5.261255e+00     3.3183e-01   6.581000e-03   1.090546e+00
   8.964248e-03   1.745236e+00   1.878297e+00   5.261032e+00     3.3173e-01   6.584667e-03   1.092764e+00
   8.982124e-03   1.744651e+00   1.877286e+00   5.260893e+00     3.3163e-01   6.587885e-03   1.094986e+00
   9.000000e-03   1.744071e+00   1.876282e+00   5.260751e+00     3.3153e-01   6.591160e-03   1.097207e+00
