           rhoc              M             Mb              R              C             kl            lam
   3.302605e-04   1.496453e-01   1.510335e-01   1.427436e+01     1.0484e-02   5.800660e-03   3.053895e+07
   3.481363e-04   1.633273e-01   1.650145e-01   1.308316e+01     1.2484e-02   8.980815e-03   1.974669e+07
   3.660120e-04   1.782495e-01   1.802950e-01   1.218272e+01     1.4631e-02   1.298914e-02   1.291424e+07
   3.838878e-04   1.945286e-01   1.970034e-01   1.148192e+01     1.6942e-02   1.782035e-02   8.510973e+06
   4.017635e-04   2.122883e-01   2.152765e-01   1.091317e+01     1.9452e-02   2.356716e-02   5.640793e+06
   4.196393e-04   2.316364e-01   2.352374e-01   1.048203e+01     2.2098e-02   2.969731e-02   3.756813e+06
   4.375150e-04   2.526647e-01   2.569945e-01   1.011370e+01     2.4982e-02   3.669827e-02   2.514093e+06
   4.553908e-04   2.754590e-01   2.806501e-01   9.819075e+00     2.8053e-02   4.406536e-02   1.690730e+06
   4.732665e-04   3.000968e-01   3.063087e-01   9.600243e+00     3.1259e-02   5.116748e-02   1.142897e+06
   4.911423e-04   3.266293e-01   3.340377e-01   9.402249e+00     3.4739e-02   5.896470e-02   7.769334e+05
   5.268938e-04   3.854314e-01   3.958539e-01   9.130140e+00     4.2215e-02   7.364432e-02   3.661841e+05
   5.447695e-04   4.176826e-01   4.299719e-01   9.031802e+00     4.6246e-02   8.064829e-02   2.541815e+05
   5.626453e-04   4.517913e-01   4.662181e-01   8.953246e+00     5.0461e-02   8.728206e-02   1.778472e+05
   5.805210e-04   4.877013e-01   5.045583e-01   8.900156e+00     5.4797e-02   9.299110e-02   1.254783e+05
   5.983968e-04   5.253350e-01   5.449410e-01   8.860026e+00     5.9293e-02   9.816131e-02   8.929817e+04
   6.162725e-04   5.645948e-01   5.872911e-01   8.823206e+00     6.3990e-02   1.031861e-01   6.411763e+04
   6.341483e-04   6.053649e-01   6.315055e-01   8.802059e+00     6.8775e-02   1.072294e-01   4.645770e+04
   6.520240e-04   6.475129e-01   6.774701e-01   8.791123e+00     7.3655e-02   1.104718e-01   3.397345e+04
   6.877756e-04   7.353301e-01   7.740845e-01   8.790270e+00     8.3653e-02   1.148052e-01   1.868398e+04
   7.056513e-04   7.806321e-01   8.243795e-01   8.791637e+00     8.8793e-02   1.163622e-01   1.405521e+04
   7.235271e-04   8.266029e-01   8.757308e-01   8.800870e+00     9.3923e-02   1.170406e-01   1.067551e+04
   7.414028e-04   8.730516e-01   9.279473e-01   8.811052e+00     9.9086e-02   1.172911e-01   8.186783e+03
   7.592786e-04   9.197928e-01   9.808327e-01   8.821718e+00     1.0426e-01   1.171522e-01   6.338334e+03
   7.771543e-04   9.666490e-01   1.034195e+00   8.833074e+00     1.0944e-01   1.166257e-01   4.953568e+03
   7.950301e-04   1.013451e+00   1.087837e+00   8.850296e+00     1.1451e-01   1.153957e-01   3.907270e+03
   8.129058e-04   1.059988e+00   1.141544e+00   8.862254e+00     1.1961e-01   1.142197e-01   3.110758e+03
   8.307816e-04   1.105926e+00   1.194897e+00   8.880071e+00     1.2454e-01   1.124102e-01   2.501305e+03
   8.486573e-04   1.150900e+00   1.247488e+00   8.890689e+00     1.2945e-01   1.108329e-01   2.032668e+03
   8.665331e-04   1.194548e+00   1.298863e+00   8.901698e+00     1.3419e-01   1.090362e-01   1.670416e+03
   8.844088e-04   1.236530e+00   1.348589e+00   8.912569e+00     1.3874e-01   1.070894e-01   1.388822e+03
   9.022846e-04   1.276540e+00   1.396271e+00   8.922411e+00     1.4307e-01   1.050820e-01   1.168625e+03
   9.201603e-04   1.314325e+00   1.441564e+00   8.931629e+00     1.4715e-01   1.030243e-01   9.953785e+02
   9.380361e-04   1.349683e+00   1.484185e+00   8.940515e+00     1.5096e-01   1.009340e-01   8.582233e+02
   9.559118e-04   1.382486e+00   1.523956e+00   8.943154e+00     1.5459e-01   9.917109e-02   7.489329e+02
   9.737876e-04   1.412853e+00   1.560931e+00   8.950412e+00     1.5785e-01   9.714653e-02   6.607940e+02
   9.916633e-04   1.441057e+00   1.595454e+00   8.951158e+00     1.6099e-01   9.547683e-02   5.885681e+02
   1.009539e-03   1.467372e+00   1.627807e+00   8.951970e+00     1.6392e-01   9.380379e-02   5.284708e+02
   1.045291e-03   1.515345e+00   1.687145e+00   8.952148e+00     1.6927e-01   9.053737e-02   4.343260e+02
   1.063166e-03   1.537456e+00   1.714653e+00   8.951474e+00     1.7175e-01   8.894099e-02   3.967073e+02
   1.081042e-03   1.558582e+00   1.741033e+00   8.950670e+00     1.7413e-01   8.734474e-02   3.637260e+02
   1.098918e-03   1.578896e+00   1.766514e+00   8.943858e+00     1.7653e-01   8.602584e-02   3.344988e+02
   1.116794e-03   1.598548e+00   1.791227e+00   8.941809e+00     1.7877e-01   8.445684e-02   3.083483e+02
   1.134669e-03   1.617672e+00   1.815356e+00   8.940266e+00     1.8094e-01   8.284153e-02   2.847451e+02
   1.152545e-03   1.636331e+00   1.839008e+00   8.931801e+00     1.8320e-01   8.151933e-02   2.633348e+02
   1.170421e-03   1.654515e+00   1.862135e+00   8.923780e+00     1.8541e-01   8.015018e-02   2.438955e+02
   1.188297e-03   1.672212e+00   1.884686e+00   8.920476e+00     1.8746e-01   7.855370e-02   2.262348e+02
   1.224048e-03   1.706107e+00   1.928158e+00   8.902245e+00     1.9165e-01   7.584179e-02   1.955616e+02
   1.259800e-03   1.737968e+00   1.969283e+00   8.883263e+00     1.9565e-01   7.314603e-02   1.701191e+02
   1.277675e-03   1.753128e+00   1.988914e+00   8.880000e+00     1.9742e-01   7.155329e-02   1.590503e+02
   1.295551e-03   1.767775e+00   2.007996e+00   8.862962e+00     1.9946e-01   7.052592e-02   1.489421e+02
   1.313427e-03   1.781908e+00   2.026437e+00   8.852304e+00     2.0129e-01   6.925380e-02   1.397036e+02
   1.331303e-03   1.795531e+00   2.044263e+00   8.841635e+00     2.0308e-01   6.799842e-02   1.312521e+02
   1.349178e-03   1.808646e+00   2.061476e+00   8.831062e+00     2.0481e-01   6.675892e-02   1.235135e+02
   1.384930e-03   1.833404e+00   2.094108e+00   8.810045e+00     2.0810e-01   6.434166e-02   1.099008e+02
   1.402806e-03   1.845085e+00   2.109608e+00   8.792720e+00     2.0984e-01   6.341242e-02   1.039003e+02
   1.420681e-03   1.856328e+00   2.124525e+00   8.781328e+00     2.1139e-01   6.228841e-02   9.836565e+01
   1.438557e-03   1.867149e+00   2.138922e+00   8.770408e+00     2.1289e-01   6.116994e-02   9.325041e+01
   1.456433e-03   1.877567e+00   2.152861e+00   8.753437e+00     2.1449e-01   6.028181e-02   8.851389e+01
   1.474309e-03   1.887596e+00   2.166272e+00   8.741588e+00     2.1593e-01   5.923652e-02   8.412098e+01
   1.492184e-03   1.897254e+00   2.179217e+00   8.730380e+00     2.1732e-01   5.819098e-02   8.003925e+01
   1.510060e-03   1.906554e+00   2.191759e+00   8.713055e+00     2.1882e-01   5.736795e-02   7.624035e+01
   1.527936e-03   1.915510e+00   2.203822e+00   8.701126e+00     2.2015e-01   5.638568e-02   7.269962e+01
   1.545812e-03   1.924137e+00   2.215470e+00   8.690095e+00     2.2142e-01   5.539503e-02   6.939408e+01
   1.563687e-03   1.932445e+00   2.226756e+00   8.671859e+00     2.2284e-01   5.465168e-02   6.630363e+01
   1.581563e-03   1.940448e+00   2.237608e+00   8.660381e+00     2.2406e-01   5.371268e-02   6.341040e+01
   1.599439e-03   1.948156e+00   2.248134e+00   8.642593e+00     2.2541e-01   5.298627e-02   6.069784e+01
   1.617315e-03   1.955581e+00   2.258244e+00   8.630652e+00     2.2659e-01   5.209732e-02   5.815174e+01
   1.635190e-03   1.962732e+00   2.268055e+00   8.613189e+00     2.2788e-01   5.139124e-02   5.575876e+01
   1.670942e-03   1.976242e+00   2.286598e+00   8.583189e+00     2.3025e-01   4.987859e-02   5.138848e+01
   1.688818e-03   1.982617e+00   2.295352e+00   8.570958e+00     2.3132e-01   4.906689e-02   4.939121e+01
   1.706693e-03   1.988749e+00   2.303797e+00   8.560007e+00     2.3233e-01   4.823690e-02   4.750709e+01
   1.724569e-03   1.994646e+00   2.311969e+00   8.541029e+00     2.3354e-01   4.764899e-02   4.572825e+01
   1.742445e-03   2.000313e+00   2.319803e+00   8.530001e+00     2.3450e-01   4.685503e-02   4.404743e+01
   1.760321e-03   2.005758e+00   2.327381e+00   8.510969e+00     2.3567e-01   4.629642e-02   4.245787e+01
   1.778196e-03   2.010988e+00   2.334640e+00   8.500000e+00     2.3659e-01   4.553388e-02   4.095344e+01
   1.796072e-03   2.016009e+00   2.341656e+00   8.480953e+00     2.3771e-01   4.500285e-02   3.952843e+01
   1.813948e-03   2.020827e+00   2.348367e+00   8.470003e+00     2.3859e-01   4.427194e-02   3.817766e+01
   1.849699e-03   2.029879e+00   2.361088e+00   8.432844e+00     2.4071e-01   4.325073e-02   3.567975e+01
   1.867575e-03   2.034124e+00   2.367022e+00   8.420728e+00     2.4156e-01   4.259458e-02   3.452424e+01
   1.885451e-03   2.038190e+00   2.372771e+00   8.402697e+00     2.4256e-01   4.210174e-02   3.342560e+01
   1.903327e-03   2.042081e+00   2.378227e+00   8.390674e+00     2.4338e-01   4.147218e-02   3.238063e+01
   1.921202e-03   2.045803e+00   2.383513e+00   8.372705e+00     2.4434e-01   4.100284e-02   3.138576e+01
   1.956954e-03   2.052760e+00   2.393359e+00   8.342475e+00     2.4606e-01   3.996175e-02   2.953499e+01
   1.974830e-03   2.056005e+00   2.397935e+00   8.330532e+00     2.4680e-01   3.938494e-02   2.867357e+01
   1.992705e-03   2.059101e+00   2.402368e+00   8.312503e+00     2.4771e-01   3.896418e-02   2.785130e+01
   2.010581e-03   2.062051e+00   2.406539e+00   8.300568e+00     2.4842e-01   3.841279e-02   2.706614e+01
   2.028457e-03   2.064862e+00   2.410579e+00   8.282548e+00     2.4930e-01   3.801384e-02   2.631574e+01
   2.046333e-03   2.067536e+00   2.414368e+00   8.270603e+00     2.4999e-01   3.748714e-02   2.559834e+01
   2.064208e-03   2.070078e+00   2.418038e+00   8.252667e+00     2.5084e-01   3.710731e-02   2.491189e+01
   2.082084e-03   2.072492e+00   2.421468e+00   8.240706e+00     2.5149e-01   3.660432e-02   2.425488e+01
   2.099960e-03   2.074782e+00   2.424787e+00   8.222952e+00     2.5232e-01   3.624055e-02   2.362548e+01
   2.117836e-03   2.076951e+00   2.427874e+00   8.210852e+00     2.5295e-01   3.576289e-02   2.302244e+01
   2.135711e-03   2.079003e+00   2.430812e+00   8.200007e+00     2.5354e-01   3.526955e-02   2.244417e+01
   2.153587e-03   2.080943e+00   2.433631e+00   8.181130e+00     2.5436e-01   3.495904e-02   2.188942e+01
   2.207214e-03   2.086114e+00   2.441088e+00   8.140182e+00     2.5627e-01   3.374965e-02   2.035442e+01
   2.225090e-03   2.087632e+00   2.443323e+00   8.121931e+00     2.5704e-01   3.346027e-02   1.988221e+01
   2.242966e-03   2.089054e+00   2.445358e+00   8.110430e+00     2.5758e-01   3.304087e-02   1.942816e+01
   2.260842e-03   2.090380e+00   2.447325e+00   8.092578e+00     2.5831e-01   3.275947e-02   1.899124e+01
   2.278717e-03   2.091615e+00   2.449097e+00   8.080896e+00     2.5883e-01   3.236184e-02   1.857078e+01
   2.296593e-03   2.092761e+00   2.450748e+00   8.070043e+00     2.5932e-01   3.195707e-02   1.816587e+01
   2.314469e-03   2.093821e+00   2.452326e+00   8.051552e+00     2.6005e-01   3.171170e-02   1.777578e+01
   2.350220e-03   2.095691e+00   2.455075e+00   8.022283e+00     2.6123e-01   3.109138e-02   1.703738e+01
   2.368096e-03   2.096506e+00   2.456244e+00   8.010853e+00     2.6171e-01   3.073105e-02   1.668781e+01
   2.385972e-03   2.097245e+00   2.457309e+00   8.000044e+00     2.6215e-01   3.036729e-02   1.635050e+01
   2.403848e-03   2.097909e+00   2.458321e+00   7.981679e+00     2.6284e-01   3.015422e-02   1.602489e+01
   2.421723e-03   2.098501e+00   2.459168e+00   7.970429e+00     2.6329e-01   2.981388e-02   1.571051e+01
   2.439599e-03   2.099022e+00   2.459979e+00   7.953036e+00     2.6393e-01   2.959530e-02   1.540676e+01
   2.457475e-03   2.099476e+00   2.460626e+00   7.941426e+00     2.6437e-01   2.927612e-02   1.511334e+01
   2.475351e-03   2.099863e+00   2.461176e+00   7.930335e+00     2.6479e-01   2.895478e-02   1.482967e+01
   2.493226e-03   2.100186e+00   2.461701e+00   7.912774e+00     2.6542e-01   2.875799e-02   1.455532e+01
   2.511102e-03   2.100447e+00   2.462066e+00   7.901287e+00     2.6584e-01   2.845732e-02   1.429002e+01
   2.528978e-03   2.100648e+00   2.462344e+00   7.890329e+00     2.6623e-01   2.815407e-02   1.403328e+01
   2.546854e-03   2.100790e+00   2.462602e+00   7.872928e+00     2.6684e-01   2.797183e-02   1.378472e+01
   2.564729e-03   2.100875e+00   2.462708e+00   7.861455e+00     2.6724e-01   2.769036e-02   1.354414e+01
   2.582605e-03   2.100904e+00   2.462733e+00   7.850471e+00     2.6762e-01   2.740676e-02   1.331109e+01
   2.600481e-03   2.100880e+00   2.462690e+00   7.840020e+00     2.6797e-01   2.712038e-02   1.308530e+01
   2.618357e-03   2.100804e+00   2.462622e+00   7.821871e+00     2.6858e-01   2.697272e-02   1.286646e+01
   2.636232e-03   2.100677e+00   2.462415e+00   7.810853e+00     2.6894e-01   2.670764e-02   1.265435e+01
   2.671984e-03   2.100278e+00   2.461859e+00   7.782720e+00     2.6986e-01   2.629795e-02   1.224909e+01
   2.689860e-03   2.100008e+00   2.461440e+00   7.771449e+00     2.7022e-01   2.605389e-02   1.205553e+01
   2.707735e-03   2.099694e+00   2.460957e+00   7.760589e+00     2.7056e-01   2.580849e-02   1.186766e+01
   2.743487e-03   2.098935e+00   2.459867e+00   7.732604e+00     2.7144e-01   2.543680e-02   1.150813e+01
   2.779238e-03   2.098013e+00   2.458461e+00   7.710843e+00     2.7209e-01   2.498260e-02   1.116902e+01
   2.797114e-03   2.097493e+00   2.457671e+00   7.700260e+00     2.7239e-01   2.475831e-02   1.100662e+01
   2.814990e-03   2.096936e+00   2.456833e+00   7.690016e+00     2.7268e-01   2.453360e-02   1.084877e+01
   2.832866e-03   2.096342e+00   2.455995e+00   7.672198e+00     2.7324e-01   2.443403e-02   1.069527e+01
   2.850741e-03   2.095714e+00   2.455037e+00   7.661234e+00     2.7355e-01   2.422961e-02   1.054603e+01
   2.868617e-03   2.095051e+00   2.454034e+00   7.650756e+00     2.7384e-01   2.402212e-02   1.040086e+01
   2.886493e-03   2.094355e+00   2.452980e+00   7.640329e+00     2.7412e-01   2.381842e-02   1.025961e+01
   2.904369e-03   2.093626e+00   2.451880e+00   7.630017e+00     2.7439e-01   2.361742e-02   1.012215e+01
   2.922244e-03   2.092867e+00   2.450792e+00   7.612629e+00     2.7492e-01   2.352983e-02   9.988330e+00
   2.957996e-03   2.091258e+00   2.448350e+00   7.591250e+00     2.7548e-01   2.315963e-02   9.731252e+00
   2.975872e-03   2.090410e+00   2.447063e+00   7.580722e+00     2.7575e-01   2.297822e-02   9.607713e+00
   2.993747e-03   2.089535e+00   2.445737e+00   7.570431e+00     2.7601e-01   2.279724e-02   9.487360e+00
   3.011623e-03   2.088634e+00   2.444370e+00   7.560145e+00     2.7627e-01   2.262016e-02   9.370089e+00
   3.029499e-03   2.087706e+00   2.442968e+00   7.550021e+00     2.7652e-01   2.244454e-02   9.255797e+00
   3.047375e-03   2.086753e+00   2.441584e+00   7.532589e+00     2.7703e-01   2.238095e-02   9.144360e+00
   3.065251e-03   2.085776e+00   2.440102e+00   7.522168e+00     2.7728e-01   2.221665e-02   9.035751e+00
   3.101002e-03   2.083751e+00   2.437023e+00   7.501177e+00     2.7779e-01   2.190101e-02   8.826540e+00
   3.118878e-03   2.082706e+00   2.435437e+00   7.491011e+00     2.7803e-01   2.174363e-02   8.725767e+00
   3.136754e-03   2.081638e+00   2.433814e+00   7.480723e+00     2.7827e-01   2.159146e-02   8.627444e+00
   3.154629e-03   2.080550e+00   2.432160e+00   7.470458e+00     2.7850e-01   2.144230e-02   8.531495e+00
   3.172505e-03   2.079442e+00   2.430476e+00   7.460321e+00     2.7873e-01   2.129460e-02   8.437845e+00
   3.190381e-03   2.078315e+00   2.428764e+00   7.450231e+00     2.7896e-01   2.114949e-02   8.346425e+00
   3.208257e-03   2.077168e+00   2.427021e+00   7.440139e+00     2.7918e-01   2.100755e-02   8.257166e+00
   3.226132e-03   2.076004e+00   2.425250e+00   7.430044e+00     2.7941e-01   2.086879e-02   8.170002e+00
   3.244008e-03   2.074822e+00   2.423453e+00   7.420025e+00     2.7962e-01   2.073201e-02   8.084872e+00
   3.261884e-03   2.073622e+00   2.421692e+00   7.403009e+00     2.8011e-01   2.069566e-02   8.001677e+00
   3.279760e-03   2.072407e+00   2.419841e+00   7.392909e+00     2.8032e-01   2.056546e-02   7.920434e+00
   3.297635e-03   2.071175e+00   2.417965e+00   7.382796e+00     2.8054e-01   2.043831e-02   7.841049e+00
   3.315511e-03   2.069928e+00   2.416063e+00   7.372680e+00     2.8076e-01   2.031403e-02   7.763467e+00
   3.333387e-03   2.068666e+00   2.414139e+00   7.362572e+00     2.8097e-01   2.019239e-02   7.687635e+00
   3.351263e-03   2.067389e+00   2.412193e+00   7.352508e+00     2.8118e-01   2.007286e-02   7.613502e+00
   3.369138e-03   2.066099e+00   2.410225e+00   7.342500e+00     2.8139e-01   1.995524e-02   7.541020e+00
   3.387014e-03   2.064795e+00   2.408238e+00   7.332653e+00     2.8159e-01   1.983806e-02   7.470140e+00
   3.404890e-03   2.063478e+00   2.406229e+00   7.322655e+00     2.8179e-01   1.972550e-02   7.400822e+00
   3.422766e-03   2.062149e+00   2.404201e+00   7.312758e+00     2.8199e-01   1.961409e-02   7.333018e+00
   3.440641e-03   2.060807e+00   2.402155e+00   7.302939e+00     2.8219e-01   1.950413e-02   7.266686e+00
   3.458517e-03   2.059454e+00   2.400087e+00   7.292961e+00     2.8239e-01   1.939873e-02   7.201790e+00
   3.476393e-03   2.058090e+00   2.397938e+00   7.290028e+00     2.8232e-01   1.920274e-02   7.138321e+00
   3.494269e-03   2.056715e+00   2.395833e+00   7.280046e+00     2.8251e-01   1.910248e-02   7.076175e+00
   3.512144e-03   2.055329e+00   2.393713e+00   7.270080e+00     2.8271e-01   1.900429e-02   7.015348e+00
   3.530020e-03   2.053934e+00   2.391579e+00   7.260190e+00     2.8290e-01   1.890737e-02   6.955805e+00
   3.547896e-03   2.052529e+00   2.389430e+00   7.250261e+00     2.8310e-01   1.881315e-02   6.897512e+00
   3.565772e-03   2.051114e+00   2.387268e+00   7.240443e+00     2.8329e-01   1.871967e-02   6.840435e+00
   3.583647e-03   2.049690e+00   2.385090e+00   7.230587e+00     2.8347e-01   1.862881e-02   6.784542e+00
   3.601523e-03   2.048258e+00   2.382900e+00   7.220793e+00     2.8366e-01   1.853927e-02   6.729802e+00
   3.637275e-03   2.045369e+00   2.378477e+00   7.201354e+00     2.8403e-01   1.836443e-02   6.623662e+00
   3.655150e-03   2.043913e+00   2.376247e+00   7.191754e+00     2.8420e-01   1.827850e-02   6.572204e+00
   3.673026e-03   2.042450e+00   2.374004e+00   7.182113e+00     2.8438e-01   1.819507e-02   6.521785e+00
   3.690902e-03   2.040980e+00   2.371755e+00   7.172719e+00     2.8455e-01   1.811045e-02   6.472375e+00
   3.708778e-03   2.039503e+00   2.369432e+00   7.170022e+00     2.8445e-01   1.794382e-02   6.423988e+00
   3.726653e-03   2.038019e+00   2.367154e+00   7.160130e+00     2.8463e-01   1.786952e-02   6.376538e+00
   3.744529e-03   2.036530e+00   2.364867e+00   7.150365e+00     2.8481e-01   1.779547e-02   6.330027e+00
   3.762405e-03   2.035034e+00   2.362571e+00   7.140688e+00     2.8499e-01   1.772211e-02   6.284432e+00
   3.798156e-03   2.032027e+00   2.357961e+00   7.121524e+00     2.8534e-01   1.757833e-02   6.195898e+00
   3.816032e-03   2.030515e+00   2.355647e+00   7.112178e+00     2.8550e-01   1.750611e-02   6.152913e+00
   3.833908e-03   2.028999e+00   2.353324e+00   7.102880e+00     2.8566e-01   1.743502e-02   6.110755e+00
   3.851784e-03   2.027478e+00   2.350917e+00   7.100107e+00     2.8556e-01   1.728608e-02   6.069448e+00
   3.869659e-03   2.025952e+00   2.348571e+00   7.090373e+00     2.8573e-01   1.722385e-02   6.028904e+00
   3.887535e-03   2.024423e+00   2.346227e+00   7.080850e+00     2.8590e-01   1.716066e-02   5.989131e+00
   3.905411e-03   2.022889e+00   2.343874e+00   7.071305e+00     2.8607e-01   1.709933e-02   5.950113e+00
   3.941162e-03   2.019812e+00   2.339087e+00   7.060001e+00     2.8609e-01   1.688794e-02   5.874284e+00
   3.959038e-03   2.018268e+00   2.336708e+00   7.050150e+00     2.8627e-01   1.683507e-02   5.837430e+00
   3.976914e-03   2.016721e+00   2.334332e+00   7.040513e+00     2.8645e-01   1.678113e-02   5.801263e+00
   3.994790e-03   2.015171e+00   2.331953e+00   7.031056e+00     2.8661e-01   1.672649e-02   5.765767e+00
   4.012665e-03   2.013618e+00   2.329570e+00   7.021855e+00     2.8676e-01   1.667025e-02   5.730923e+00
   4.030541e-03   2.012063e+00   2.327178e+00   7.012770e+00     2.8691e-01   1.661405e-02   5.696715e+00
   4.048417e-03   2.010505e+00   2.324717e+00   7.010171e+00     2.8680e-01   1.648293e-02   5.663175e+00
   4.084168e-03   2.007384e+00   2.319919e+00   6.991260e+00     2.8713e-01   1.638661e-02   5.597868e+00
   4.102044e-03   2.005821e+00   2.317515e+00   6.982223e+00     2.8728e-01   1.633555e-02   5.566094e+00
   4.119920e-03   2.004255e+00   2.315046e+00   6.980030e+00     2.8714e-01   1.620622e-02   5.534922e+00
   4.137796e-03   2.002689e+00   2.312633e+00   6.970410e+00     2.8731e-01   1.616474e-02   5.504296e+00
   4.155671e-03   2.001121e+00   2.310219e+00   6.961062e+00     2.8747e-01   1.612138e-02   5.474217e+00
   4.173547e-03   1.999551e+00   2.307806e+00   6.951984e+00     2.8762e-01   1.607615e-02   5.444671e+00
   4.191423e-03   1.997981e+00   2.305333e+00   6.950020e+00     2.8748e-01   1.595036e-02   5.415675e+00
   4.209299e-03   1.996410e+00   2.302908e+00   6.940397e+00     2.8765e-01   1.591402e-02   5.387181e+00
   4.227174e-03   1.994838e+00   2.300486e+00   6.931083e+00     2.8781e-01   1.587533e-02   5.359190e+00
   4.262926e-03   1.991692e+00   2.295588e+00   6.920031e+00     2.8782e-01   1.571528e-02   5.304692e+00
   4.280802e-03   1.990118e+00   2.293157e+00   6.910498e+00     2.8798e-01   1.568271e-02   5.278156e+00
   4.316553e-03   1.986970e+00   2.288318e+00   6.892361e+00     2.8829e-01   1.561045e-02   5.226456e+00
   4.334429e-03   1.985396e+00   2.285826e+00   6.890194e+00     2.8815e-01   1.549825e-02   5.201306e+00
   4.352305e-03   1.983822e+00   2.283397e+00   6.880719e+00     2.8832e-01   1.546958e-02   5.176573e+00
   4.370180e-03   1.982249e+00   2.280985e+00   6.871922e+00     2.8846e-01   1.543436e-02   5.152261e+00
   4.388056e-03   1.980675e+00   2.278496e+00   6.870027e+00     2.8831e-01   1.532309e-02   5.128391e+00
   4.405932e-03   1.979102e+00   2.276068e+00   6.860588e+00     2.8847e-01   1.529729e-02   5.104918e+00
   4.423808e-03   1.977530e+00   2.273653e+00   6.851539e+00     2.8863e-01   1.526817e-02   5.081845e+00
   4.441683e-03   1.975958e+00   2.271171e+00   6.850003e+00     2.8846e-01   1.515675e-02   5.059181e+00
   4.459559e-03   1.974387e+00   2.268742e+00   6.840407e+00     2.8864e-01   1.513580e-02   5.036896e+00
   4.477435e-03   1.972816e+00   2.266329e+00   6.831346e+00     2.8879e-01   1.510994e-02   5.014988e+00
   4.495311e-03   1.971247e+00   2.263915e+00   6.822694e+00     2.8892e-01   1.508053e-02   4.993441e+00
   4.513186e-03   1.969678e+00   2.261425e+00   6.820308e+00     2.8880e-01   1.498321e-02   4.972299e+00
   4.531062e-03   1.968111e+00   2.259016e+00   6.811215e+00     2.8895e-01   1.496069e-02   4.951489e+00
   4.566814e-03   1.964979e+00   2.254125e+00   6.800346e+00     2.8895e-01   1.483850e-02   4.910933e+00
   4.584689e-03   1.963416e+00   2.251721e+00   6.791288e+00     2.8911e-01   1.481848e-02   4.891160e+00
   4.602565e-03   1.961853e+00   2.249313e+00   6.782706e+00     2.8924e-01   1.479415e-02   4.871707e+00
   4.620441e-03   1.960293e+00   2.246842e+00   6.780412e+00     2.8911e-01   1.470252e-02   4.852621e+00
   4.638317e-03   1.958733e+00   2.244443e+00   6.771479e+00     2.8926e-01   1.468389e-02   4.833826e+00
   4.656192e-03   1.957176e+00   2.242043e+00   6.763168e+00     2.8939e-01   1.465937e-02   4.815329e+00
   4.674068e-03   1.955620e+00   2.239582e+00   6.760642e+00     2.8927e-01   1.457340e-02   4.797195e+00
   4.691944e-03   1.954066e+00   2.237185e+00   6.751724e+00     2.8942e-01   1.455728e-02   4.779326e+00
   4.709820e-03   1.952513e+00   2.234733e+00   6.750105e+00     2.8926e-01   1.446362e-02   4.761773e+00
   4.727695e-03   1.950963e+00   2.232342e+00   6.740861e+00     2.8942e-01   1.445273e-02   4.744501e+00
   4.745571e-03   1.949414e+00   2.229959e+00   6.732447e+00     2.8956e-01   1.443375e-02   4.727503e+00
   4.763447e-03   1.947868e+00   2.227513e+00   6.730344e+00     2.8942e-01   1.434826e-02   4.710821e+00
   4.781323e-03   1.946324e+00   2.225128e+00   6.721282e+00     2.8958e-01   1.433789e-02   4.694393e+00
   4.799198e-03   1.944781e+00   2.222698e+00   6.720024e+00     2.8940e-01   1.424539e-02   4.678249e+00
   4.817074e-03   1.943241e+00   2.220318e+00   6.710659e+00     2.8958e-01   1.423985e-02   4.662365e+00
   4.834950e-03   1.941703e+00   2.217948e+00   6.702013e+00     2.8972e-01   1.422746e-02   4.646735e+00
   4.852826e-03   1.940168e+00   2.215524e+00   6.700224e+00     2.8957e-01   1.414335e-02   4.631387e+00
   4.870701e-03   1.938635e+00   2.213157e+00   6.691291e+00     2.8973e-01   1.413558e-02   4.616276e+00
   4.888577e-03   1.937104e+00   2.210747e+00   6.690021e+00     2.8955e-01   1.404789e-02   4.601425e+00
   4.906453e-03   1.935576e+00   2.208381e+00   6.680711e+00     2.8973e-01   1.404559e-02   4.586812e+00
   4.942204e-03   1.932527e+00   2.203626e+00   6.670346e+00     2.8972e-01   1.395666e-02   4.558313e+00
   4.960080e-03   1.931006e+00   2.201280e+00   6.661542e+00     2.8987e-01   1.395124e-02   4.544407e+00
   4.977956e-03   1.929488e+00   2.198886e+00   6.660078e+00     2.8971e-01   1.386996e-02   4.530746e+00
   4.995832e-03   1.927973e+00   2.196544e+00   6.651064e+00     2.8987e-01   1.386817e-02   4.517300e+00
   5.013707e-03   1.926460e+00   2.194224e+00   6.642947e+00     2.9000e-01   1.385771e-02   4.504056e+00
   5.031583e-03   1.924950e+00   2.191825e+00   6.640625e+00     2.8987e-01   1.378780e-02   4.491079e+00
   5.049459e-03   1.923443e+00   2.189513e+00   6.632266e+00     2.9001e-01   1.378129e-02   4.478277e+00
   5.067335e-03   1.921939e+00   2.187126e+00   6.630294e+00     2.8987e-01   1.370934e-02   4.465716e+00
   5.085210e-03   1.920438e+00   2.184816e+00   6.621603e+00     2.9003e-01   1.370764e-02   4.453340e+00
   5.120962e-03   1.917444e+00   2.180143e+00   6.611333e+00     2.9002e-01   1.363284e-02   4.429218e+00
   5.138838e-03   1.915951e+00   2.177790e+00   6.610052e+00     2.8985e-01   1.355694e-02   4.417460e+00
   5.156713e-03   1.914462e+00   2.175487e+00   6.600975e+00     2.9003e-01   1.356181e-02   4.405888e+00
   5.174589e-03   1.912975e+00   2.173213e+00   6.593068e+00     2.9015e-01   1.355527e-02   4.394485e+00
   5.192465e-03   1.911492e+00   2.170851e+00   6.590752e+00     2.9003e-01   1.349218e-02   4.383325e+00
   5.210341e-03   1.910011e+00   2.168587e+00   6.582611e+00     2.9016e-01   1.348933e-02   4.372304e+00
   5.228216e-03   1.908534e+00   2.166235e+00   6.580537e+00     2.9003e-01   1.342520e-02   4.361506e+00
   5.246092e-03   1.907060e+00   2.163979e+00   6.572212e+00     2.9017e-01   1.342548e-02   4.350854e+00
   5.263968e-03   1.905589e+00   2.161641e+00   6.570445e+00     2.9002e-01   1.335961e-02   4.340408e+00
   5.281844e-03   1.904121e+00   2.159397e+00   6.562162e+00     2.9017e-01   1.336067e-02   4.330109e+00
   5.317595e-03   1.901195e+00   2.154831e+00   6.551959e+00     2.9017e-01   1.330001e-02   4.310055e+00
   5.353347e-03   1.898282e+00   2.150288e+00   6.541859e+00     2.9017e-01   1.324081e-02   4.290669e+00
   5.371222e-03   1.896831e+00   2.147982e+00   6.540313e+00     2.9002e-01   1.317681e-02   4.281229e+00
   5.389098e-03   1.895383e+00   2.145767e+00   6.531875e+00     2.9017e-01   1.318289e-02   4.271929e+00
   5.424850e-03   1.892497e+00   2.141264e+00   6.521763e+00     2.9018e-01   1.312867e-02   4.253821e+00
   5.442725e-03   1.891058e+00   2.138983e+00   6.520360e+00     2.9002e-01   1.306582e-02   4.245007e+00
   5.460601e-03   1.889624e+00   2.136788e+00   6.511905e+00     2.9018e-01   1.307425e-02   4.236322e+00
   5.478477e-03   1.888193e+00   2.134513e+00   6.510335e+00     2.9003e-01   1.301431e-02   4.227808e+00
   5.496353e-03   1.886765e+00   2.132329e+00   6.501884e+00     2.9019e-01   1.302376e-02   4.219419e+00
   5.514228e-03   1.885340e+00   2.130069e+00   6.500447e+00     2.9003e-01   1.296371e-02   4.211195e+00
   5.532104e-03   1.883919e+00   2.127896e+00   6.492158e+00     2.9018e-01   1.297257e-02   4.203090e+00
   5.549980e-03   1.882502e+00   2.125644e+00   6.490442e+00     2.9004e-01   1.291650e-02   4.195151e+00
   5.567856e-03   1.881088e+00   2.123483e+00   6.482332e+00     2.9019e-01   1.292460e-02   4.187322e+00
   5.585731e-03   1.879678e+00   2.121246e+00   6.480641e+00     2.9005e-01   1.286942e-02   4.179660e+00
   5.621483e-03   1.876867e+00   2.116869e+00   6.470811e+00     2.9005e-01   1.282477e-02   4.164706e+00
   5.639359e-03   1.875467e+00   2.114725e+00   6.463036e+00     2.9018e-01   1.283151e-02   4.157400e+00
   5.657234e-03   1.874071e+00   2.112512e+00   6.460885e+00     2.9006e-01   1.278316e-02   4.150275e+00
   5.692986e-03   1.871289e+00   2.108183e+00   6.451318e+00     2.9006e-01   1.274004e-02   4.136351e+00
   5.710862e-03   1.869903e+00   2.105987e+00   6.450119e+00     2.8990e-01   1.268395e-02   4.129582e+00
   5.728737e-03   1.868521e+00   2.103874e+00   6.441670e+00     2.9007e-01   1.269972e-02   4.122921e+00
   5.746613e-03   1.867143e+00   2.101689e+00   6.440293e+00     2.8992e-01   1.264644e-02   4.116398e+00
   5.764489e-03   1.865768e+00   2.099585e+00   6.432034e+00     2.9007e-01   1.266125e-02   4.109972e+00
   5.800240e-03   1.863029e+00   2.095321e+00   6.422605e+00     2.9007e-01   1.262266e-02   4.097488e+00
   5.818116e-03   1.861665e+00   2.093165e+00   6.420836e+00     2.8994e-01   1.257528e-02   4.091441e+00
   5.835992e-03   1.860305e+00   2.091016e+00   6.420017e+00     2.8977e-01   1.251915e-02   4.085490e+00
   5.853868e-03   1.858948e+00   2.088939e+00   6.411312e+00     2.8995e-01   1.254050e-02   4.079643e+00
   5.871743e-03   1.857595e+00   2.086797e+00   6.410158e+00     2.8979e-01   1.248863e-02   4.073916e+00
   5.907495e-03   1.854900e+00   2.082606e+00   6.400480e+00     2.8981e-01   1.245815e-02   4.062775e+00
   5.925371e-03   1.853557e+00   2.080549e+00   6.392436e+00     2.8996e-01   1.247474e-02   4.057346e+00
   5.943246e-03   1.852219e+00   2.078436e+00   6.390792e+00     2.8983e-01   1.242954e-02   4.052055e+00
   5.961122e-03   1.850884e+00   2.076330e+00   6.390057e+00     2.8965e-01   1.237603e-02   4.046854e+00
   5.978998e-03   1.849553e+00   2.074292e+00   6.381466e+00     2.8983e-01   1.239914e-02   4.041744e+00
   6.014749e-03   1.846901e+00   2.070168e+00   6.372136e+00     2.8984e-01   1.237050e-02   4.031832e+00
   6.032625e-03   1.845581e+00   2.068085e+00   6.370685e+00     2.8970e-01   1.232572e-02   4.027040e+00
   6.050501e-03   1.844265e+00   2.066069e+00   6.363165e+00     2.8983e-01   1.234003e-02   4.022304e+00
   6.068377e-03   1.842952e+00   2.063999e+00   6.361288e+00     2.8971e-01   1.230028e-02   4.017715e+00
   6.086253e-03   1.841643e+00   2.061932e+00   6.360222e+00     2.8956e-01   1.225315e-02   4.013202e+00
   6.104128e-03   1.840337e+00   2.059932e+00   6.351931e+00     2.8973e-01   1.227609e-02   4.008765e+00
   6.122004e-03   1.839035e+00   2.057881e+00   6.350636e+00     2.8958e-01   1.223199e-02   4.004442e+00
   6.139880e-03   1.837737e+00   2.055836e+00   6.350007e+00     2.8941e-01   1.218201e-02   4.000201e+00
   6.157756e-03   1.836443e+00   2.053851e+00   6.341237e+00     2.8960e-01   1.221063e-02   3.996043e+00
   6.193507e-03   1.833865e+00   2.049848e+00   6.332160e+00     2.8961e-01   1.218772e-02   3.987994e+00
   6.211383e-03   1.832581e+00   2.047823e+00   6.330681e+00     2.8948e-01   1.214751e-02   3.984117e+00
   6.229259e-03   1.831301e+00   2.045810e+00   6.330031e+00     2.8930e-01   1.209981e-02   3.980315e+00
   6.247134e-03   1.830025e+00   2.043855e+00   6.321489e+00     2.8949e-01   1.212803e-02   3.976589e+00
   6.265010e-03   1.828753e+00   2.041851e+00   6.320354e+00     2.8934e-01   1.208574e-02   3.972960e+00
   6.282886e-03   1.827484e+00   2.039910e+00   6.312554e+00     2.8950e-01   1.210757e-02   3.969387e+00
   6.300762e-03   1.826219e+00   2.037914e+00   6.310909e+00     2.8937e-01   1.207094e-02   3.965933e+00
   6.318637e-03   1.824957e+00   2.035931e+00   6.310118e+00     2.8921e-01   1.202657e-02   3.962546e+00
   6.336513e-03   1.823700e+00   2.034005e+00   6.301894e+00     2.8939e-01   1.205348e-02   3.959224e+00
   6.354389e-03   1.822445e+00   2.032031e+00   6.300644e+00     2.8925e-01   1.201423e-02   3.956002e+00
   6.372265e-03   1.821195e+00   2.030066e+00   6.300019e+00     2.8908e-01   1.196946e-02   3.952850e+00
   6.390140e-03   1.819948e+00   2.028154e+00   6.291390e+00     2.8928e-01   1.200120e-02   3.949767e+00
   6.408016e-03   1.818705e+00   2.026200e+00   6.290373e+00     2.8913e-01   1.196086e-02   3.946772e+00
   6.425892e-03   1.817465e+00   2.024307e+00   6.282806e+00     2.8928e-01   1.198316e-02   3.943824e+00
   6.443768e-03   1.816229e+00   2.022359e+00   6.281160e+00     2.8916e-01   1.194954e-02   3.940993e+00
   6.461643e-03   1.814997e+00   2.020423e+00   6.280269e+00     2.8900e-01   1.190913e-02   3.938221e+00
   6.479519e-03   1.813769e+00   2.018545e+00   6.272360e+00     2.8917e-01   1.193564e-02   3.935501e+00
   6.497395e-03   1.812544e+00   2.016615e+00   6.270920e+00     2.8904e-01   1.190113e-02   3.932883e+00
   6.515271e-03   1.811322e+00   2.014698e+00   6.270139e+00     2.8888e-01   1.186076e-02   3.930326e+00
   6.533146e-03   1.810104e+00   2.012834e+00   6.261960e+00     2.8906e-01   1.189078e-02   3.927824e+00
   6.551022e-03   1.808890e+00   2.010926e+00   6.260816e+00     2.8892e-01   1.185450e-02   3.925414e+00
   6.568898e-03   1.807680e+00   2.009026e+00   6.260102e+00     2.8876e-01   1.181456e-02   3.923065e+00
   6.586774e-03   1.806473e+00   2.007179e+00   6.251842e+00     2.8895e-01   1.184623e-02   3.920772e+00
   6.604649e-03   1.805270e+00   2.005285e+00   6.250596e+00     2.8882e-01   1.181195e-02   3.918566e+00
   6.622525e-03   1.804070e+00   2.003406e+00   6.250039e+00     2.8865e-01   1.177155e-02   3.916419e+00
   6.640401e-03   1.802874e+00   2.001576e+00   6.241752e+00     2.8884e-01   1.180436e-02   3.914327e+00
   6.676152e-03   1.800492e+00   1.997838e+00   6.240017e+00     2.8854e-01   1.173104e-02   3.910368e+00
   6.694028e-03   1.799307e+00   1.996025e+00   6.231668e+00     2.8874e-01   1.176530e-02   3.908471e+00
   6.711904e-03   1.798125e+00   1.994168e+00   6.230589e+00     2.8860e-01   1.173142e-02   3.906654e+00
   6.729780e-03   1.796947e+00   1.992324e+00   6.230063e+00     2.8843e-01   1.169270e-02   3.904893e+00
   6.747655e-03   1.795773e+00   1.990528e+00   6.221821e+00     2.8862e-01   1.172679e-02   3.903183e+00
   6.765531e-03   1.794601e+00   1.988686e+00   6.220618e+00     2.8849e-01   1.169502e-02   3.901554e+00
   6.783407e-03   1.793434e+00   1.986858e+00   6.220037e+00     2.8833e-01   1.165777e-02   3.899977e+00
   6.801283e-03   1.792270e+00   1.985079e+00   6.211767e+00     2.8853e-01   1.169296e-02   3.898450e+00
   6.819158e-03   1.791109e+00   1.983258e+00   6.210759e+00     2.8839e-01   1.166028e-02   3.897000e+00
   6.837034e-03   1.789953e+00   1.981446e+00   6.210087e+00     2.8823e-01   1.162479e-02   3.895602e+00
   6.854910e-03   1.788799e+00   1.979687e+00   6.202073e+00     2.8842e-01   1.165838e-02   3.894248e+00
   6.872786e-03   1.787649e+00   1.977879e+00   6.200868e+00     2.8829e-01   1.162845e-02   3.892976e+00
   6.890661e-03   1.786503e+00   1.976083e+00   6.200127e+00     2.8814e-01   1.159450e-02   3.891753e+00
   6.908537e-03   1.785360e+00   1.974343e+00   6.192315e+00     2.8832e-01   1.162701e-02   3.890567e+00
   6.944289e-03   1.783085e+00   1.970772e+00   6.190266e+00     2.8805e-01   1.156584e-02   3.888412e+00
   6.962164e-03   1.781952e+00   1.969053e+00   6.182742e+00     2.8821e-01   1.159642e-02   3.887386e+00
   6.980040e-03   1.780823e+00   1.967274e+00   6.181270e+00     2.8810e-01   1.157073e-02   3.886456e+00
   6.997916e-03   1.779698e+00   1.965512e+00   6.180465e+00     2.8796e-01   1.153908e-02   3.885566e+00
   7.015792e-03   1.778576e+00   1.963759e+00   6.180003e+00     2.8780e-01   1.150456e-02   3.884726e+00
   7.033667e-03   1.777457e+00   1.962051e+00   6.171681e+00     2.8800e-01   1.154360e-02   3.883928e+00
   7.051543e-03   1.776342e+00   1.960302e+00   6.170688e+00     2.8787e-01   1.151453e-02   3.883200e+00
   7.069419e-03   1.775231e+00   1.958564e+00   6.170077e+00     2.8772e-01   1.148221e-02   3.882517e+00
   7.087295e-03   1.774122e+00   1.956875e+00   6.162001e+00     2.8791e-01   1.151971e-02   3.881872e+00
   7.105170e-03   1.773018e+00   1.955140e+00   6.160919e+00     2.8778e-01   1.149227e-02   3.881299e+00
   7.123046e-03   1.771916e+00   1.953420e+00   6.160316e+00     2.8763e-01   1.146067e-02   3.880770e+00
   7.140922e-03   1.770818e+00   1.951756e+00   6.152830e+00     2.8781e-01   1.149338e-02   3.880263e+00
   7.158798e-03   1.769724e+00   1.950033e+00   6.151422e+00     2.8769e-01   1.146980e-02   3.879850e+00
   7.176673e-03   1.768633e+00   1.948323e+00   6.150494e+00     2.8756e-01   1.144200e-02   3.879472e+00
   7.194549e-03   1.767545e+00   1.946626e+00   6.150037e+00     2.8740e-01   1.141011e-02   3.879138e+00
   7.230301e-03   1.765379e+00   1.943278e+00   6.140891e+00     2.8748e-01   1.142353e-02   3.878609e+00
   7.248176e-03   1.764302e+00   1.941595e+00   6.140255e+00     2.8733e-01   1.139405e-02   3.878419e+00
   7.266052e-03   1.763227e+00   1.939970e+00   6.132830e+00     2.8751e-01   1.142782e-02   3.878248e+00
   7.283928e-03   1.762156e+00   1.938287e+00   6.131550e+00     2.8739e-01   1.140482e-02   3.878167e+00
   7.301804e-03   1.761089e+00   1.936613e+00   6.130565e+00     2.8726e-01   1.137931e-02   3.878120e+00
   7.319679e-03   1.760024e+00   1.934953e+00   6.130049e+00     2.8711e-01   1.134973e-02   3.878113e+00
   7.337555e-03   1.758963e+00   1.933345e+00   6.122278e+00     2.8731e-01   1.138761e-02   3.878134e+00
   7.355431e-03   1.757906e+00   1.931682e+00   6.121039e+00     2.8719e-01   1.136519e-02   3.878228e+00
   7.373307e-03   1.756851e+00   1.930036e+00   6.120410e+00     2.8705e-01   1.133735e-02   3.878357e+00
   7.391182e-03   1.755800e+00   1.928399e+00   6.120029e+00     2.8689e-01   1.130749e-02   3.878528e+00
   7.409058e-03   1.754752e+00   1.926804e+00   6.111769e+00     2.8711e-01   1.135078e-02   3.878731e+00
   7.426934e-03   1.753708e+00   1.925167e+00   6.110832e+00     2.8698e-01   1.132648e-02   3.878995e+00
   7.444810e-03   1.752667e+00   1.923543e+00   6.110250e+00     2.8684e-01   1.129915e-02   3.879296e+00
   7.462685e-03   1.751629e+00   1.921978e+00   6.103007e+00     2.8701e-01   1.133366e-02   3.879609e+00
   7.480561e-03   1.750594e+00   1.920353e+00   6.101652e+00     2.8690e-01   1.131396e-02   3.880012e+00
   7.498437e-03   1.749562e+00   1.918737e+00   6.100707e+00     2.8678e-01   1.129066e-02   3.880444e+00
   7.516313e-03   1.748534e+00   1.917134e+00   6.100165e+00     2.8664e-01   1.126388e-02   3.880912e+00
   7.534188e-03   1.747509e+00   1.915585e+00   6.092557e+00     2.8683e-01   1.130262e-02   3.881398e+00
   7.552064e-03   1.746487e+00   1.913983e+00   6.091443e+00     2.8671e-01   1.128155e-02   3.881960e+00
   7.569940e-03   1.745469e+00   1.912390e+00   6.090624e+00     2.8658e-01   1.125797e-02   3.882553e+00
   7.587816e-03   1.744454e+00   1.910808e+00   6.090112e+00     2.8644e-01   1.123181e-02   3.883181e+00
   7.605691e-03   1.743441e+00   1.909279e+00   6.082456e+00     2.8663e-01   1.127180e-02   3.883829e+00
   7.641443e-03   1.741427e+00   1.906126e+00   6.080613e+00     2.8639e-01   1.122806e-02   3.885298e+00
   7.659319e-03   1.740424e+00   1.904564e+00   6.080096e+00     2.8625e-01   1.120280e-02   3.886082e+00
   7.677194e-03   1.739424e+00   1.903056e+00   6.072465e+00     2.8644e-01   1.124335e-02   3.886884e+00
   7.695070e-03   1.738428e+00   1.901495e+00   6.071406e+00     2.8633e-01   1.122348e-02   3.887757e+00
   7.712946e-03   1.737435e+00   1.899943e+00   6.070637e+00     2.8620e-01   1.120115e-02   3.888659e+00
   7.730822e-03   1.736445e+00   1.898402e+00   6.070131e+00     2.8606e-01   1.117662e-02   3.889594e+00
   7.748697e-03   1.735458e+00   1.896917e+00   6.062757e+00     2.8625e-01   1.121556e-02   3.890540e+00
   7.766573e-03   1.734474e+00   1.895372e+00   6.061422e+00     2.8615e-01   1.119908e-02   3.891566e+00
   7.784449e-03   1.733493e+00   1.893842e+00   6.060742e+00     2.8602e-01   1.117673e-02   3.892614e+00
   7.802325e-03   1.732516e+00   1.892320e+00   6.060204e+00     2.8588e-01   1.115330e-02   3.893696e+00
   7.820200e-03   1.731541e+00   1.890807e+00   6.060001e+00     2.8573e-01   1.112702e-02   3.894812e+00
   7.838076e-03   1.730570e+00   1.889334e+00   6.051766e+00     2.8596e-01   1.117481e-02   3.895953e+00
   7.855952e-03   1.729602e+00   1.887819e+00   6.050823e+00     2.8585e-01   1.115569e-02   3.897146e+00
   7.891703e-03   1.727674e+00   1.884823e+00   6.050015e+00     2.8557e-01   1.110813e-02   3.899626e+00
   7.909579e-03   1.726715e+00   1.883374e+00   6.042040e+00     2.8578e-01   1.115428e-02   3.900902e+00
   7.927455e-03   1.725759e+00   1.881878e+00   6.041121e+00     2.8567e-01   1.113570e-02   3.902235e+00
   7.945331e-03   1.724806e+00   1.880394e+00   6.040489e+00     2.8554e-01   1.111467e-02   3.903596e+00
   7.963206e-03   1.723856e+00   1.878917e+00   6.040060e+00     2.8540e-01   1.109198e-02   3.904988e+00
   7.981082e-03   1.722909e+00   1.877492e+00   6.032452e+00     2.8561e-01   1.113548e-02   3.906392e+00
   7.998958e-03   1.721964e+00   1.876015e+00   6.031398e+00     2.8550e-01   1.111889e-02   3.907863e+00
   8.016834e-03   1.721023e+00   1.874546e+00   6.030639e+00     2.8538e-01   1.109977e-02   3.909358e+00
   8.034709e-03   1.720085e+00   1.873089e+00   6.030188e+00     2.8525e-01   1.107801e-02   3.910882e+00
   8.088337e-03   1.717289e+00   1.868780e+00   6.021037e+00     2.8521e-01   1.108547e-02   3.915638e+00
   8.106212e-03   1.716363e+00   1.867340e+00   6.020483e+00     2.8509e-01   1.106536e-02   3.917290e+00
   8.124088e-03   1.715439e+00   1.865906e+00   6.020078e+00     2.8495e-01   1.104408e-02   3.918972e+00
   8.141964e-03   1.714519e+00   1.864525e+00   6.012574e+00     2.8516e-01   1.108817e-02   3.920662e+00
   8.159840e-03   1.713601e+00   1.863091e+00   6.011558e+00     2.8505e-01   1.107284e-02   3.922418e+00
   8.177715e-03   1.712687e+00   1.861666e+00   6.010839e+00     2.8493e-01   1.105495e-02   3.924197e+00
   8.195591e-03   1.711775e+00   1.860249e+00   6.010302e+00     2.8481e-01   1.103555e-02   3.926003e+00
   8.213467e-03   1.710867e+00   1.858841e+00   6.010014e+00     2.8467e-01   1.101407e-02   3.927837e+00
   8.231343e-03   1.709961e+00   1.857478e+00   6.002223e+00     2.8489e-01   1.106162e-02   3.929684e+00
   8.249218e-03   1.709058e+00   1.856068e+00   6.001300e+00     2.8478e-01   1.104629e-02   3.931587e+00
   8.284970e-03   1.707261e+00   1.853276e+00   6.000221e+00     2.8453e-01   1.100906e-02   3.935467e+00
   8.302846e-03   1.706366e+00   1.851891e+00   6.000009e+00     2.8439e-01   1.098773e-02   3.937447e+00
   8.338597e-03   1.704586e+00   1.849165e+00   5.991327e+00     2.8451e-01   1.102126e-02   3.941488e+00
   8.356473e-03   1.703700e+00   1.847785e+00   5.990581e+00     2.8440e-01   1.100527e-02   3.943559e+00
   8.392224e-03   1.701937e+00   1.845103e+00   5.983097e+00     2.8446e-01   1.102878e-02   3.947746e+00
   8.410100e-03   1.701060e+00   1.843735e+00   5.982061e+00     2.8436e-01   1.101595e-02   3.949912e+00
   8.427976e-03   1.700185e+00   1.842372e+00   5.981234e+00     2.8425e-01   1.100135e-02   3.952098e+00
   8.445852e-03   1.699313e+00   1.841017e+00   5.980604e+00     2.8414e-01   1.098508e-02   3.954306e+00
   8.481603e-03   1.697578e+00   1.838330e+00   5.980003e+00     2.8388e-01   1.094702e-02   3.958798e+00
   8.499479e-03   1.696714e+00   1.837034e+00   5.972133e+00     2.8411e-01   1.099765e-02   3.961067e+00
   8.517355e-03   1.695854e+00   1.835694e+00   5.971348e+00     2.8400e-01   1.098342e-02   3.963388e+00
   8.535230e-03   1.694995e+00   1.834360e+00   5.970683e+00     2.8389e-01   1.096825e-02   3.965730e+00
   8.553106e-03   1.694140e+00   1.833036e+00   5.970320e+00     2.8376e-01   1.095045e-02   3.968096e+00
   8.570982e-03   1.693288e+00   1.831716e+00   5.970019e+00     2.8363e-01   1.093226e-02   3.970487e+00
   8.588858e-03   1.692438e+00   1.830445e+00   5.962420e+00     2.8385e-01   1.098115e-02   3.972883e+00
   8.606733e-03   1.691591e+00   1.829126e+00   5.961563e+00     2.8375e-01   1.096834e-02   3.975335e+00
   8.642485e-03   1.689904e+00   1.826509e+00   5.960403e+00     2.8352e-01   1.093806e-02   3.980302e+00
   8.678236e-03   1.688229e+00   1.823964e+00   5.952839e+00     2.8360e-01   1.096711e-02   3.985335e+00
   8.696112e-03   1.687395e+00   1.822667e+00   5.951869e+00     2.8351e-01   1.095607e-02   3.987917e+00
   8.713988e-03   1.686564e+00   1.821374e+00   5.951098e+00     2.8340e-01   1.094332e-02   3.990516e+00
   8.731864e-03   1.685736e+00   1.820091e+00   5.950606e+00     2.8329e-01   1.092815e-02   3.993135e+00
   8.749739e-03   1.684910e+00   1.818813e+00   5.950218e+00     2.8317e-01   1.091218e-02   3.995776e+00
   8.767615e-03   1.684087e+00   1.817542e+00   5.950029e+00     2.8304e-01   1.089455e-02   3.998440e+00
   8.785491e-03   1.683266e+00   1.816315e+00   5.942325e+00     2.8327e-01   1.094596e-02   4.001109e+00
   8.821242e-03   1.681633e+00   1.813780e+00   5.940947e+00     2.8306e-01   1.092050e-02   4.006571e+00
   8.839118e-03   1.680821e+00   1.812523e+00   5.940527e+00     2.8294e-01   1.090549e-02   4.009332e+00
   8.856994e-03   1.680011e+00   1.811270e+00   5.940159e+00     2.8282e-01   1.089016e-02   4.012115e+00
   8.874870e-03   1.679203e+00   1.810023e+00   5.940001e+00     2.8269e-01   1.087305e-02   4.014920e+00
   8.892745e-03   1.678398e+00   1.808818e+00   5.932060e+00     2.8294e-01   1.092747e-02   4.017733e+00
   8.910621e-03   1.677596e+00   1.807573e+00   5.931361e+00     2.8283e-01   1.091556e-02   4.020591e+00
   8.928497e-03   1.676796e+00   1.806335e+00   5.930838e+00     2.8272e-01   1.090217e-02   4.023468e+00
   8.946373e-03   1.675999e+00   1.805101e+00   5.930372e+00     2.8261e-01   1.088838e-02   4.026366e+00
   8.964248e-03   1.675204e+00   1.803874e+00   5.930106e+00     2.8249e-01   1.087290e-02   4.029285e+00
   9.000000e-03   1.673622e+00   1.801472e+00   5.922052e+00     2.8261e-01   1.091138e-02   4.035172e+00
