rhoc M Mb R C kl_1 kl_2 kl_3 kl_4
0.000493969849246231 0.331001170777873 0.338616035736319 9.33036049386619 0.0354757108254793 0 0.0616397721652135 0.0134479763888825 0.00406237426262125
0.000518592964824121 0.37109765155409 0.380739930553322 9.14217873473978 0.0405918175876325 0 0.071900875376826 0.0165860761283603 0.00528105699503158
0.00054321608040201 0.41480553444289 0.426922061310482 9.00552078010173 0.0460612489351453 0 0.0815746586721218 0.0197024337736881 0.00655430139069445
0.0005678391959799 0.462042539943327 0.477140238147032 8.90921760539238 0.0518611802302003 0 0.0903552301336862 0.0226562444096594 0.00781074497593409
0.000592462311557789 0.512655633999436 0.531314739169893 8.843799602436 0.0579678030988204 0 0.0980588071668597 0.0253445595937791 0.00899321261971623
0.000617085427135678 0.566416973164371 0.589262062318324 8.80326950853448 0.0643416599497776 0 0.104491610631084 0.0276602198564655 0.0100396148124388
0.000641708542713568 0.623030711829349 0.65073824280361 8.7809006138209 0.0709529397074277 0 0.109654338582065 0.0295719617516207 0.0109229927832747
0.000666331658291457 0.682142483665308 0.715434105013787 8.77238538001674 0.077760204792098 0 0.113536962568623 0.0310508234247395 0.0116195119277134
0.000690954773869347 0.74332962552951 0.782947445574155 8.77422135570973 0.0847174461863555 0 0.11617977366099 0.032093291462704 0.0121196336370925
0.000715577889447236 0.806089913614051 0.852780442858819 8.78362729002775 0.0917718713462744 0 0.117659762685759 0.0327150810538858 0.0124254509101286
0.000740201005025126 0.869917572560173 0.924411729162665 8.7982705695214 0.0988737008809101 0 0.118092608465455 0.0329515746358844 0.0125502516280676
0.000764824120603015 0.934324708156654 0.997347074981444 8.81548835758816 0.105986721354173 0 0.117672783775579 0.0328729149920474 0.0125265461144689
0.000789447236180905 0.998849952663862 1.07107061893204 8.83471602504902 0.11305965577522 0 0.116481580218705 0.0325071094180985 0.0123668861845045
0.000814070351758794 1.06300268460488 1.14503796574843 8.85452610182727 0.120051900280187 0 0.114682643741857 0.03191622570883 0.0121013557188458
0.000838693467336683 1.12597236470564 1.21830648915374 8.87396119211792 0.126884977331855 0 0.112420228513965 0.0311552763013781 0.0117568829565112
0.000863316582914573 1.18680804180486 1.28973105401546 8.89241995630668 0.133462887227132 0 0.109821607860392 0.0302732366604187 0.0113573351352291
0.000887939698492462 1.24459778307746 1.35817083267166 8.91031048875668 0.139680630057497 0 0.106953498839258 0.0292957809561512 0.0109154117690243
0.000912562814070352 1.29855187195317 1.42262545489297 8.92200652030455 0.145544824361869 0 0.104239095222098 0.0283842844123245 0.0105083641362848
0.000937185929648241 1.34805850136188 1.48223130335992 8.93235839529405 0.150918541521139 0 0.101472093149679 0.0274575849620249 0.0100962782137275
0.000961809045226131 1.39276055031281 1.536441037386 8.94097838567548 0.155772723099765 0 0.0987547823618929 0.0265526404843042 0.00969662044991424
0.00098643216080402 1.43301109469604 1.58560171356896 8.94399565091852 0.16022045969453 0 0.0963383808543282 0.0257627807484842 0.00935247801435737
0.00101105527638191 1.46952542907278 1.63044580825667 8.9500565946193 0.164191747117694 0 0.0937657394669901 0.0249164366102695 0.00898350558656778
0.0010356783919598 1.50298099655598 1.67179224034713 8.95022188680614 0.167926674395814 0 0.0915114113679588 0.0241908410654482 0.00867199384704003
0.00106030150753769 1.53398335201091 1.71033723143304 8.94521230309455 0.171486522626214 0 0.0895147891613739 0.023562498584154 0.00840639108832844
0.00108492462311558 1.56305804032042 1.74665051255359 8.94304735524259 0.17477913044977 0 0.0873595034447484 0.0228781616067563 0.00811639115072327
0.00110954773869347 1.59065311143376 1.78127474946525 8.94065653029187 0.177912338545214 0 0.0851898299007489 0.0221920530589173 0.00782713768427988
0.00113417085427136 1.61714534234769 1.81470903502223 8.93265861734487 0.181037405729088 0 0.0832423136292864 0.0215908970433988 0.0075779283118967
0.00115879396984925 1.64274265575277 1.84716031289016 8.92424808604608 0.184076309837391 0 0.0812590378102986 0.0209805522116997 0.00732601276346969
0.00118341708542714 1.66743004953843 1.87860327068869 8.91474947014417 0.187041717226347 0 0.0792841416534448 0.020376480808175 0.00707824619324593
0.00120804020100503 1.6911795568899 1.90899309523625 8.90450365253951 0.189924067963921 0 0.0773160342710292 0.0197774074888156 0.00683390615538645
0.00123266331658291 1.71397198244612 1.93829054641225 8.89362373114688 0.192719192340409 0 0.0753632255707384 0.019185742223832 0.00659391962447578
0.0012572864321608 1.73579540678444 1.96646287632931 8.88203594646751 0.195427649386488 0 0.0734410649383833 0.0186063951883444 0.00636030246440553
0.00128190954773869 1.75664410899528 1.99348795585894 8.87044692100535 0.198033326239236 0 0.0715317582684623 0.0180325113941118 0.00612990837676779
0.00130653266331658 1.77651776672567 2.0194002456575 8.85304078947291 0.200667523054691 0 0.0698755153879247 0.0175481679302729 0.00593921959568095
0.00133115577889447 1.79542084263797 2.04410572306694 8.84049369594969 0.203090563082529 0 0.0680559864648694 0.0170062425359185 0.00572391724470758
0.00135577889447236 1.81336255368868 2.06769306435712 8.82227224517081 0.205543708388878 0 0.0664904624769628 0.0165527142710672 0.00554724890815436
0.00138040201005025 1.83037318559459 2.09013818972415 8.80422055925185 0.207897243518185 0 0.0649546256299544 0.0161086092263372 0.00537480334950436
0.00140502512562814 1.84650487277173 2.1114682516801 8.79062124552962 0.210053967882048 0 0.0632963695880079 0.0156213554733413 0.00518415146597571
0.00142964824120603 1.86180757821933 2.13181915851626 8.77163290520472 0.212253248436173 0 0.0618730135492885 0.0152145818880162 0.00502807441886587
0.00145427135678392 1.87632777472549 2.15119955595965 8.75262333595331 0.214373188780792 0 0.0604873172389298 0.0148198625291377 0.00487721821478584
0.00147889447236181 1.89010871720125 2.16965639214381 8.73352279206105 0.216419967314838 0 0.0591412437274097 0.0144378530946978 0.0047318686331049
0.0015035175879397 1.90319068114321 2.18723658423278 8.71439701824464 0.218396141139617 0 0.0578326923801665 0.0140678143425653 0.00459159794093938
0.00152814070351759 1.91561117881295 2.20394371398913 8.70019248232907 0.220180321608256 0 0.0564003571068522 0.0136550528884251 0.00443362289705607
0.00155276381909548 1.92740516081245 2.21990034644889 8.68037291209855 0.222041746400787 0 0.0551877525429308 0.0133161892110459 0.00430666535106447
0.00157738693467337 1.93860520107968 2.23510443227045 8.66051541264824 0.223844091108994 0 0.0540096495720919 0.0129881992152132 0.00418428096751139
0.00160201005025126 1.94924167106787 2.24958862937506 8.64059619321504 0.225591108238399 0 0.0528658709673013 0.012671011919454 0.00406642287194706
0.00162663316582915 1.95934247137376 2.26338526952663 8.62060508914427 0.227285956277143 0 0.0517558630025345 0.0123644316409532 0.00395298085613905
0.00165125628140704 1.96893079151675 2.27652218429401 8.60055108069637 0.228930771184645 0 0.0506788603789381 0.0120681658923829 0.00384381884891524
0.00167587939698492 1.97802750867391 2.28902161332324 8.58044912533962 0.230527269584576 0 0.0496342006854315 0.0117819596296451 0.00373879690648663
0.00170050251256281 1.98665265968789 2.30090772085052 8.56032229193243 0.23207685317645 0 0.04862083385413 0.0115054306682372 0.00363774014249179
0.0017251256281407 1.99482547248569 2.31220311281418 8.54019228224077 0.233580861713607 0 0.0476377353971821 0.011238205757704 0.00354047925383228
0.00174974874371859 2.00256439475346 2.32292869082349 8.52006899731599 0.235040865911333 0 0.0466842760664179 0.0109800509269706 0.00344688885099712
0.00177437185929648 2.00988712512048 2.3331556404644 8.49397317852284 0.236625084972309 0 0.0459210006097958 0.0107836859302393 0.00337816346653851
0.00179899497487437 2.01681064279767 2.34280364526758 8.47346991484146 0.238014728684548 0 0.0450329680059271 0.010545448585012 0.00329251787231578
0.00182361809045226 2.02335123716147 2.35194143672163 8.45296427295186 0.239365880633835 0 0.0441729539372226 0.0103157134918981 0.00321024000291836
0.00184824120603015 2.02952453679173 2.36058758684982 8.43249868199734 0.240678903528867 0 0.0433392466066131 0.0100937924624087 0.00313108660373806
0.00187286432160804 2.03534553693987 2.36876032836227 8.41206357361643 0.2419555581253 0 0.0425315319320433 0.00987966597068052 0.00305499644103805
0.00189748743718593 2.04082862616496 2.37647766911466 8.39167241958096 0.243196889025712 0 0.041748935600279 0.00967299806426019 0.00298183080618755
0.00192211055276382 2.04598761212694 2.38375666421716 8.37140560384122 0.244401921128769 0 0.0409888439198361 0.00947293066781823 0.00291124465442741
0.00194673366834171 2.05083585490728 2.39061230969892 8.35112316633241 0.245576051754958 0 0.0402541278058324 0.00928039344869636 0.00284358740297401
0.0019713567839196 2.05538640199082 2.39706235732778 8.33086325452137 0.246719498231508 0 0.0395430730195972 0.00909481984085574 0.00277863102581638
0.00199597989949749 2.05965174333812 2.40312291739669 8.31065166590177 0.247832760430662 0 0.0388543935440162 0.0089157917354568 0.00271619482437678
0.00202060301507538 2.06364380059953 2.40880793612773 8.29048520589541 0.248917132031315 0 0.038187450684757 0.00874309666599227 0.0026561911375636
0.00204522613065327 2.06737395746132 2.41413176472232 8.27034929670651 0.249974201003168 0 0.0375419063658398 0.00857662325598353 0.00259856637978821
0.00206984924623116 2.07085308682824 2.41910890165595 8.2502431702628 0.25100509695186 0 0.0369170908754478 0.00841615450957972 0.00254322867338691
0.00209447236180904 2.07409157678137 2.42375209263792 8.23017409999733 0.252010656345902 0 0.0363121932281937 0.00826143268283614 0.00249006719267019
0.00211909547738693 2.07709935512954 2.4280726382376 8.21012832263019 0.252992313092632 0 0.035726851669104 0.00811233567583251 0.00243903222444656
0.00214371859296482 2.07988591185971 2.43208447813455 8.19010225401013 0.25395115315457 0 0.0351605213299337 0.00796869299760359 0.00239004781418508
0.00216834170854271 2.08246032093653 2.43579996391231 8.17009306228118 0.25488820079059 0 0.0346126253300555 0.00783032013316521 0.00234303865933472
0.0021929648241206 2.08483126066332 2.43922911570678 8.15009816552759 0.255804435519748 0 0.0340825728921808 0.00769702697847888 0.00229793181697198
0.00221758793969849 2.08700703270658 2.44238073304219 8.13012631054692 0.256700443878613 0 0.0335697485490118 0.00756862640811856 0.00225462887779858
0.00224221105527638 2.08899558037524 2.44526814556609 8.11017311976184 0.257577187259424 0 0.0330735171371284 0.00744490814409524 0.0022130683865613
0.00226683417085427 2.09080450568761 2.44790135166244 8.09024909405023 0.258435121265331 0 0.0325931255435357 0.0073256583398821 0.00217315508495519
0.00229145728643216 2.09244108590343 2.45028857932503 8.07036981486326 0.259274498431258 0 0.03212786295731 0.00721062309042917 0.00213478641015024
0.00231608040201005 2.09391228387889 2.45243844835214 8.05052135212607 0.260096482239117 0 0.031677340317357 0.00709970860785905 0.00209793428257097
0.00234070351758794 2.09522475656282 2.45436341305919 8.03074321157949 0.260900479739126 0 0.031240572825141 0.00699260895018329 0.00206244837920534
0.00236532663316583 2.09638488511008 2.45607045901807 8.01100784628422 0.261688032933641 0 0.0308174005583229 0.00688926255457541 0.00202833943388289
0.00238994974874372 2.09739879101706 2.4575648430869 7.99133120833556 0.262459249446364 0 0.0304071725629143 0.00678948215171797 0.00199551838440181
0.00241457286432161 2.09827234672026 2.45885693725302 7.97180518613292 0.263211693929781 0 0.0300077694245792 0.00669260662904507 0.00196373189858352
0.0024391959798995 2.09901118718212 2.4599559113928 7.95239182287547 0.263947153753693 0 0.0296195100683515 0.00659874422812047 0.00193302367521279
0.00246381909547739 2.09962071996363 2.46086654806331 7.93310367990404 0.264665735465218 0 0.0292418308296619 0.00650771893046949 0.00190332480682134
0.00248844221105528 2.10010613502534 2.4615296838342 7.92006393843218 0.265162775370355 0 0.0287631002373002 0.00638483499340257 0.00186162418038917
0.00251306532663317 2.10047241435936 2.46208312548497 7.90038176496313 0.265869736026504 0 0.0284183274775073 0.00630319984032911 0.00183535335669492
0.00253768844221105 2.10072434144537 2.46246970513257 7.88088028046218 0.266559605867046 0 0.0280819405075624 0.00622372967775862 0.00180983221204768
0.00256231155778894 2.10086650928418 2.46269718936521 7.86154718053227 0.267233212628501 0 0.0277538009525498 0.00614640452441245 0.00178505655368971
0.00258693467336683 2.10090332849324 2.46277256880576 7.84247240301491 0.267887882867854 0 0.0274321538899132 0.00607066125670334 0.00176081453284998
0.00261155778894472 2.10083903595688 2.46262909622054 7.83001086646463 0.268306017933464 0 0.0270070044473884 0.00596251508536707 0.00172446152173862
0.00263618090452261 2.10067770108299 2.46240643241219 7.81043448146768 0.268957854530039 0 0.0267160968085153 0.00589551662236223 0.00170337639217412
0.0026608040201005 2.10042323391646 2.46204804663926 7.79114433432256 0.269591108030614 0 0.0264302320395337 0.00582968025715341 0.00168266820814552
0.00268542713567839 2.10007939170399 2.46155718678932 7.77222833530044 0.270202997275016 0 0.0261476293407973 0.00576447219402676 0.00166214863913672
0.00271005025125628 2.09964978519406 2.46087788125958 7.7600225585235 0.270572639365312 0 0.0257631738410751 0.00566750418116848 0.00162980317363664
0.00273467336683417 2.09913788404716 2.46012928469356 7.74060297734064 0.271185318532942 0 0.025508608738164 0.00561021601989563 0.00161210953885926
0.00275929648241206 2.09854702465233 2.4592739021865 7.72161261488784 0.271775745471377 0 0.0252557994367786 0.00555311383158838 0.0015944290430435
0.00278391959798995 2.09788041397444 2.45830384156521 7.70312434699002 0.272341496706357 0 0.0250034265519689 0.00549579267888796 0.0015766153325775
0.00280854271356784 2.09714113561155 2.45715220865436 7.69044296455802 0.27269445274822 0 0.0246663859641598 0.00541211694902051 0.00154905693038132
0.00283316582914573 2.09633215460946 2.45596719547029 7.67153123012488 0.273261242342011 0 0.0244382611551476 0.0053615885261552 0.0015336535831084
0.00285778894472362 2.09545632319334 2.45468105983923 7.65324120311126 0.273799853889549 0 0.0242081436098907 0.00531011311634538 0.00151785261643584
0.00288241206030151 2.09451638431219 2.45322794941224 7.64061328231775 0.274129354139597 0 0.0238972705435143 0.00523355903769099 0.00149281052783948
0.0029070351758794 2.09351497638715 2.45175455014095 7.62195871401804 0.274668894825792 0 0.0236888397542575 0.00518811685431897 0.00147913893372881
0.00293165829145729 2.09245463873455 2.45012034589517 7.61011396323877 0.274957070136178 0 0.0233828850066594 0.00511249693825792 0.00145437666748154
0.00295628140703518 2.09133781357575 2.4484692779077 7.59116020538008 0.275496466547176 0 0.0231940347327086 0.00507244850935851 0.00144259326445986
0.00298090452261307 2.09016685194297 2.4467386187047 7.57307947248062 0.27599959297117 0 0.0229986794172331 0.00503011520489009 0.00142992530605832
0.00300552763819095 2.08894401573536 2.44485615442633 7.56071221840669 0.276289317116155 0 0.0227242307069233 0.00496330370133687 0.00140828715864334
0.00303015075376884 2.08767148254685 2.44296787825344 7.54246002749237 0.276789200729903 0 0.0225453270510097 0.00492543928511865 0.00139717062573246
0.00305477386934673 2.08635134857503 2.44093932600959 7.53047457490289 0.277054431008677 0 0.0222799892838333 0.00486089071069194 0.0013762952233959
0.00307939698492462 2.08498563139182 2.43890668673 7.51213633485226 0.277548960569127 0 0.0221154335246831 0.00482686183162231 0.00136649707194768
0.00310402010050251 2.08357627404396 2.43674059311126 7.5003791214722 0.277796127408955 0 0.021860811838084 0.00476508229004379 0.00134657040161508
0.0031286432160804 2.08212514692134 2.43458030152266 7.48206962543248 0.27828197960681 0 0.0217081565125376 0.00473416856112383 0.00133782596357245
0.00315326633165829 2.0806340517818 2.43228443495333 7.47040765045518 0.27851680244719 0 0.0214655300940638 0.00467555519489303 0.00131899173984931
0.00317788944723618 2.07910472326557 2.43000877084364 7.45224631021945 0.278990338847824 0 0.0213223986468893 0.00464705445897051 0.00131104497739962
0.00320251256281407 2.07753883275573 2.42759527635505 7.44056415011687 0.279217918270767 0 0.0210926740305637 0.00459191197118703 0.00129341417567637
0.00322713567839196 2.07593798945157 2.42520829712613 7.4226764116188 0.279675129876615 0 0.0209567651166241 0.00456511960422732 0.0012860136097892
0.00325175879396985 2.07430374409827 2.42269111199407 7.41085443604784 0.279900753954693 0 0.0207410435695054 0.00451377944281957 0.00126970186766145
0.00327638190954774 2.07263759060202 2.42019750154453 7.39349825135909 0.280332465111629 0 0.0206081099774453 0.00448744261204654 0.00126240228846036
0.00330100502512563 2.07094096797964 2.41758620493471 7.38144277812488 0.280560458196186 0 0.0204070737359707 0.00444014155035916 0.00124748829610911
0.00332562814070352 2.06921526355767 2.41493182382824 7.37026532597013 0.280751800924521 0 0.0201995115647656 0.00439064674458732 0.00123176781832243
0.00335025125628141 2.06746181309799 2.41230116740262 7.35234350691294 0.281197663187811 0 0.0200895881990851 0.00437066081792171 0.00122665346361377
0.0033748743718593 2.06568190501734 2.40955584896586 7.34083376299366 0.28139608819788 0 0.0198970823509231 0.00432533124171696 0.00121238545833712
0.00339949748743719 2.06387678028527 2.40678269939646 7.33005469532507 0.281563626203439 0 0.019700235455568 0.00427848639617294 0.00119753232771414
0.00342412060301508 2.062047634962 2.40403267435383 7.31189253441894 0.282012847597994 0 0.0196072862423454 0.0042630477061904 0.00119396892002522
0.00344874371859296 2.06019562288903 2.40117401578481 7.30066021034221 0.282193057001958 0 0.019426238067167 0.00422061828090838 0.00118065643500895
0.00347336683417085 2.05832185503818 2.39829063491172 7.29002767492976 0.282347605087523 0 0.0192422318366534 0.00417709476183902 0.00116693490950398
0.00349798994974874 2.05642740308506 2.39544128031908 7.27193606875128 0.282789532752064 0 0.0191611285064909 0.00416467465378956 0.00116436128092873
0.00352261306532663 2.05451330033698 2.39248616945863 7.26078720348172 0.282960131286011 0 0.0189929698700788 0.00412560161573437 0.00115218707030203
0.00354723618090452 2.05258054266203 2.38950622654931 7.25012851890154 0.28310953899794 0 0.0188230662649245 0.0040858276839896 0.00113973719856888
0.00357185929648241 2.05063009012448 2.38656618071294 7.23245613296253 0.283531631913889 0 0.0187483524199777 0.00407479768220873 0.00113757725669268
0.0035964824120603 2.04866286910006 2.38352965715469 7.2212898209326 0.283697638496869 0 0.0185934278842095 0.00403921943858524 0.00112658883880522
0.00362110552763819 2.0466797722436 2.38046991499076 7.21049642716702 0.283847276386174 0 0.0184380143031475 0.00400332430778149 0.00111546279567457
0.00364572864321608 2.0446816605854 2.37738974513293 7.200033880399 0.283982227660308 0 0.0182826282115845 0.00396726821054622 0.00110426107138461
0.00367035175879397 2.04266936414888 2.37434517989462 7.18230338850239 0.284403102132783 0 0.0182232919948894 0.00396024285077948 0.00110342696302951
0.00369497487437186 2.04064368398958 2.37121331759356 7.17133307692514 0.284555697260201 0 0.0180819811966274 0.00392813728084295 0.0010935932779239
0.00371959798994975 2.03860539217904 2.36806315782808 7.16061035997453 0.284697154250171 0 0.0179414604213555 0.00389611737468659 0.00108376751033256
0.00374422110552764 2.03655523356872 2.36490012893659 7.15017268553417 0.284826020732194 0 0.0178012086201456 0.00386401881810805 0.00107389812722472
0.00376884422110553 2.03449392587468 2.3617892601555 7.13310602825122 0.285218517405589 0 0.0177468933133939 0.00385789493216894 0.00107328520226296
0.00379346733668342 2.03242216249173 2.35858360185872 7.12207239307311 0.285369489429573 0 0.0176210601968768 0.00382987884798023 0.00106483091756599
0.00381809045226131 2.03034061154943 2.35536167505143 7.11133820219944 0.285507530906275 0 0.0174950400164932 0.0038016612861985 0.00105628285454427
0.0038427135678392 2.02824991701751 2.3521255694019 7.10076497853073 0.285638226747393 0 0.0173705177373712 0.00377375080489546 0.00104782704251175
0.00386733668341708 2.02615070106831 2.34887821733221 7.09038119023882 0.285760475594411 0 0.017247119415342 0.00374604092460254 0.00103942233730636
0.00389195979899497 2.02404356294569 2.34562013353305 7.08010290400278 0.285877704094016 0 0.0171258006863947 0.00371882378785076 0.0010311760900631
0.00391658291457286 2.02192908102688 2.34242464801242 7.06327124428487 0.286259583003114 0 0.017086735638965 0.00371660368878793 0.00103177689346943
0.00394120603015075 2.01980781295434 2.33913985706848 7.052434438249 0.28639866568626 0 0.0169782646415996 0.00369290230219445 0.00102479117826685
0.00396582914572864 2.01768029719552 2.33584574100519 7.04187497897563 0.286526003829882 0 0.0168694998911555 0.00366910392853573 0.0010177098715356
0.00399045226130653 2.01554705229402 2.3325419814122 7.03142062190266 0.286648624890347 0 0.0167625866199246 0.00364574762344155 0.00101075738229931
0.00401507537688442 2.01340857918728 2.32923016253141 7.02106989722287 0.286766633669844 0 0.0166573981092243 0.00362275874541232 0.0010039314693233
0.00403969849246231 2.01126536049306 2.3259103304056 7.01077219977657 0.286882144103493 0 0.0165545095933195 0.00360035508961576 0.000997292911242838
0.0040643216080402 2.00911786188642 2.32258410363211 7.00054829531261 0.286994357746475 0 0.0164536220704087 0.0035784438282687 0.000990809894595708
0.00408894472361809 2.00696653266489 2.31925250308836 6.99039589967786 0.287103414666025 0 0.0163547041156217 0.00355700869493772 0.00098448069525344
0.00411356783919598 2.00481180577652 2.31591491425127 6.98026025073129 0.287211613000602 0 0.0162583465177541 0.00353622892475351 0.000978369845751045
0.00413819095477387 2.00265409927154 2.31257271797243 6.9701643118588 0.287318061622204 0 0.0161642216845996 0.00351601461471768 0.000972442972991653
0.00416281407035176 2.00049381585459 2.30922611181897 6.96009155057971 0.287423491676337 0 0.016072464349365 0.00349640509398426 0.000966715848822441
0.00418743718592965 1.99833134433804 2.30587588162671 6.95004740380244 0.287527728695021 0 0.0159829630829095 0.00347736948889322 0.000961176693634901
0.00421206030150754 1.99616705954726 2.30252224740933 6.94001931640055 0.287631340568455 0 0.0158958049659861 0.00345893587645495 0.000955836236051138
0.00423668341708543 1.99400132212255 2.29916562944561 6.93000274941396 0.287734564360912 0 0.0158109902476737 0.00344110662683304 0.000950695382856294
0.00426130653266332 1.99183448117787 2.29587483968731 6.91350756456312 0.288107659184102 0 0.0158023295395211 0.00344639235191106 0.000953748152316304
0.00428592964824121 1.98966687247174 2.29251456383351 6.9034900830904 0.288211737617366 0 0.0157220418842589 0.00342973169694858 0.000948993627516774
0.0043105527638191 1.987498819907 2.28915300853989 6.89351037499169 0.288314474308656 0 0.0156436966371284 0.00341355748399838 0.000944393731301767
0.00433517587939699 1.98533063564059 2.28571900537428 6.890008642164 0.288146320091848 0 0.0154946570873475 0.00337571843643182 0.000932088906882922
0.00435979899497487 1.98316262080613 2.28235518600802 6.88002902381573 0.288249164929577 0 0.0154210566325315 0.00336078776453054 0.000927904012434539
0.00438442211055276 1.9809950655012 2.27899175610009 6.87006140829474 0.28835187166004 0 0.0153495055073508 0.00334638369822682 0.000923892395387784
0.00440904522613065 1.97882824927202 2.27562959708159 6.8601125670196 0.288454195166615 0 0.0152798840271412 0.00333247299782544 0.000920042213982699
0.00443366834170854 1.97666244190023 2.27226956037649 6.8501881113457 0.288555935949608 0 0.0152120983587302 0.00331902682155492 0.000916343203075952
0.00445829145728643 1.97449790294063 2.26891204299014 6.84028898463607 0.288657088520023 0 0.0151460931116965 0.00330603173211027 0.000912790903495277
0.00448291457286432 1.97233488263293 2.26555740686541 6.83042355857268 0.288757331916482 0 0.0150817355611441 0.00329344802898524 0.000909372019256372
0.00450753768844221 1.97017362213055 2.26220491473159 6.82056417543273 0.2888578673927 0 0.015019309266114 0.00328136279528332 0.00090611662197587
0.0045321608040201 1.96801435362088 2.25885649947898 6.81079079506858 0.288955337615985 0 0.014957896479509 0.00326950263095113 0.000902925989195332
0.00455678391959799 1.96585730098229 2.2555109780055 6.801068955793 0.289051223235697 0 0.0148977948183918 0.00325795302683694 0.000899838621366984
0.00458140703517588 1.96370267962911 2.25216775377852 6.7913853168703 0.289146114968786 0 0.0148391782743561 0.00324677419357576 0.000896867747718076
0.00460603015075377 1.96155069698181 2.2488286265814 6.78179247078145 0.289237794496502 0 0.0147814285200011 0.00323577547368349 0.000893947783035128
0.00463065326633166 1.95940155302177 2.24549378742921 6.77229232340011 0.289326192587923 0 0.0147244715447584 0.00322493638760733 0.000891073772617899
0.00465527638190955 1.95725543956362 2.24216580973882 6.76305664104919 0.289403969749983 0 0.0146664349267937 0.00321368203228405 0.000888038304227309
0.00467989949748744 1.95511254227271 2.23877530244249 6.76003865538612 0.289216177886048 0 0.0145432311100024 0.00318237539816311 0.000877880033487274
0.00470452261306533 1.95297303884116 2.23545387097838 6.75022713846923 0.28931960344138 0 0.0144950887308771 0.00317398704069458 0.000875840252887164
0.00472914572864322 1.95083710083247 2.23213720613329 6.74049866912033 0.289420293155709 0 0.0144477340883106 0.00316576455465639 0.000873848485220882
0.00475376884422111 1.94870489289927 2.22882673057812 6.73090707040879 0.289515940795915 0 0.0144005654741238 0.00315752247563234 0.00087183967008878
0.00477839195979899 1.94657657387217 2.22552321298274 6.72141157584746 0.289608299076186 0 0.0143538730507609 0.00314935893670017 0.000869859075382667
0.00480301507537688 1.94445229602762 2.22222891094823 6.71208950919579 0.289694035421258 0 0.01430718094609 0.00314111380906558 0.000867813879094898
0.00482763819095477 1.94233220589656 2.2189446948709 6.70311663406236 0.289765539215962 0 0.0142582100597071 0.00313209736007412 0.000865495168078161
0.00485226130653266 1.94021644466324 2.21559581658232 6.70011059126286 0.289579764130063 0 0.0141477876265161 0.00310412573964932 0.000856444938827257
0.00487688442211055 1.93810514703819 2.21231411179017 6.69044270419714 0.289682646235405 0 0.0141094282847291 0.00309822071934331 0.000855212120676802
0.00490150753768844 1.93599844358798 2.20904271413142 6.68094266656671 0.28977923329237 0 0.0140707954004113 0.00309216514613018 0.000853915793830848
0.00492613065326633 1.93389645860973 2.20578376916964 6.671626043995 0.289868833453336 0 0.0140316972445234 0.00308589977874853 0.000852535405566447
0.00495075376884422 1.93179931203994 2.20253715977688 6.66262093022912 0.289945853481644 0 0.0139907553383668 0.00307899974540199 0.000850919547109172
0.00497537688442211 1.92970711933381 2.19922553279364 6.66005844156077 0.289743271213937 0 0.0138840339455339 0.00305177868021057 0.000842083308068128
0.005 1.92761999039482 2.19597955176687 6.65042761045359 0.289849029762366 0 0.0138526010189165 0.00304767087526684 0.000841438686863253
