rhoc M Mb R C kl_1 kl_2 kl_3 kl_4
0.000617085427135678 0.480926086506009 0.497603376258343 8.71413490725985 0.0551891945240994 0 0.0991344057428976 0.0261580655827006 0.00949196175974489
0.000641708542713568 0.516348609994317 0.535606389200697 8.66793908332073 0.0595699398704706 0 0.103470625137767 0.0277831913653286 0.010242310317298
0.000666331658291457 0.552413860184065 0.574499014591217 8.63192771154218 0.0639965809080404 0 0.107046174108298 0.0291420718319154 0.0108866710853897
0.000690954773869347 0.589006106069196 0.614160177409499 8.60345321684665 0.0684615922494758 0 0.109919615963658 0.0302627432870938 0.0114261110813132
0.000715577889447236 0.626013585168782 0.654476050348711 8.58096032647661 0.0729537908755053 0 0.112144183956895 0.0311450032337196 0.0118614982683343
0.000740201005025126 0.663329338779112 0.695348382303054 8.56310482997847 0.0774636480516822 0 0.11377638997393 0.0318313467230243 0.0121964462314878
0.000764824120603015 0.700851296534065 0.736656222348507 8.54891212517128 0.0819813429208718 0 0.114830086888561 0.0322966118218473 0.0124353730336463
0.000789447236180905 0.738482303659068 0.778322065600065 8.53676802037598 0.0865060760578737 0 0.115441588205351 0.0325961924026524 0.0125967877326211
0.000814070351758794 0.776130432295754 0.820228420958669 8.52709386779391 0.0910193372242718 0 0.115588588773077 0.0327195270260864 0.012672962039696
0.000838693467336683 0.813709498830181 0.862285793782608 8.52050390572187 0.0955001614732835 0 0.115255188235352 0.0326605252753691 0.012657145153466
0.000863316582914573 0.851140334978472 0.90441929350677 8.51251622948991 0.0999869265482123 0 0.114719808576773 0.0325291166703283 0.0126108445971482
0.000887939698492462 0.888349816393301 0.94653351876674 8.5057029392659 0.104441669634652 0 0.113868975721997 0.0322737969962947 0.0125031833291129
0.000912562814070352 0.925270389991651 0.988548358738554 8.50109529260339 0.108841314929937 0 0.112628326173269 0.031873798208724 0.0123252917749843
0.000937185929648241 0.961840018768803 1.03041104196841 8.49444505021645 0.113231648810807 0 0.111339942466936 0.0314531966736176 0.0121363131792373
0.000961809045226131 0.99800209864773 1.07202331099251 8.49053076867532 0.117542957659341 0 0.109656687749547 0.030887369479468 0.0118795158401663
0.00098643216080402 1.03370584297963 1.11336007146473 8.48299889853588 0.121856180266397 0 0.108048985225088 0.0303514788753995 0.0116392393269961
0.00101105527638191 1.06890618451366 1.15433568055655 8.47601388213425 0.126109536791427 0 0.106260471170779 0.0297458782964185 0.011366607438347
0.0010356783919598 1.10356288127508 1.19489918319015 8.4713622681538 0.130269825128797 0 0.104204089978433 0.0290445126103346 0.0110456197365371
0.00106030150753769 1.13764026127573 1.23502335994666 8.46327942143132 0.134420737473812 0 0.102251544051656 0.0283843548575189 0.0107475730441252
0.00108492462311558 1.17110700090155 1.27464471721168 8.45519799694033 0.138507342030942 0 0.100204052823995 0.0276905234937911 0.0104349308410344
0.00110954773869347 1.20393589616407 1.31371075005561 8.45036839711743 0.142471409480177 0 0.0978872373067147 0.0268979274884562 0.0100763874914474
0.00113417085427136 1.23610375794607 1.35222513751033 8.44105838182022 0.146439427620629 0 0.0957744407724973 0.0261864861826228 0.009758421343607
0.00115879396984925 1.26759156949228 1.39013200418922 8.43137642703925 0.150342186766462 0 0.0936225478734811 0.0254656100794525 0.00943809042310464
0.00118341708542714 1.29838377688985 1.42740596687315 8.42150801046438 0.154174736315219 0 0.09144661319711 0.0247364928008826 0.00911572909373751
0.00120804020100503 1.32846789796251 1.46402089533457 8.41135168576532 0.157937504885297 0 0.089258851565836 0.0240076858357613 0.00879436023585399
0.00123266331658291 1.35783429683866 1.49995639380641 8.40104765623353 0.161626781849184 0 0.0870658825927325 0.0232809327831496 0.00847442266461247
0.0012572864321608 1.38647596624561 1.53519187358402 8.39046709187775 0.165244193328375 0 0.0848728571525277 0.0225571283598135 0.00815865805297274
0.00128190954773869 1.4143883166613 1.56974474067335 8.37469791984581 0.168888278741324 0 0.082930895825945 0.0219289568159432 0.00788974806017563
0.00130653266331658 1.44156898313031 1.60354488746566 8.36295012334985 0.172375652355664 0 0.0807979837952228 0.0212325743661642 0.00758944283414789
0.00133115577889447 1.46801783370817 1.63660195120865 8.35129378759971 0.175783282332605 0 0.0786696617933341 0.0205418918618835 0.00729323645356948
0.00135577889447236 1.49373676070772 1.66891266831208 8.34002389919371 0.179104613939072 0 0.0765407967192267 0.0198535111189046 0.00699995286232601
0.00138040201005025 1.51872926941917 1.70051277280982 8.32240193421663 0.182486892777322 0 0.0747224964761659 0.0192808217960562 0.0067597856313231
0.00140502512562814 1.54300030609835 1.7313165498251 8.31048566110215 0.185669089511877 0 0.0726700086761223 0.0186256588529036 0.00648361857279439
0.00142964824120603 1.56655610817599 1.7614055039634 8.29257245692537 0.188910753124348 0 0.0709002546749849 0.0180736383088173 0.0062556848117832
0.00145427135678392 1.58940406421779 1.79069289529579 8.28028070241479 0.191950505223122 0 0.0689190261538904 0.0174493664554949 0.0059961584673668
0.00147889447236181 1.6115525826416 1.81926867013802 8.26181240847454 0.195060418097674 0 0.0672256342505861 0.0169287851989797 0.00578362123843023
0.0015035175879397 1.63301097089668 1.84708803207024 8.24392870072832 0.198086498583182 0 0.065535107224623 0.0164098149319099 0.00557307497240357
0.00152814070351759 1.6537893352572 1.87411376491783 8.23061841636908 0.200931357960678 0 0.0636988090947352 0.0158431430419167 0.00534192850560286
0.00155276381909548 1.67389857823657 1.90044031312022 8.21180592853286 0.203840494137887 0 0.0621103900668126 0.0153639910654201 0.00514993076889205
0.00157738693467337 1.69335022837136 1.92602641039188 8.19327384792477 0.206675653688819 0 0.0605440704991824 0.0148928408641941 0.00496237167075491
0.00160201005025126 1.71215628204138 1.95083007370383 8.18014258674616 0.209306410479384 0 0.0588169260234923 0.0143692521669695 0.00475271204000949
0.00162663316582915 1.73032912420595 1.97495640960263 8.16069711211149 0.212032023788498 0 0.0573543775942276 0.0139368213001761 0.00458313271726589
0.00165125628140704 1.74788145633113 1.99836725008527 8.14136345072038 0.214691490794022 0 0.0559225744306332 0.0135164131135759 0.00441884455417726
0.00167587939698492 1.76482623082836 2.02107116523722 8.12209585883373 0.21728704776476 0 0.0545218907442958 0.0131071981204144 0.00426009176362616
0.00170050251256281 1.78117659117417 2.04307680036875 8.10279269373788 0.21982255482739 0 0.0531572709081589 0.0127112144764068 0.00410731341725864
0.0017251256281407 1.79694581807732 2.06439213809544 8.08348185149266 0.222298491057477 0 0.0518288622555673 0.0123275042661469 0.00396028889463702
0.00174974874371859 1.81214728021244 2.0850280191423 8.06408654284295 0.224718233191676 0 0.050537488185089 0.0119581028046955 0.00381924358938424
0.00177437185929648 1.82679439109678 2.10494544689393 8.05015350362385 0.2269266530476 0 0.0491159314982349 0.011545100252849 0.0036613082338905
0.00179899497487437 1.84090058258174 2.12425912489629 8.03028642162391 0.229244697626796 0 0.0479122378176308 0.0112053852176032 0.0035337137494519
0.00182361809045226 1.85447926379103 2.14292920874629 8.01042390695253 0.231508255409737 0 0.0467426154043532 0.010877218183821 0.00341116276968277
0.00184824120603015 1.86754377468469 2.16096560809772 7.99050049244338 0.233720500543217 0 0.0456071286746746 0.0105605968014171 0.00329376049987585
0.00187286432160804 1.88010735784631 2.1783814545598 7.97054961308449 0.235881770908234 0 0.0445053308597447 0.0102552037820934 0.00318122016093475
0.00189748743718593 1.89218313419167 2.19518784699623 7.95059599407234 0.237992615346373 0 0.043436721801676 0.0099607060203095 0.00307329720570831
0.00192211055276382 1.9037840818021 2.21139943688237 7.93061646972548 0.240054993085298 0 0.0423997000799149 0.00967729619101144 0.0029699179613225
0.00194673366834171 1.9149230173704 2.2270234404391 7.91063935418896 0.242069310915607 0 0.0413949811981626 0.00940437888596355 0.00287082939933391
0.0019713567839196 1.92561257943261 2.24207716790656 7.89059986349208 0.244038807282822 0 0.0404209374539428 0.00914080472382222 0.00277608485845998
0.00199597989949749 1.93586521521977 2.2565689911757 7.87058625938463 0.245962009870803 0 0.0394772532376522 0.00888764357452491 0.00268524364903955
0.00202060301507538 1.94569316806243 2.270511017124 7.8505308548453 0.24784224201368 0 0.0385632473858359 0.00864347656678032 0.00259836495865004
0.00204522613065327 1.95510846763472 2.28392027955917 7.83046721014157 0.249679669828969 0 0.0376774242788337 0.00840796712911422 0.00251519297032447
0.00206984924623116 1.96412292065995 2.29680253037123 7.81040631126079 0.251475127206653 0 0.0368193128709383 0.00818207403323259 0.00243555034763427
0.00209447236180904 1.97274809717151 2.30917226236224 7.79036986852143 0.253229067485332 0 0.0359883706003458 0.00796393993880236 0.00235923720129245
0.00211909547738693 1.98099532712405 2.32104354688737 7.77031744276622 0.254943937839793 0 0.0351836624144889 0.00775416843509916 0.00228622856527275
0.00214371859296482 1.98887570274082 2.33242793186459 7.75029950851916 0.256619205561623 0 0.0344044368484952 0.00755228561503093 0.00221625705813366
0.00216834170854271 1.9964000752642 2.34333045473909 7.73021461296959 0.258259333694912 0 0.0336501404551011 0.00735781585218876 0.00214945374747939
0.0021929648241206 2.00357905246307 2.35376940717116 7.7101855471915 0.259861327616543 0 0.0329197268336601 0.00717086687545378 0.0020853797171979
0.00221758793969849 2.01042299752637 2.36375652680176 7.69015958319943 0.261427994539737 0 0.0322125327616479 0.00699098499975086 0.00202404952110692
0.00224221105527638 2.01694202878921 2.37329985681555 7.670131468297 0.262960555125534 0 0.0315280064225555 0.00681753701467006 0.00196535816165337
0.00226683417085427 2.02314601959222 2.38240973520653 7.65012249446385 0.264459297358481 0 0.0308657944260908 0.00665064773052358 0.00190914412671265
0.00229145728643216 2.02904459990127 2.39109946000968 7.63013178611104 0.265925236520121 0 0.0302247052428394 0.0064903191801421 0.00185530375524592
0.00231608040201005 2.03464715694166 2.39937946790165 7.6101039854826 0.267361281898782 0 0.0296042947405202 0.00633584397840815 0.00180385314175121
0.00234070351758794 2.03996283776182 2.40726076237633 7.59011220738596 0.268765834025052 0 0.0290039929836107 0.00618713592999414 0.00175453362497228
0.00236532663316583 2.0450005515884 2.41475163074007 7.57015171741635 0.270139969174402 0 0.0284228637783252 0.00604424561691748 0.00170726395555774
0.00238994974874372 2.04976897202972 2.42186137083912 7.55015583499552 0.271486975477896 0 0.0278606019335283 0.00590659870822836 0.00166208836827861
0.00241457286432161 2.05427653953309 2.42860468500536 7.53020503078596 0.272804861372901 0 0.0273164469464638 0.00577409549763962 0.00161875735091948
0.0024391959798995 2.05853145252465 2.43498950516208 7.51026398089009 0.274095751862065 0 0.0267897684917086 0.00564657263403243 0.00157725953030674
0.00246381909547739 2.06254168082131 2.4410238945756 7.49032795071198 0.275360664365205 0 0.0262800875734441 0.00552376439470476 0.00153752409743113
0.00248844221105528 2.06631497730581 2.44671718523716 7.47042724865418 0.276599303965923 0 0.0257863326737677 0.00540548072611052 0.00149941961988228
0.00251306532663317 2.06985888137232 2.45208044372289 7.45056220871046 0.27781244198625 0 0.0253083152506347 0.00529156342036672 0.00146287594868979
0.00253768844221105 2.07318072292605 2.45712505244483 7.4307684383233 0.278999505923758 0 0.0248455026763957 0.0051817719995235 0.00142776471687348
0.00256231155778894 2.07628762588333 2.46185669600254 7.4109847880408 0.280163525532242 0 0.0243968152354868 0.00507591102037945 0.00139412983234875
0.00258693467336683 2.07918651285829 2.46628256069826 7.39125652624593 0.281303524708582 0 0.0239619608000558 0.00497380013607187 0.00136183232743057
0.00261155778894472 2.08188410898688 2.4704138714875 7.3716202978164 0.282418793274468 0 0.0235401606688522 0.00487519654169042 0.0013307561877444
0.00263618090452261 2.08438694603573 2.47425987213123 7.3520455062029 0.28351115948305 0 0.0231306435987315 0.00478180783209602 0.00130089989295575
0.0026608040201005 2.08670136712403 2.4778262064579 7.33253819698086 0.284581042889517 0 0.0227347481424056 0.0046882963302667 0.0012722026884566
0.00268542713567839 2.08883353061183 2.48112005949715 7.31318745549863 0.28562559668032 0 0.0223484429049153 0.00459920486492794 0.00124447879366738
0.00271005025125628 2.09078941452205 2.48405892718436 7.30011198952269 0.286405115089029 0 0.0218807094636214 0.00448645059409413 0.00120856235402411
0.00273467336683417 2.09257482102368 2.48683059199341 7.28035749599471 0.287427481710193 0 0.0215268842188461 0.00440615724688835 0.00118390273017027
0.00275929648241206 2.0941953807437 2.48935601002929 7.26073980842153 0.288427272702253 0 0.0211828305791964 0.004328407003245 0.0011600931224898
0.00278391959798995 2.09565655702597 2.49164214119568 7.24130285517187 0.289403246755412 0 0.0208475212728894 0.00425290407715459 0.00113703721171333
0.00280854271356784 2.09696365009091 2.49369880054489 7.22202753587395 0.290356640108982 0 0.0205208868278354 0.00417952477981603 0.00111473190569072
0.00283316582914573 2.09812180166986 2.49552592546241 7.2029016412813 0.291288414886176 0 0.0202024835984921 0.00410836562548225 0.00109316328007671
0.00285778894472362 2.09913599825194 2.49703409012271 7.1901560473447 0.291945819316 0 0.0198071267038599 0.00401503023436503 0.00106399360036963
0.00288241206030151 2.10001107637704 2.49842217229673 7.17056376836802 0.292865546449912 0 0.0195168680772125 0.0039513665164053 0.00104496508618966
0.0029070351758794 2.10075172580981 2.49960956668902 7.15124460305825 0.293760295223494 0 0.0192327405109442 0.00388895615463397 0.00102639701956321
0.00293165829145729 2.10136249445505 2.50059559081113 7.13222189157125 0.294629433352095 0 0.0189545428239743 0.00382821746920621 0.00100824070858915
0.00295628140703518 2.1018477913004 2.50137681039771 7.11292164699104 0.2954971101347 0 0.0185951904557508 0.00374419548755749 0.000991204316627594
0.00298090452261307 2.10221189129058 2.50188638316591 7.10045777430953 0.296067092870643 0 0.0183428173177284 0.0036901845152493 0.000966504533613681
0.00300552763819095 2.10245893746904 2.502301860889 7.08124772496074 0.296905152754092 0 0.0180940582876285 0.00363688504625799 0.000950910493697555
0.00303015075376884 2.10259294704683 2.50254964869776 7.06240541310592 0.297716262952703 0 0.0178490964080024 0.00358439585857793 0.000935547453426686
0.00305477386934673 2.10261781378775 2.50251683553419 7.05013688289388 0.298237870939704 0 0.0175298901316685 0.0035108775512607 0.000913161719313429
0.00307939698492462 2.10253731031053 2.50241767395355 7.03084182719088 0.299044888505276 0 0.0173075979541447 0.00346426241766105 0.000899717442433652
0.00310402010050251 2.10235509444149 2.5021669511197 7.01200592973499 0.299822207155628 0 0.0170869289180354 0.00341786907606964 0.000886340255711679
0.0031286432160804 2.10207471059337 2.50165164836167 7.00008570367908 0.300292710629038 0 0.0167901617770511 0.00334997114334433 0.000865822666529606
0.00315326633165829 2.10169959313858 2.50108548840987 6.9808012005956 0.301068535365147 0 0.0165902136232514 0.00330894104763352 0.000854178320187441
0.00317788944723618 2.10123307055655 2.50037381082114 6.96208025592325 0.301811095723703 0 0.0163900855569049 0.00326756461397348 0.000842442787014268
0.00320251256281407 2.10067836847191 2.49942616095656 6.95014731700149 0.302249473667014 0 0.0161177006722665 0.00320587745685858 0.000823963730939677
0.00322713567839196 2.10003861108625 2.49842887455687 6.93108665705967 0.302988364594642 0 0.0159357293985442 0.00316917817565443 0.000813690564752472
0.00325175879396985 2.09931682731688 2.49731456731278 6.91270120451926 0.303689797259634 0 0.0157520248977443 0.00313171758957064 0.000803178678190428
0.00327638190954774 2.09851595083868 2.4959562046321 6.90046600419191 0.304112207721024 0 0.0155054297975184 0.00307656028642227 0.000786820144296732
0.00330100502512563 2.09763882417431 2.49459008002169 6.88181523231784 0.304808942606239 0 0.0153376172862546 0.00304309177302019 0.000777571354157867
0.00332562814070352 2.09668820179382 2.49299349087425 6.87016415656199 0.305187496836037 0 0.0150984547027607 0.00298964319740701 0.000761745038894006
0.00335025125628141 2.09566675168946 2.49138970492066 6.85132575052521 0.305877552461844 0 0.0149448084905362 0.00295964744413606 0.000753593884321973
0.0033748743718593 2.09457705938262 2.48956956158602 6.84003096170536 0.306223330144167 0 0.014714793284747 0.00290836476523732 0.000738477170702525
0.00339949748743719 2.09342162919818 2.4877419329514 6.82101524386917 0.306907630954172 0 0.0145744085595836 0.00288169189409753 0.00073133726808214
0.00342412060301508 2.09220288714866 2.48581216044161 6.80300873264087 0.307540820447615 0 0.0144278071579489 0.00285311325986258 0.000723589914314915
0.00344874371859296 2.09092318445682 2.4836761706813 6.79086451669198 0.307902356072238 0 0.0142251248559386 0.00280875288209492 0.000710693781610175
0.00347336683417085 2.0895847982332 2.4815470010531 6.77289440041127 0.308521685810769 0 0.0140886378461043 0.00278255315280878 0.000703685641302463
0.00349798994974874 2.08818993441303 2.4792195790439 6.76085661168739 0.308864697825896 0 0.0138958410419857 0.00274065064959746 0.000691562881419621
0.00352261306532663 2.08674073034725 2.47691274047127 6.74309626892359 0.309463286170814 0 0.0137676318851232 0.00271638816851143 0.000685081951632405
0.00354723618090452 2.08523925609408 2.47439917001776 6.73099831832375 0.309796431001542 0 0.0135857394713936 0.00267699741072094 0.000673831425439086
0.00357185929648241 2.08368751791371 2.47182974770624 6.72004452463019 0.310070492877929 0 0.0133985581721122 0.00263619139814867 0.000661976924009183
0.0035964824120603 2.08208745804534 2.46924869275029 6.70132545828084 0.31069785686539 0 0.0132935349582266 0.0026177436892776 0.000657370338281968
0.00362110552763819 2.08044095936752 2.4665080923008 6.69019979421347 0.310968434928796 0 0.0131178344117777 0.00257965870951879 0.000646417278079403
0.00364572864321608 2.07874984473986 2.46379751559985 6.67194692903623 0.311565704411282 0 0.0130166877435144 0.00256188400207154 0.000641997424480816
0.00367035175879397 2.07701588088066 2.46089083885683 6.66055755664388 0.311838140158229 0 0.0128529590237293 0.00252682694859536 0.000631972803311506
0.00369497487437186 2.07524077837141 2.45805050752311 6.64285217879191 0.312402071055692 0 0.012754144499798 0.00250947648432944 0.000627646137958292
0.00371959798994975 2.07342619500482 2.45501364388605 6.6311957361995 0.312677573923214 0 0.0126021225471115 0.00247716368992781 0.00061850361355069
0.00374422110552764 2.07157373672177 2.45191162467169 6.62021736914856 0.312916271658343 0 0.0124476916478236 0.00244419807405221 0.0006091307280264
0.00376884422110553 2.06968495831059 2.4488713647147 6.60220263497289 0.313484010222156 0 0.0123634552436329 0.0024303379228432 0.000605870312417283
0.00379346733668342 2.06776136732872 2.44565272290345 6.59087117397078 0.31373111577342 0 0.0122207104830017 0.00240022572287338 0.00059738441035096
0.00381809045226131 2.06580442313736 2.44237904510944 6.58012414565621 0.313946116731107 0 0.0120767941285884 0.00236964043535544 0.000588735190841248
0.0038427135678392 2.06381553930192 2.43915680648553 6.56212411765112 0.314504191371597 0 0.0120034810389465 0.0023582747506236 0.000586189820589777
0.00386733668341708 2.06179608628787 2.43577623878176 6.5508922601051 0.314735154300155 0 0.0118711151807503 0.00233058189158532 0.000578472918613396
0.00389195979899497 2.05974739061026 2.43235254675132 6.54019277699255 0.31493680092369 0 0.0117381853075891 0.00230263632330294 0.000570618018729405
0.00391658291457286 2.0576707373136 2.42896943378302 6.52242859303485 0.3154761616725 0 0.0116720975018899 0.00229282747137991 0.000568549896412172
0.00394120603015075 2.05556737210709 2.4254408820005 6.51121300611072 0.315696533069638 0 0.0115507588516505 0.00226773574697125 0.000561596082987524
0.00396582914572864 2.05343850090277 2.42187801354141 6.50043689240325 0.315892383064672 0 0.0114290507323601 0.00224243189160819 0.000554558834691169
0.00399045226130653 2.05128529214288 2.41828253077572 6.49002711157135 0.316067291689052 0 0.0113076327293598 0.00221705684404604 0.000547498527180363
0.00401507537688442 2.04910887705204 2.41472095810421 6.47202712627897 0.316610056952921 0 0.0112557466354441 0.00221070436352525 0.000546419673052264
0.00403969849246231 2.04691035282476 2.41102315055026 6.46109392801177 0.316805540304945 0 0.0111453334097571 0.00218801620511823 0.00054019599946795
0.0040643216080402 2.04469078117702 2.40729721633327 6.45040208011503 0.316986562354041 0 0.0110354758280183 0.00216546550272399 0.000534021525528851
0.00408894472361809 2.04245119091792 2.40355076800847 6.44006752572419 0.317147480637363 0 0.0109265682006582 0.00214300928837557 0.000527809930388502
0.00411356783919598 2.04019257841004 2.39986503795218 6.42232666337942 0.317671878953677 0 0.0108824359845704 0.00213824509673813 0.000527256646693205
0.00413819095477387 2.03791590902814 2.39603080064465 6.41150730769362 0.317852856002004 0 0.010783636195922 0.00211833470299585 0.000521796232488617
0.00416281407035176 2.03562211842336 2.39216571654419 6.40087311007687 0.318022570267591 0 0.010685676307666 0.00209853307116907 0.000516406038316406
0.00418743718592965 2.03331211149943 2.38827765114001 6.39039506778285 0.318182536436654 0 0.0105891242706129 0.00207900414732872 0.000511105021424923
0.00421206030150754 2.03098676587006 2.38437170988379 6.38010065245846 0.318331461602797 0 0.0104939126047294 0.002059769657777 0.000505870758586609
0.00423668341708543 2.02864693128103 2.38055396700394 6.36281559507114 0.318828496751107 0 0.0104589276746147 0.00205687158834333 0.00050579364866117
0.00426130653266332 2.02629343098136 2.37659097144743 6.35207383013078 0.318997147257598 0 0.0103725142158022 0.00203974306278867 0.000501224849163052
0.00428592964824121 2.02392706233939 2.37260260600301 6.34145569808965 0.319158117425483 0 0.0102875028487786 0.00202302099908878 0.000496746960121539
0.0043105527638191 2.0215485972278 2.36859265253442 6.33097999399142 0.319310533147539 0 0.0102040018914007 0.00200653809655271 0.000492344065475775
0.00433517587939699 2.01915878377648 2.36456476510651 6.3206660131376 0.319453484740315 0 0.010121905034519 0.00199031391398135 0.000488000311737322
0.00435979899497487 2.0167583465158 2.36051642313145 6.31038120302941 0.319593742696181 0 0.0100417459049112 0.0019745393666459 0.000483805276609878
0.00438442211055276 2.01434798656775 2.35645247529127 6.30019000755454 0.3197281326678 0 0.0099632716917407 0.00195911292179912 0.000479710466920654
0.00440904522613065 2.01192838395637 2.35237460022043 6.29007268500261 0.319857732129774 0 0.00988664829080881 0.00194409667392564 0.000475726155945984
0.00443366834170854 2.00950019647799 2.3482832039844 6.28000049010808 0.319984082747008 0 0.0098118527726207 0.00192950431263932 0.000471868431761832
0.00445829145728643 2.00706406115898 2.34427286064295 6.26264991803822 0.320481599231352 0 0.00979597187851452 0.0019311849647641 0.000473073638874998
0.00448291457286432 2.00462059567533 2.34014834608297 6.25230822040239 0.320620885121098 0 0.00972747092588429 0.0019186505675033 0.000469673312910918
0.00450753768844221 2.00217039752673 2.33601208666389 6.24204994142826 0.320755267310246 0 0.00966050317875584 0.001905238581657 0.000466360732489577
0.0045321608040201 1.99971404540677 2.33186434181721 6.23183623069574 0.320886809501975 0 0.00959512388783589 0.00189284092438699 0.00046315953577558
0.00455678391959799 1.99725209966434 2.32770732785272 6.22169617549721 0.321014084154427 0 0.00953132301353563 0.00188086524033206 0.000460047146351857
0.00458140703517588 1.99478510313734 2.32353906913 6.21153865826288 0.321141864018472 0 0.0094693899049891 0.00186923663808713 0.000457081740970974
0.00460603015075377 1.99231358109216 2.31936460384606 6.20147808032522 0.32126431074762 0 0.00940906611295689 0.00185795146508287 0.000454183987719128
0.00463065326633166 1.9898380422128 2.31518155793559 6.19141809166567 0.321386476046796 0 0.00935029718197395 0.00184703821274278 0.000451415295656181
0.00465527638190955 1.98735897895957 2.31099283373669 6.18141293100407 0.321505617104398 0 0.00929303334165466 0.00183652047231498 0.000448736978015521
0.00467989949748744 1.98487686825511 2.30679610240265 6.17136985035477 0.321626626889167 0 0.00923767380479928 0.00182626888699267 0.000446207256248246
0.00470452261306533 1.98239217159182 2.30259840314397 6.16146153083112 0.321740574321887 0 0.00918364278064576 0.00181657894804583 0.000443710453092364
0.00472914572864322 1.97990533579369 2.29839568612333 6.15154568789095 0.321854934718447 0 0.0091312646748513 0.0018069382579304 0.000441337341856734
0.00475376884422111 1.97741679336329 2.29419100821184 6.14168597743718 0.321966443844209 0 0.00908007931914048 0.00179773244784448 0.000439043958115797
0.00477839195979899 1.97492696286207 2.28998388323014 6.13184078780093 0.32207733879704 0 0.00903038445939368 0.0017889236241766 0.000436855059361141
0.00480301507537688 1.97243624943023 2.28577592446667 6.12203367108062 0.322186442512995 0 0.00898204203257942 0.00178033285135761 0.00043475309688168
0.00482763819095477 1.96994504530956 2.28156846682814 6.11229097645479 0.322292419143329 0 0.00893480145267405 0.00177199629440334 0.000432719044713939
0.00485226130653266 1.96745372980055 2.27736067449596 6.10258710142829 0.322396665070143 0 0.00888894294538543 0.0017639735655145 0.000430767290560819
0.00487688442211055 1.96496267004411 2.27305182681214 6.10000152562674 0.32212494731175 0 0.00884425156394625 0.00175619617644837 0.00042444869191063
0.00490150753768844 1.96247222125576 2.26883101882919 6.09005215379521 0.322242268489077 0 0.00875255333256716 0.00173525360872818 0.000422872315332724
0.00492613065326633 1.95998272707454 2.26461195989093 6.08015684911535 0.322357264082704 0 0.0087128681753941 0.00172870542053662 0.000421361955254509
0.00495075376884422 1.95749451994892 2.26039734067724 6.07032680609175 0.322469379734962 0 0.00867427104683781 0.00172239245970876 0.000419909005090361
0.00497537688442211 1.95500792184992 2.25618828515392 6.06055192885414 0.322579188298375 0 0.00863656620417295 0.00171627817025295 0.000418518230517009
0.005 1.952523243055 2.25198663244764 6.0508539080033 0.3226855701263 0 0.00859993172025408 0.00171032540604151 0.000417174525665003
