rhoc M Mb R C kl_1 kl_2 kl_3 kl_4
0.000469346733668342 0.288646226155251 0.294639259175397 9.43260863066213 0.0306008907458497 0 0.0572982380651406 0.0123373740681131 0.00366311988596643
0.000493969849246231 0.317444254978444 0.324714489705192 9.23069176710812 0.0343900828873518 0 0.0657926237904138 0.0149114626549311 0.00466563829459056
0.000518592964824121 0.347615884610134 0.356356116453899 9.07366600115205 0.0383104121934838 0 0.0737907819718039 0.0174511508365329 0.00568855441318148
0.00054321608040201 0.379103417870768 0.389519123129014 8.95100925528725 0.0423531477913327 0 0.0811611890885906 0.0198869070170719 0.00671054755013167
0.0005678391959799 0.411780657313006 0.424091175010313 8.85440113109227 0.046505760380229 0 0.0878273398402887 0.0221635235087857 0.00769942056145046
0.000592462311557789 0.445499373343728 0.459925711029999 8.77863506282874 0.0507481368293917 0 0.0937268723035925 0.0242441370339666 0.00862483055005492
0.000617085427135678 0.480104983124128 0.496880368283203 8.71950222551449 0.0550610540266018 0 0.0988559412121578 0.0260984234723467 0.00946350430644207
0.000641708542713568 0.515465039953507 0.534833553892436 8.67232754964956 0.0594379117950102 0 0.103178094492845 0.0277012039919315 0.0102152383935161
0.000666331658291457 0.551466143014534 0.57366233165333 8.63547984185353 0.0638605095621608 0 0.106786350635207 0.029065930839863 0.0108595731060019
0.000690954773869347 0.588000616319372 0.613265878817372 8.60685076979546 0.0683177426966526 0 0.109655260708965 0.0301833765156934 0.0113939320900989
0.000715577889447236 0.624965459336124 0.653547606348851 8.58311790475533 0.0728133373293023 0 0.111924324345379 0.0310888552626361 0.0118390861199186
0.000740201005025126 0.662253613508243 0.694394715468 8.56463674396453 0.0773241917089982 0 0.113572836155564 0.0317678195858705 0.0121777726108345
0.000764824120603015 0.699755582071034 0.735690809476475 8.55061243373725 0.0818368961865331 0 0.114621251521202 0.0322238342173124 0.012412009693688
0.000789447236180905 0.737365690082348 0.77733442780642 8.53807434531635 0.0863620601391036 0 0.115264112200494 0.0325386533552358 0.0125754322657285
0.000814070351758794 0.774982964692767 0.819214113740093 8.52812649615445 0.0908737651865538 0 0.115429320587635 0.0326675956147357 0.0126536105882166
0.000838693467336683 0.812514789851421 0.861230454246509 8.52101970317243 0.0953541733448776 0 0.115131624616085 0.0326226211952172 0.0126437972658621
0.000863316582914573 0.849890194495769 0.903307272732931 8.51290493483633 0.099835508677874 0 0.114610146335497 0.0324929417699934 0.0125986236636114
0.000887939698492462 0.887049945193817 0.945370269608844 8.50605107518976 0.104284577808514 0 0.113765849744264 0.0322420384845378 0.0124912634935898
0.000912562814070352 0.923941110228596 0.987359176689118 8.50133195631734 0.108681923606337 0 0.112545715710809 0.0318456378574865 0.0123148157289343
0.000937185929648241 0.960516424925713 1.02923327423153 8.4943228490864 0.113077456789745 0 0.111265077953142 0.031430557449934 0.0121303589535051
0.000961809045226131 0.996733303549471 1.0709147389312 8.49053234716196 0.117393499346674 0 0.109588275041884 0.0308638758103839 0.0118716333451772
0.00098643216080402 1.03253746814055 1.11237408292101 8.48296873427458 0.121718881736376 0 0.107987675140207 0.0303293843853918 0.0116311669461438
0.00101105527638191 1.06785743661424 1.15349635529796 8.47603555129682 0.125985483443478 0 0.106197710586239 0.0297258870860476 0.0113573270046259
0.0010356783919598 1.10262405501128 1.19419624700975 8.47128690192255 0.130160159581072 0 0.104147078274791 0.0290236406295045 0.0110372324907496
0.00106030150753769 1.13677265225644 1.23441300206757 8.46316343516083 0.134320063764057 0 0.102200006694059 0.0283655232467045 0.0107399367084489
0.00108492462311558 1.17024370762072 1.27404883996607 8.45506226292572 0.138407461853011 0 0.100159209918234 0.0276739969995688 0.0104286730350217
0.00110954773869347 1.2029833512634 1.31301613915951 8.45028930949339 0.142360019545357 0 0.0978571171298232 0.0268862199288091 0.0100718337506366
0.00113417085427136 1.23495597200676 1.35130363477862 8.44093821411946 0.146305533896814 0 0.0957689734704379 0.0261837777929545 0.00975784682853407
0.00115879396984925 1.26618447951426 1.38890481601317 8.43145520862791 0.150173896223581 0 0.0936431099556048 0.0254704014462087 0.00943965237421226
0.00118341708542714 1.29670981917116 1.42585817731341 8.42156375767981 0.153974945328729 0 0.0914920556894123 0.0247508299453344 0.00912150550185112
0.00120804020100503 1.32657498552479 1.46220780522918 8.4114099525258 0.157711369795553 0 0.0893233016404893 0.0240283885939062 0.00880309063303728
0.00123266331658291 1.35582374570749 1.49799777900871 8.400994235207 0.161388486618106 0 0.0871399235192069 0.0233042436580991 0.00848543469885214
0.0012572864321608 1.3844997283747 1.53327398712095 8.39039066915087 0.16501016257385 0 0.0849408721426521 0.0225783747919419 0.00816877562860119
0.00128190954773869 1.41264580834824 1.56811598634129 8.37469808159315 0.1686802072845 0 0.0829752170696404 0.0219427973994527 0.00789531351405905
0.00130653266331658 1.44030064836645 1.6025068247209 8.36272759299457 0.17222857403283 0 0.0808030585537508 0.0212339647961861 0.0075897027519859
0.00133115577889447 1.46742238296518 1.63640925983189 8.35097933354516 0.175718598305072 0 0.078614369518002 0.0205228412345464 0.00728470981948873
0.00135577889447236 1.49388585389803 1.66970204105086 8.33436959705308 0.179244013179623 0 0.0766618446072195 0.0199005026816036 0.00702196931953551
0.00138040201005025 1.51956596596853 1.70214923884965 8.32170099082603 0.182602807724493 0 0.0745594056510576 0.0192258837094743 0.00673621962622755
0.00140502512562814 1.54434422816134 1.73361651709359 8.31001992424426 0.185841218461554 0 0.0726796751696285 0.0185545789992471 0.00645372907079781
0.00142964824120603 1.56811166476427 1.76399729969612 8.29178396320898 0.1891163194461 0 0.0707054974230145 0.0180082709172837 0.00622807343424173
0.00145427135678392 1.59077170785166 1.79306769337265 8.28001779096265 0.192121774132892 0 0.0687494667572932 0.017390927650359 0.00597130925822934
0.00147889447236181 1.61224268127637 1.82079026923751 8.26164729600751 0.195147846853194 0 0.067149866276912 0.0169001809129273 0.00577124224102616
0.0015035175879397 1.63245963174643 1.847015385653 8.24461710385683 0.19800308627829 0 0.0655839993749061 0.0164201530421509 0.00557624685924096
0.00152814070351759 1.6513847380955 1.87164130121714 8.23163885179269 0.200614333042061 0 0.0639561132422221 0.0159191060410194 0.00537194266226768
0.00155276381909548 1.66908231016165 1.89476386548377 8.22002249471628 0.203050820266552 0 0.0625732630003845 0.0154317133611357 0.00517480932864466
0.00157738693467337 1.68566575212488 1.91656713936832 8.20177095284682 0.205524607041091 0 0.0611200737674422 0.0150604347120436 0.00502778851303757
0.00160201005025126 1.70124387415314 1.93708259797736 8.19010349404546 0.207719459881064 0 0.0596946032717134 0.0146297636868796 0.00485536900848571
0.00162663316582915 1.71591856845904 1.95653181235431 8.17201973032763 0.209974844051221 0 0.0585698434022611 0.0143007872732228 0.004726668612226
0.00165125628140704 1.72978382175449 1.97492443390492 8.1602195604802 0.211977607824648 0 0.0572702500267708 0.0139128201929243 0.00457344204671137
0.00167587939698492 1.74292532860728 1.99247201229473 8.14222818490194 0.214059995498428 0 0.0562377018821113 0.0136157372683311 0.00445843014736016
0.00170050251256281 1.75542051809046 2.00915926707784 8.13030328077023 0.215910828596318 0 0.0550317256295711 0.0132597218087295 0.00431948856300964
0.0017251256281407 1.76733884290892 2.02518488111752 8.11223127318047 0.217861003143716 0 0.0540673821636869 0.0129861098942535 0.00421491631732102
0.00174974874371859 1.77874223471796 2.04051096808728 8.10024347980548 0.219591206011585 0 0.0529255340020346 0.0126528541292836 0.00408608960894909
0.00177437185929648 1.78968483664074 2.05532055380519 8.08190183368521 0.221443525728235 0 0.0520132713728055 0.012397344531366 0.00398951373656187
0.00179899497487437 1.80019841621155 2.069537261839 8.07003177279399 0.223072035760807 0 0.0509087592700109 0.0120784668889594 0.00386728841739
0.00182361809045226 1.81029725186332 2.08328854503052 8.05117539986255 0.224848815477827 0 0.0500434717998436 0.0118399093127886 0.00377814469384309
0.00184824120603015 1.81999480460628 2.09653764683102 8.03311677040702 0.226561477521516 0 0.0491683031361181 0.0115972129607192 0.003687843999943
0.00187286432160804 1.82930428596457 2.10923064167059 8.02037276991913 0.228082202466384 0 0.0481465238079725 0.0113080127854098 0.00357845888893732
0.00189748743718593 1.83823861381898 2.12150935739806 8.00159362079008 0.229734063104979 0 0.0473243989457488 0.0110833812104461 0.00349598072546268
0.00192211055276382 1.84681038701686 2.1333235056236 7.98334282579836 0.231332967569531 0 0.0465001089702523 0.0108591374735808 0.00341352242144564
0.00194673366834171 1.85503186877273 2.14462344871378 7.97035289293066 0.232741497608978 0 0.0455407746062123 0.0105907695245114 0.00331350063072796
0.0019713567839196 1.86291497855992 2.15555101208256 7.95132320510237 0.234289932695037 0 0.0447709156059412 0.0103841913531135 0.00323855514988559
0.00199597989949749 1.87047128844413 2.1660548770934 7.93265250307227 0.235793927405708 0 0.0440041420005971 0.0101788567478989 0.00316423933148917
0.00202060301507538 1.87771202299501 2.17608369580615 7.92006137880779 0.237083014030589 0 0.0430868117802597 0.00992503402271775 0.00307061391317897
0.00204522613065327 1.8846480608648 2.18577343001305 7.90059820458729 0.238544982552148 0 0.0423722874649717 0.00973684408744091 0.00300332316322089
0.00206984924623116 1.89128984647162 2.19508015124097 7.88146761125288 0.23996670921686 0 0.0416631161298856 0.00954978082226606 0.00293667625075977
0.00209447236180904 1.89764625481413 2.20401391289327 7.86256733004575 0.241351987863116 0 0.0409613692817825 0.00936511725270089 0.00287106712246109
0.00211909547738693 1.90372510117 2.21257331115162 7.84394382097449 0.242699991817827 0 0.0402692028642371 0.00918322299610699 0.00280639480129008
0.00214371859296482 1.90953407287848 2.22071113585795 7.83033853877964 0.243863539669651 0 0.0394616518875235 0.00896503619495972 0.00272788206205096
0.00216834170854271 1.91508072715212 2.22856116665901 7.81094272781516 0.245179204852242 0 0.0388189052565986 0.00879877766599 0.00266967376583608
0.0021929648241206 1.92037247651124 2.23607597140425 7.79174397335463 0.246462471441351 0 0.0381857538191843 0.0086359315101107 0.00261263556800006
0.00221758793969849 1.92541658147554 2.24325608154065 7.77275727282781 0.247713457900771 0 0.0375629468569814 0.00847524832237471 0.00255674749416733
0.00224221105527638 1.93022014681596 2.25004063904353 7.76001726784557 0.248739156137452 0 0.0369507845060672 0.00831821223743835 0.00248461376430305
0.00226683417085427 1.93479012048576 2.25657136257113 7.74033168875682 0.24996217194363 0 0.0362318191984095 0.00812718627253764 0.00243462534374264
0.00229145728643216 1.93913329524082 2.2627946295699 7.7208884591084 0.251154165159996 0 0.0356671258924435 0.00798439582380467 0.00238564176359205
0.00231608040201005 1.94325631037348 2.26872382325203 7.70165854577435 0.252316601524704 0 0.0351129457359088 0.00784442535849311 0.00233775799988149
0.00234070351758794 1.9471656556101 2.27435773808457 7.6826611938162 0.253449372097442 0 0.034568013926041 0.00770737449239162 0.00229092897252716
0.00236532663316583 1.95086767452723 2.27970051037491 7.66386580498218 0.254553997182335 0 0.0340346112324451 0.00757317866523555 0.00224524075915858
0.00238994974874372 1.95436856826378 2.28469658989399 7.65036950260554 0.255460676454669 0 0.0334001660735013 0.00740759782932258 0.00218759508706309
0.00241457286432161 1.95767445962874 2.28949312162308 7.63102671712183 0.256541423873708 0 0.0329108260894612 0.00728659038810817 0.00214685247629486
0.0024391959798995 1.96079182746118 2.29403171302682 7.61192233243034 0.257594828458416 0 0.032429695119293 0.00716776386434883 0.00210705249855881
0.00246381909547739 1.96372717517709 2.29831276673649 7.59313816354545 0.258618654485298 0 0.0319572671371025 0.00705110614632675 0.00206796781645584
0.00248844221105528 1.96648675397997 2.30227155155004 7.58018246113706 0.259424725468282 0 0.0313771311135624 0.00690113432403143 0.00201639522615034
0.00251306532663317 1.96907657840321 2.30606359353124 7.56079667153485 0.260432420543255 0 0.0309458681121481 0.00679659619995365 0.00198187082502517
0.00253768844221105 1.97150244135847 2.30963086160958 7.5418138164997 0.261409587842821 0 0.0305201100930833 0.0066934575224554 0.00194773708073035
0.00256231155778894 1.97376992588896 2.3129737832012 7.52313051488441 0.262360186624954 0 0.0300999759452834 0.00659146533025242 0.00191422223709744
0.00258693467336683 1.97588441582089 2.31601538240621 7.5102533405489 0.263091579767731 0 0.0295786895275952 0.00645836763157224 0.00186897811420177
0.00261155778894472 1.97785110503501 2.31892855894039 7.4910340189554 0.264029118013645 0 0.0291959099154622 0.0063672543850374 0.00183937390951692
0.00263618090452261 1.97967500654684 2.32163811982373 7.4722743898608 0.264936069429287 0 0.0288163990439898 0.00627690615700161 0.00180992167136892
0.0026608040201005 1.98136095975651 2.3240745537621 7.46005022053283 0.265596195894643 0 0.0283234820140943 0.00615144103743469 0.00176764011335846
0.00268542713567839 1.98291363737631 2.32638605727238 7.44071133702111 0.266495170631115 0 0.0279790389695305 0.00607084633473258 0.00174185071547515
0.00271005025125628 1.98433755291277 2.32852296227053 7.42194206759328 0.267360959549531 0 0.0276342568396091 0.00599004372766832 0.00171590303690279
0.00273467336683417 1.98563706668019 2.33040228101522 7.41001102422427 0.267966816808895 0 0.0271745543257047 0.00587402097510476 0.00167700508175328
0.00275929648241206 1.98681639074375 2.33217357092805 7.39068483199467 0.268827102752741 0 0.0268624362615626 0.00580218469790725 0.00165436662799154
0.00278391959798995 1.98787959599137 2.33379088004251 7.37207412328436 0.269649974043633 0 0.0265475048522433 0.00572950639149595 0.00163122250753919
0.00280854271356784 1.98883061653895 2.33515632026759 7.36007072305649 0.270218954596272 0 0.0261237378390017 0.00562344788517145 0.00159606982379169
0.00283316582914573 1.98967325425663 2.33644225908551 7.3409557251724 0.271037359268353 0 0.0258380177437359 0.00555894314722216 0.00157586853408181
0.00285778894472362 1.99041118497461 2.33757971305078 7.32265050202325 0.271815674450755 0 0.025547123821405 0.00549218560778907 0.00155494874813863
0.00288241206030151 1.99104796192924 2.3384832000122 7.31032656227979 0.272361014924116 0 0.0251612375420703 0.00539684492848653 0.00152363550914592
0.0029070351758794 1.99158702004649 2.33932535940931 7.29163413194041 0.273133152872071 0 0.0248954068249306 0.00533750754861265 0.00150521701248491
0.00293165829145729 1.99203168118104 2.33995327378449 7.28004806217952 0.273628918953134 0 0.0245183593272045 0.00524412058834972 0.00147456334161589
0.00295628140703518 1.99238515682076 2.34051382664813 7.26103764737594 0.274393998981782 0 0.0242757377388445 0.00519076703507764 0.00145835580604858
0.00298090452261307 1.99265055301353 2.34095626084216 7.24293414285994 0.275116480933059 0 0.0240257313442513 0.00513493978697515 0.00144121865596701
0.00300552763819095 1.99283087335001 2.3411793792057 7.2306669529984 0.275608168140509 0 0.0236878274280772 0.00505272264745607 0.0014145108120037
0.00303015075376884 1.99292902281034 2.34137422365369 7.21254272292542 0.276314345629555 0 0.0234551199595252 0.00500166224320089 0.00139890731914508
0.00305477386934673 1.99294781141981 2.34135469199468 7.20044107259824 0.276781351493051 0 0.0231310267896743 0.0049230278727619 0.0013736107614149
0.00307939698492462 1.99288995669055 2.34131293930537 7.18220076385125 0.277476225215114 0 0.022914798665305 0.00487620794100079 0.00135959966639996
0.00310402010050251 1.9927580880381 2.3410707291499 7.17038728876887 0.277914986706422 0 0.0226046099777914 0.00480128812627655 0.00133540550895534
0.0031286432160804 1.99255474856536 2.3408095994647 7.15218146277028 0.27859398687482 0 0.0224024728900405 0.00475816923928509 0.00132263160469486
0.00315326633165829 1.99228239897223 2.34035398268991 7.1404217768096 0.279014666254407 0 0.0221068165263047 0.0046872700759821 0.00129984720929108
0.00317788944723618 1.9919434195861 2.3398883380008 7.12232665093576 0.279675942597268 0 0.0219162852565359 0.00464706458152507 0.00128810221043437
0.00320251256281407 1.99154011412071 2.33923244406188 7.11054274794912 0.280082714458769 0 0.0216362589100516 0.00458013619027698 0.00126675943386919
0.00322713567839196 1.99107471074258 2.33857651084295 7.09263401339629 0.280724298896844 0 0.0214563612592287 0.00454247971759458 0.00125585017512442
0.00325175879396985 1.99054936672871 2.33773535268039 7.08083176321955 0.28111801456269 0 0.0211908077373216 0.00447968746661148 0.00123584900137853
0.00327638190954774 1.98996616881629 2.3368996242432 7.06332505471474 0.281732208754572 0 0.0210172605655885 0.00444335073187698 0.00122537511067614
0.00330100502512563 1.98932713614168 2.33588690162111 7.05134085071538 0.282120404935446 0 0.0207680362830611 0.0043849159376088 0.00120689129952243
0.00332562814070352 1.9886342241742 2.33479463669182 7.04019565120681 0.282468602109561 0 0.0205131896901636 0.00432454325479809 0.00118775506739656
0.00335025125628141 1.98788932424034 2.33370757173959 7.02213507429592 0.283089018255556 0 0.0203656063291815 0.00429519672319598 0.00117965851054796
0.0033748743718593 1.98709426774555 2.33245216939785 7.01061512716059 0.283440786821564 0 0.0201281989115282 0.00423960613091373 0.00116221561253955
0.00339949748743719 1.98625082704575 2.33121811871579 6.99326831496084 0.284023254591351 0 0.0199811811214234 0.00421034199346463 0.00115395440606978
0.00342412060301508 1.98536071782401 2.32981655269258 6.98148251858676 0.284375232987893 0 0.0197598294762972 0.00415889237148461 0.00113796438943593
0.00344874371859296 1.98442560090588 2.32834851110403 6.97035095088142 0.284695220497462 0 0.0195353889483563 0.00410643948280811 0.00112155985211587
0.00347336683417085 1.98344708433943 2.32690473480697 6.95277426834974 0.28527419527604 0 0.0194070165983799 0.00408185947731579 0.00111494511900163
0.00349798994974874 1.98242672475414 2.32530103974698 6.94129980876872 0.285598775354697 0 0.0191987885773906 0.00403385895965557 0.00110000319036837
0.00352261306532663 1.98136602964873 2.32363598441451 6.93030219461715 0.285898936872865 0 0.0189888778416763 0.00398507231104956 0.00108488535519561
0.00354723618090452 1.98026645784354 2.32200552119466 6.91282356278498 0.286462751415248 0 0.0188730636934258 0.00396379702107403 0.00107931675467754
0.00357185929648241 1.9791294226377 2.32021996378467 6.90141653744421 0.286771478275478 0 0.0186792924596789 0.00391940677283986 0.00106565901778313
0.0035964824120603 1.97795629229183 2.31837869738168 6.89047096179834 0.287056763355927 0 0.018484747659611 0.00387462828290993 0.00105181962157025
0.00362110552763819 1.97674839188114 2.31657629599896 6.87337489739659 0.287595020115936 0 0.0183769866839974 0.00382923925660384 0.00104680745665555
0.00364572864321608 1.9755070041404 2.3146302598042 6.86194574362401 0.287893125062378 0 0.0181982564748264 0.00381441493717267 0.00103444564082456
0.00367035175879397 1.97423337224803 2.31263157047776 6.85093203817828 0.288170041863822 0 0.0180189959260104 0.00377379065297603 0.00102193570497678
0.00369497487437186 1.97292869952511 2.31058626308573 6.84024991988875 0.288429329722092 0 0.0178397106666473 0.00373289404327804 0.00100939771301882
0.00371959798994975 1.97159415148785 2.30858212337932 6.82303930535393 0.288961277116017 0 0.0177500751569745 0.00371791718958959 0.00100587358221188
0.00374422110552764 1.97023085720785 2.30644150237526 6.81186944204997 0.289234970512725 0 0.0175859216034147 0.00368104345246399 0.000994707834280982
0.00376884422110553 1.96883991059287 2.3042567804524 6.80097611701434 0.289493725123858 0 0.0174225580884897 0.00364420646018737 0.000983552536181918
0.00379346733668342 1.96742237077795 2.30203426160621 6.79036423938685 0.289737383948582 0 0.0172598814764468 0.00360754309659302 0.00097240264769634
0.00381809045226131 1.96597926385034 2.29977682870432 6.78003128609246 0.289966105006485 0 0.0170979133205245 0.00357089971411121 0.00096126215415019
0.0038427135678392 1.9645115836169 2.29755472292596 6.76245031806255 0.290502922937515 0 0.0170314296648259 0.00356183013015024 0.00095967975520568
0.00386733668341708 1.96302029414622 2.29521004669859 6.75163429413951 0.290747426271316 0 0.0168834528828275 0.00352902284919686 0.000949781882588562
0.00389195979899497 1.96150632764346 2.29282696812977 6.740919077373 0.290984998503777 0 0.0167372996674744 0.00349655535401081 0.00094008661650352
0.00391658291457286 1.95997058826995 2.29041301439512 6.73042605504927 0.291210477945827 0 0.0165926381290549 0.00346438041875316 0.000930436763999934
0.00394120603015075 1.95841395184308 2.28797099314399 6.72010906718252 0.291425917684424 0 0.0164495771065985 0.00343249783265298 0.000920887911436447
0.00396582914572864 1.95683726678616 2.28558540722825 6.70309443914202 0.291930433705277 0 0.016392119480706 0.00342556623730971 0.000919865222233076
0.00399045226130653 1.95524135549421 2.28307406153624 6.69231102920192 0.29216235571875 0 0.0162615772507933 0.00339711236125327 0.000911444234526743
0.00401507537688442 1.95362701472804 2.28053283722741 6.68172959108496 0.292383429783607 0 0.0161322549176424 0.00336884782741977 0.000903062778022777
0.00403969849246231 1.95199501648686 2.2779616843612 6.67120839982502 0.292599915862029 0 0.0160056090670992 0.00334110799065484 0.000894891059116704
0.0040643216080402 1.95034610907832 2.27536374939009 6.66078886965965 0.292810078091842 0 0.0158805946358173 0.00331396514198399 0.000886873349625107
0.00408894472361809 1.94868101718485 2.27274188424951 6.65049791984584 0.293012800044605 0 0.0157578579785421 0.00328735312202238 0.000878972907381264
0.00411356783919598 1.94700044354415 2.27009562825387 6.64026740660637 0.293211150142401 0 0.01563730270902 0.00326106508046591 0.000871266310994134
0.00413819095477387 1.94530506882816 2.26742692745352 6.63011288175419 0.29340451716615 0 0.0155190193453074 0.00323541720170825 0.000863729732335504
0.00416281407035176 1.94359555307847 2.26473636606571 6.62001550322841 0.293593806862028 0 0.0154031739795366 0.00321034877824623 0.000856379848120118
0.00418743718592965 1.94187253561652 2.26210455691751 6.60295450304816 0.294091460833189 0 0.0153709981068241 0.00320958915449485 0.000857356336901719
0.00421206030150754 1.94013663640545 2.25936808620222 6.59263785528549 0.29428836817572 0 0.0152638960745057 0.00318684401254739 0.00085069917826291
0.00423668341708543 1.93838845605777 2.25660883318237 6.58226993292027 0.294486320951864 0 0.0151588964659027 0.00316461509448092 0.000844334412626042
0.00426130653266332 1.93662857679797 2.25383082955833 6.57199032594137 0.294679158177331 0 0.0150560786655255 0.00314287500272291 0.000838093637937273
0.00428592964824121 1.93485756290743 2.2510355975704 6.56180312428795 0.294866750229936 0 0.014955682796029 0.00312170020184854 0.000831968399344167
0.0043105527638191 1.93307596135371 2.24822320242099 6.55166452339002 0.295051120894921 0 0.0148568422984016 0.00310099513021258 0.000826005118595751
0.00433517587939699 1.93128430219917 2.24539498024818 6.5415871051744 0.295231764271933 0 0.014760059137733 0.0030807505536118 0.000820184808836139
0.00435979899497487 1.92948309926335 2.24255017362269 6.53150929982693 0.295411521394371 0 0.0146659644890183 0.00306109907578468 0.000814572867842834
0.00438442211055276 1.92767285063815 2.23968922039344 6.5214162579667 0.295591137628006 0 0.0145739176531086 0.00304202894317438 0.000809180937863708
0.00440904522613065 1.92585403903251 2.2368153124997 6.51139043088155 0.295766942479562 0 0.014484001505864 0.0030235357227786 0.00080391180241839
0.00443366834170854 1.92402713245279 2.2339281516473 6.50139002046047 0.295940887471402 0 0.0143962549300246 0.00300531993018573 0.000798808238581187
0.00445829145728643 1.92219258435128 2.23102972753612 6.4914585214137 0.296111047773078 0 0.014310651803355 0.00298787055928118 0.000793818008814037
0.00448291457286432 1.92035083442512 2.22811818708774 6.48149996406206 0.296281855291657 0 0.0142267967067406 0.00297069862616114 0.000789043386907808
0.00450753768844221 1.91850230893131 2.22519311640934 6.47146685978862 0.296455556444582 0 0.0141451417595611 0.00295414587803472 0.000784531720137295
0.0045321608040201 1.91664742066914 2.22226407514915 6.46171209773806 0.296616034833874 0 0.0140652580635161 0.00293814262792685 0.000779892523024261
0.00455678391959799 1.91478657027473 2.21932088679057 6.45182084811184 0.296782352664845 0 0.0139869661892225 0.00292218544093416 0.000775576800948954
0.00458140703517588 1.91292014573819 2.21637089131892 6.4420882723277 0.29694100187283 0 0.0139103331331674 0.00290683628519116 0.000771258935413872
0.00460603015075377 1.91104852332737 2.21340802737248 6.43221875857675 0.297105648152773 0 0.0138357035974671 0.0028918746345942 0.000767256470684975
0.00463065326633166 1.90917206764205 2.21044197917243 6.42265993780784 0.297255667609531 0 0.0137620585853705 0.0028772776390512 0.00076308193680869
0.00465527638190955 1.90729113205117 2.20746380196413 6.41296856517498 0.297411582899147 0 0.0136900939619506 0.00286304607414042 0.000759211218097
0.00467989949748744 1.90540605917655 2.20438900485905 6.41002251666447 0.297254191264222 0 0.0135492458849021 0.0028285008853667 0.000748391757787655
0.00470452261306533 1.90351718095574 2.20139266921232 6.40011007368324 0.297419444203445 0 0.0134844281279666 0.00281609790348311 0.000745090208886953
0.00472914572864322 1.9016248192072 2.1983929493925 6.39024508037499 0.297582455021524 0 0.0134206831008108 0.00280401559726378 0.000741887343623296
0.00475376884422111 1.89972928588432 2.19539062796176 6.38045020743574 0.297742200647594 0 0.0133583956883131 0.00279220560061907 0.000738757113455615
0.00477839195979899 1.89783088335466 2.19238457234429 6.37070737664145 0.297899553558709 0 0.0132971142712622 0.00278057729250254 0.000735715980189339
0.00480301507537688 1.89592990434933 2.18937511648913 6.36106611063031 0.298052224481826 0 0.0132368394150784 0.00276928014574042 0.000732709937233885
0.00482763819095477 1.89402663304752 2.18636000308076 6.35145451527605 0.298203604936813 0 0.0131775772989828 0.00275831833988805 0.000729811613158199
0.00485226130653266 1.89212134456237 2.18334132918131 6.3419613999556 0.298349552328656 0 0.0131190652868209 0.00274718257914834 0.000726926146156794
0.00487688442211055 1.89021430550848 2.180318758781 6.33259767852858 0.298489561703482 0 0.0130610293618945 0.00273620552180007 0.000724040145406494
0.00490150753768844 1.88830577439836 2.17720736986406 6.33001730443914 0.298309733383212 0 0.0129351609839096 0.00270534250887885 0.000714377591372984
0.00492613065326633 1.88639600134752 2.17417549889758 6.32018556054183 0.298471616581112 0 0.0128853774428395 0.00269668469065093 0.00071224933829795
0.00497537688442211 1.88257369276467 2.16811381468136 6.30090979116286 0.298778074144945 0 0.0127864546458277 0.0026793335928824 0.000707973438352673
0.005 1.88066162002633 2.16508085394143 6.2914530768573 0.298923253031041 0 0.012737510066621 0.00267065268997194 0.000705834880094332
