rhoc M Mb R C kl_1 kl_2 kl_3 kl_4
0.000469346733668342 0.29451738679197 0.300489593189324 9.59041124403495 0.0307095680568603 0 0.0510062737426652 0.010392720950843 0.00293984671488819
0.000493969849246231 0.330991455203695 0.33860480449324 9.33489204926929 0.0354574486193019 0 0.0614841334409638 0.0133999671902926 0.00404386714852711
0.000518592964824121 0.371097522549644 0.38073796960856 9.1460006006257 0.0405748412616829 0 0.0717465359994385 0.0165356507722316 0.00526042475706765
0.00054321608040201 0.414832783763195 0.426947244351584 9.00867108094019 0.0460481662651515 0 0.0814327144215093 0.0196536669010925 0.00653288546448464
0.0005678391959799 0.462098123922847 0.477202640831616 8.91195808644012 0.0518514696142868 0 0.0902228818094468 0.0226093170052538 0.00778976791488515
0.000592462311557789 0.512712098518673 0.531373588083655 8.84618214661746 0.0579585735429064 0 0.0979316328695423 0.0252979168615588 0.00897163504544737
0.000617085427135678 0.566426150603687 0.589270616893917 8.80511755590618 0.0643291979927908 0 0.10437959341145 0.0276185755961055 0.0100199946456511
0.000641708542713568 0.622930769804314 0.650629448051589 8.78270442661451 0.0709269878098854 0 0.109526647159979 0.0295241344184433 0.01090024801539
0.000666331658291457 0.681863179371854 0.715125952402375 8.77397685264216 0.0777142669537043 0 0.113404485093055 0.0310007795828402 0.0115955463733407
0.000690954773869347 0.742820630939524 0.78238122020843 8.7756398508852 0.0846457515989101 0 0.116047710435579 0.0320426584096749 0.012095197844516
0.000715577889447236 0.805373423018046 0.851979782363024 8.7847360142126 0.0916787279338904 0 0.117551331287017 0.0326725271669003 0.0124046610193534
0.000740201005025126 0.869078538908205 0.923468632335545 8.80038458604849 0.0987546090071996 0 0.117933307248879 0.0328880274401985 0.0125190605088057
0.000764824120603015 0.933507400693277 0.996422164547458 8.81658385914947 0.105880850860906 0 0.117599831510204 0.0328419931716887 0.0125109305052596
0.000789447236180905 0.998254872013172 1.07039691140999 8.83572230599644 0.112979430253902 0 0.11642761824648 0.0324836697458083 0.012354915005519
0.000814070351758794 1.0629337865619 1.14497009145536 8.85544579077408 0.120031651898236 0 0.114626646416873 0.031893759977659 0.0120902049526032
0.000838693467336683 1.12718136345246 1.21973214550944 8.87492971104349 0.127007356694877 0 0.11231565541438 0.0311183502749653 0.0117396043840378
0.000863316582914573 1.19066463442196 1.29429224437842 8.89369913011038 0.133877323372776 0 0.109594573650964 0.0301965754716471 0.0113226574752166
0.000887939698492462 1.25309116299409 1.36829009419084 8.9116111630183 0.140613312236311 0 0.106543315811617 0.0291598834225989 0.0108550836013461
0.000912562814070352 1.31421581017031 1.44143320939967 8.92541499022511 0.147244224678584 0 0.103418397193217 0.0281067887907803 0.0103843525638424
0.000937185929648241 1.37382828154939 1.51341098214189 8.94083101968168 0.153657783994032 0 0.0999486926122342 0.0269342767587058 0.00986178025804729
0.000961809045226131 1.43175137242498 1.58400866199078 8.95128589466832 0.159949239614587 0 0.0965618174553429 0.0258043471188322 0.00936412231288089
0.00098643216080402 1.48783996289401 1.65298845744656 8.96070108143162 0.166040575326982 0 0.0930849471378183 0.0246512441246128 0.00886026907701083
0.00101105527638191 1.54197939072612 1.72019479407939 8.96450938186723 0.172009345413272 0 0.0897933615181137 0.0235763191431488 0.00839676459475854
0.0010356783919598 1.59408614208769 1.78542082545462 8.97090838247524 0.177695064326123 0 0.0863078583826044 0.0224391566292959 0.00790895541868827
0.00106030150753769 1.64411153251049 1.84861529113864 8.97183619739183 0.183252513347095 0 0.0830551152238093 0.0213952553381772 0.00746738555360479
0.00108492462311558 1.69202995511438 1.90966162078887 8.97169768956865 0.188596407687889 0 0.0798433440716245 0.0203735429741058 0.0070393287800584
0.00110954773869347 1.73783398753838 1.96849921448939 8.97067478563732 0.193723886894303 0 0.0766879807859162 0.0193789463440141 0.00662671683246456
0.00113417085427136 1.78153196513559 2.02513010187075 8.96368206626658 0.198750017232328 0 0.0738168824871116 0.018490781479716 0.00626382183434983
0.00115879396984925 1.82314568554666 2.07945030091637 8.96060988977691 0.203462231697719 0 0.0708303647484343 0.0175674824943211 0.00588839316230319
0.00118341708542714 1.86270827343266 2.13153885602583 8.95157554378204 0.208087198094032 0 0.0681379472675008 0.0167511867283351 0.0055616244375632
0.00120804020100503 1.90026245872706 2.18135829477902 8.94192020118233 0.21251167713125 0 0.0655305283643671 0.0159679397145645 0.00525107392958766
0.00123266331658291 1.93586075799991 2.2289339333407 8.93156448026051 0.216743747669103 0 0.0630183044663367 0.0152206098390497 0.0049576598373494
0.0012572864321608 1.96956236167367 2.27429783227424 8.92072189416366 0.220785087243024 0 0.060598314850412 0.0145075289754646 0.00468044572959516
0.00128190954773869 2.00143028664726 2.31754413670221 8.90404989898024 0.224777523638595 0 0.0584499448787772 0.013887732042733 0.00444327070154483
0.00130653266331658 2.03153022724751 2.35862797527963 8.8916684722629 0.228475705497204 0 0.0562360609596939 0.0132480350587279 0.00419926725441794
0.00133115577889447 2.0599295874433 2.39769257418711 8.87415337958185 0.232126885724435 0 0.0542613273944207 0.0126888343390477 0.00398924063784883
0.00135577889447236 2.08669665767419 2.43470344612149 8.86092757247471 0.235494155731081 0 0.0522335262999612 0.0121136175987812 0.00377383105089743
0.00138040201005025 2.11189992586777 2.46982302016162 8.84204947345684 0.238847331968401 0 0.0504491447961156 0.0116185333965664 0.00359146032012289
0.00140502512562814 2.13560750288467 2.50306111341286 8.82318487498901 0.242044968244794 0 0.0487357597985709 0.0111468695794813 0.00341909850677297
0.00142964824120603 2.15788689348558 2.53447929515979 8.80404241876867 0.245101828324377 0 0.0471007311110031 0.0107006761593525 0.00325741995242498
0.00145427135678392 2.17880510117302 2.56409317387536 8.79013290025973 0.247869415160792 0 0.0454000909647157 0.0102341811320849 0.00308849943383068
0.00147889447236181 2.19842755389334 2.59208105880586 8.77019327509131 0.250670365513747 0 0.0439266209504442 0.00983978010265233 0.00294818775426351
0.0015035175879397 2.21681769800058 2.61845446862251 8.75016587599001 0.253345791316186 0 0.0425201311894446 0.00946634790345154 0.00281636763499583
0.00152814070351759 2.23403684106432 2.64327992388526 8.73006993333828 0.255901368273467 0 0.0411779653175956 0.00911280368029809 0.00269254504477734
0.00155276381909548 2.25014404090253 2.66668384972704 8.70361123970171 0.258529934177028 0 0.0400422977183616 0.00882278991439525 0.00259307681175432
0.00157738693467337 2.26519603884547 2.6886033350457 8.6829327184751 0.260879142138888 0 0.038828127054533 0.00850801961616312 0.00248443801748563
0.00160201005025126 2.27924722454847 2.70916204271396 8.66214565144897 0.263127326214748 0 0.0376719814544738 0.0082106509570212 0.00238257016410755
0.00162663316582915 2.29234962988876 2.72841615070666 8.64137263025747 0.265276099986961 0 0.0365688541312171 0.00792900064191443 0.00228677271214595
0.00165125628140704 2.30455294495131 2.74643315027668 8.62077221476295 0.267325581460649 0 0.0355132982251395 0.00766130473585654 0.00219632392864055
0.00167587939698492 2.31590456050451 2.76326579075727 8.60023989375408 0.269283716398009 0 0.034505438252861 0.00740749406695222 0.00211115268017699
0.00170050251256281 2.32644966087843 2.77904185961136 8.57336900217455 0.271357696173856 0 0.033668599017355 0.00720438517589648 0.00204462118462419
0.0017251256281407 2.3362312556041 2.79366475838074 8.55221893278352 0.273172526798694 0 0.0327613727412056 0.00697945382726339 0.00197016452987534
0.00174974874371859 2.34529022559145 2.80725673644582 8.53122062041173 0.274906760701995 0 0.0318935593777919 0.00676564737658022 0.00189982820822695
0.00177437185929648 2.35366539263607 2.81987448683532 8.51054168041304 0.276558823283013 0 0.0310603612553505 0.00656149320351616 0.00183304151087005
0.00179899497487437 2.36139359415092 2.83156384521391 8.49006715301332 0.278136032565161 0 0.0302622979134632 0.0063671009956636 0.00176981893851786
0.00182361809045226 2.36850975986521 2.84244005410005 8.46267308134806 0.279877260659574 0 0.0296220336434553 0.00621844676723382 0.00172293467094646
0.00184824120603015 2.3750469913352 2.85239289367281 8.44164283337169 0.281348907815207 0 0.0289032280390726 0.00604594531115801 0.00166753359722339
0.00187286432160804 2.38103664125088 2.86154030205036 8.42085668367547 0.282754680514479 0 0.0282135761718978 0.00588131988278751 0.00161493851479337
0.00189748743718593 2.38650839338299 2.86992646874318 8.40031040255137 0.284097643898748 0 0.0275517939010876 0.00572417486821673 0.00156499159709612
0.00192211055276382 2.3914903410319 2.87767226061988 8.3735225799213 0.2856014679851 0 0.0270207771362711 0.00560434082255671 0.00152812181172732
0.00194673366834171 2.39600906492116 2.88464112566992 8.35247556764552 0.286862145901082 0 0.0264243380692552 0.00546478190620473 0.00148429733073521
0.0019713567839196 2.40008970947811 2.89095131616774 8.33166079862004 0.288068581701698 0 0.0258515679013943 0.00533142001737912 0.00144261712677482
0.00199597989949749 2.40375606033193 2.89663653738258 8.31100350002274 0.289225730722572 0 0.0253024682147142 0.00520424924495388 0.00140306971804183
0.00202060301507538 2.40703062028332 2.90173148189776 8.29057182772704 0.290333486073087 0 0.0247749256667988 0.00508265239793093 0.00136542758681263
0.00204522613065327 2.40993467741211 2.90626337408258 8.27023788446554 0.291398471371522 0 0.0242697669115256 0.00496686703590559 0.00132976451555732
0.00206984924623116 2.41248836901793 2.91026213783818 8.25003669424724 0.292421531979386 0 0.0237854059858671 0.00485642836035577 0.00129591328006907
0.00209447236180904 2.41471074182003 2.91383571048475 8.22302564031668 0.293652342512583 0 0.0234193897176266 0.00477918270931937 0.00127338928273344
0.00211909547738693 2.41661981054765 2.91683870214792 8.20250053197117 0.294619890742867 0 0.022980370750863 0.00468045161621539 0.0012434462330418
0.00214371859296482 2.41823261340495 2.91938090162586 8.18210705514777 0.295551328906594 0 0.022559051940507 0.00458618787896832 0.00121499183590047
0.00216834170854271 2.41956526409222 2.92148630488272 8.16179993712754 0.296449959902321 0 0.0221553692727122 0.00449636510471216 0.00118800016385432
0.0021929648241206 2.42063300308581 2.92317958110675 8.14159043542835 0.297316970472055 0 0.021768215724396 0.00441069484635683 0.00116237354742993
0.00221758793969849 2.42145024505961 2.92448298062027 8.1214673547578 0.298154279182204 0 0.021397002059676 0.00432897711818872 0.00113804908016737
0.00224221105527638 2.42203062437528 2.92541456851705 8.10140895291363 0.298964123210223 0 0.0210412667836586 0.00425112195095407 0.00111498090342002
0.00226683417085427 2.42238703851869 2.92599191537065 8.08141102879896 0.299748030373193 0 0.020700342210231 0.00417693753737761 0.00109310469479766
0.00229145728643216 2.4225316886245 2.92623194473858 8.061479007426 0.300507101289098 0 0.0203735291267675 0.00410623219280844 0.00107234869340551
0.00231608040201005 2.42247611857882 2.92615287741862 8.04162781903292 0.301242008843695 0 0.0200599365312644 0.00403876121169603 0.00105263468040462
0.00234070351758794 2.42223125417201 2.92577417490803 8.02186848163078 0.301953498704032 0 0.019758868763404 0.00397433719272274 0.00103389412255674
0.00236532663316583 2.42180744139541 2.92511225487159 8.00219912338734 0.302642736584423 0 0.0194697763874803 0.00391281649374636 0.00101607752016681
0.00238994974874372 2.42121448054988 2.92417870591923 7.98263528936585 0.303310171739316 0 0.0191919378878053 0.00385400386652052 0.000999118982322304
0.00241457286432161 2.42046165584141 2.92298954479218 7.96362455349065 0.303939699766542 0 0.0189195393234389 0.00379626870133385 0.000982471911799894
0.0024391959798995 2.41955776374579 2.92144440614485 7.95012837072802 0.304341974232074 0 0.0185943696375392 0.00372331542227565 0.000960734361737615
0.00246381909547739 2.41851113981174 2.91977750607823 7.93040998291791 0.304966722404165 0 0.018353744150098 0.00367365981062308 0.000946692574088082
0.00248844221105528 2.41732968353649 2.91788793421018 7.91081647618092 0.305572716901593 0 0.0181221664246403 0.00362612828159952 0.000933309912129119
0.00251306532663317 2.41602088258514 2.91578824741381 7.89143632147977 0.306157305737734 0 0.0178982623908441 0.00358034746771922 0.000920460074264365
0.00253768844221105 2.41459183458527 2.91349792823534 7.8723021038821 0.306719915308452 0 0.0176812884197178 0.00353611759447341 0.000908080374454606
0.00256231155778894 2.41304926899782 2.91093593359322 7.86002579551915 0.307002716247249 0 0.017397697417954 0.00347288145829254 0.000889396802230111
0.00258693467336683 2.41139956573167 2.90826725337388 7.84042643453194 0.307559746382038 0 0.0172049453241824 0.00343468605195066 0.000878927418137921
0.00261155778894472 2.40964877579997 2.90544929998799 7.82113116886595 0.308094663517754 0 0.0170174084743442 0.00339759173170199 0.000868778492579101
0.00263618090452261 2.4078026380921 2.90248424799532 7.80223052191623 0.308604396054263 0 0.0168338513919443 0.00336126304044593 0.000858839672589194
0.0026608040201005 2.40586659660189 2.89925216680681 7.79009313633604 0.308836692257245 0 0.016586203532444 0.00330669545880265 0.000842882686624797
0.00268542713567839 2.40384581519783 2.8959889770436 7.77072982532475 0.309346209330778 0 0.016423827106124 0.00327561785256562 0.000834593998580716
0.00271005025125628 2.40174519457233 2.89259457465489 7.75190960881093 0.309826264207529 0 0.0162630656606826 0.00324467096615941 0.000826308957762706
0.00273467336683417 2.39956938683573 2.88897507497682 7.74006844258415 0.310019143194372 0 0.0160370255920284 0.00319519754332497 0.000811928457562323
0.00275929648241206 2.39732281516482 2.88532960781813 7.72082671345133 0.310500792743887 0 0.0158951249632142 0.00316890349121458 0.000805094005909607
0.00278391959798995 2.39500968289098 2.88157568982962 7.70230041990567 0.310947321231637 0 0.0157524210520582 0.00314209672339279 0.000798055226344665
0.00280854271356784 2.39263398237081 2.87762582826962 7.69028748115814 0.311124127444256 0 0.0155502189073676 0.00309839676250898 0.000785474719635201
0.00283316582914573 2.39019950548866 2.87366280123634 7.67146038830869 0.311570337915233 0 0.0154235665624233 0.00307550583052867 0.000779647064256973
0.00285778894472362 2.38770985601807 2.86953094883894 7.66004583898846 0.311709604120773 0 0.0152289857569859 0.00303339132040865 0.000767528663254607
0.00288241206030151 2.38516845694509 2.86538165871221 7.64101766810499 0.312153244573851 0 0.0151163639530753 0.00301387955174493 0.000762737502822828
0.0029070351758794 2.38257856241767 2.86118525547186 7.62320148040143 0.312543039632767 0 0.0149972663416569 0.00299230824571349 0.0007572430542075
0.00293165829145729 2.37994326421393 2.85677700827116 7.61083891996869 0.312704458633283 0 0.0148304872005458 0.00295718344315801 0.000747316470748971
0.00295628140703518 2.37726550169415 2.85243383990011 7.59323586269463 0.313076736279667 0 0.0147202778885201 0.00293760259013512 0.000742410198612432
0.00298090452261307 2.37454806846195 2.84788826182826 7.58085718561494 0.313229495071847 0 0.0145650231178469 0.00290521105154078 0.000733321060545693
0.00300552763819095 2.37179362085133 2.84340021889726 7.56313714605232 0.313599181801076 0 0.0144660378333341 0.0028883028851112 0.000729239067991768
0.00303015075376884 2.3690046834908 2.83874739389187 7.55105840373721 0.313731474029961 0 0.0143186550215964 0.00285765422583026 0.00072065207132212
0.00305477386934673 2.3661836579765 2.8340394660902 7.5400751852694 0.313814332063846 0 0.0141661096803298 0.00282534360469189 0.000711509235005025
0.00307939698492462 2.36333282681168 2.82938152021483 7.52153522978823 0.314208835644611 0 0.0140892270076039 0.00281395486681146 0.000709130268608217
0.00310402010050251 2.36045436167531 2.82458251585261 7.51033799251476 0.314294025652091 0 0.0139483292554798 0.00278447380983493 0.000700862546704409
0.0031286432160804 2.35755032656706 2.81983169872992 7.49265032084944 0.31464838549943 0 0.0138721478294733 0.00277288184111191 0.000698360982376293
0.00315326633165829 2.35462268569668 2.81493980150081 7.48088340684832 0.314751956104697 0 0.0137456308319599 0.00274701902262106 0.000691220091088448
0.00317788944723618 2.35167330651304 2.81002818284127 7.47009103743545 0.314811867047927 0 0.0136146678664357 0.00271971659118406 0.0006835925490954
0.00320251256281407 2.34870396526844 2.80515062452621 7.4519033376333 0.315181754090543 0 0.0135551925929722 0.00271223558558218 0.000682348955526668
0.00322713567839196 2.34571635727847 2.80016110328448 7.4407087267344 0.315254425811661 0 0.01343616822363 0.00268789207533152 0.000675636604264032
0.00325175879396985 2.34271210391793 2.79516042102947 7.43007165367285 0.31530141472591 0 0.0133162588757697 0.00266312952689774 0.000668767271658004
0.00327638190954774 2.33969274874085 2.79020292360859 7.41207005671177 0.31565982658545 0 0.0132660905081057 0.00265772965123387 0.000668131164521463
0.00330100502512563 2.33665976201829 2.78512518837023 7.4009091187121 0.315726044535582 0 0.0131584251944806 0.00263604661063538 0.000662217022217641
0.00332562814070352 2.33361454205525 2.78004537391543 7.39023936647162 0.31576981831502 0 0.0130501730078461 0.00261403092810021 0.000656176275379792
0.00335025125628141 2.33055841975133 2.77505166075651 7.37279740915646 0.316102327300754 0 0.0130051202891246 0.00260958526239706 0.000655787238023453
0.0033748743718593 2.32749266255429 2.76991728808993 7.36159087318432 0.316167076199864 0 0.0129085170590215 0.00259051937750764 0.000650662432889702
0.00339949748743719 2.32441847612142 2.76476889865508 7.35076946961527 0.316214307322452 0 0.0128120032452246 0.00257131592406643 0.000645473267480587
0.00342412060301508 2.32133700775762 2.75961925197521 7.34024532393142 0.31624787800884 0 0.0127162549322446 0.00255217585982946 0.000640288662411132
0.00344874371859296 2.31824934948242 2.75459229834343 7.32398965618486 0.316528211850318 0 0.0126731446193841 0.00254768242888373 0.000639806770083745
0.00347336683417085 2.31515654025115 2.74941042794785 7.31215358561289 0.316617602891487 0 0.0125950199437599 0.00253321158289144 0.000636096430265036
0.00349798994974874 2.31205956916322 2.74422434969688 7.30127000623244 0.316665397552702 0 0.0125116561857248 0.00251711996488738 0.000631844701936715
0.00352261306532663 2.30895937662846 2.73903486916036 7.29071444488583 0.316698643745143 0 0.0124284914293883 0.0025009431767686 0.000627547809567768
0.00354723618090452 2.30585685767107 2.73384459726087 7.28033282983509 0.316724099236449 0 0.0123467826938477 0.00248504095701839 0.000623323656330777
0.00357185929648241 2.3027528635086 2.72865701632833 7.27008158511945 0.316743744419859 0 0.0122668400858398 0.00246950209022788 0.000619201773420666
0.0035964824120603 2.29964820381173 2.72358939244139 7.25346698363903 0.317041245103732 0 0.0122431258340288 0.00246969353273778 0.000620136147422832
0.00362110552763819 2.29654364863065 2.71839765339379 7.2425585810351 0.317090103301923 0 0.0121740419430575 0.00245696934705508 0.000616891810257643
0.00364572864321608 2.29343993030179 2.71320039150023 7.23169560691002 0.317137232395451 0 0.0121071436710217 0.00244473596150793 0.000613792857695235
0.00367035175879397 2.29033774493771 2.70801509061171 7.2212867359958 0.317164769752336 0 0.01203898542613 0.00243202733869612 0.000610523949233571
0.00369497487437186 2.28723775420445 2.70283373184391 7.21096472037897 0.317188870407377 0 0.0119726002491337 0.0024196981499826 0.000607364824817176
0.00371959798994975 2.28414058713277 2.69765821329984 7.20073027001331 0.317209574790607 0 0.0119079360426809 0.00240773942190909 0.000604311150518203
0.00374422110552764 2.28104684112663 2.6924882513247 7.19053426770391 0.317229117643161 0 0.0118453375628473 0.00239625330985459 0.000601396117505481
0.00376884422110553 2.27795708399066 2.68732567308295 7.18038864896426 0.31724704543942 0 0.0117846496056895 0.00238519726155404 0.000598606723620469
0.00379346733668342 2.2748718568352 2.6821724152735 7.17030829357344 0.317262768028275 0 0.0117256867368106 0.00237452250985323 0.000595928010184726
0.00381809045226131 2.27179167966024 2.67702745188562 7.16023345537565 0.317278995694569 0 0.0116689077760859 0.00236435472626078 0.000593400975150044
0.0038427135678392 2.26871704758825 2.6718925820773 7.15018541805134 0.317294855299928 0 0.0116140686275534 0.00235464077700395 0.00059100600157735
0.00386733668341708 2.26564843077661 2.66676839795007 7.14015698357222 0.317310730840978 0 0.0115611706249117 0.00234537561531543 0.000588744908547802
0.00389195979899497 2.26258627543573 2.66165551553366 7.13014487659923 0.317326830603601 0 0.0115101989958347 0.00233655822219245 0.000586616745284951
0.00391658291457286 2.25953100503333 2.65655454724876 7.12014908690806 0.317343215353168 0 0.0114611122588259 0.00232817827007686 0.000584618195418667
0.00394120603015075 2.25648302124011 2.65146593843055 7.1101682200037 0.317360004914051 0 0.0114138613922982 0.00232022722121631 0.000582747226932439
0.00396582914572864 2.25344270487048 2.64639021582902 7.10020495039628 0.317377134971958 0 0.0113683924506085 0.00231269189140769 0.000580998823379481
0.00399045226130653 2.25041041684661 2.64132789622487 7.09026410753371 0.317394441549145 0 0.0113246159104654 0.00230554843244929 0.000579366636886838
0.00401507537688442 2.24738649918785 2.63627897741987 7.08033739486841 0.317412345464876 0 0.0112825649087356 0.00229880941030823 0.000577854036369461
0.00403969849246231 2.24437127561631 2.63124459466697 7.07043826519427 0.317430290943166 0 0.011242089670327 0.00229243193878731 0.000576448527630337
0.0040643216080402 2.24136505248077 2.62622624450507 7.0605856785048 0.317447468884114 0 0.0112029537032746 0.00228635665966708 0.000575133670545394
0.00408894472361809 2.2383681197475 2.62122481139908 7.0507835332397 0.317463741326776 0 0.0111652038381261 0.00228059515589985 0.000573904270100984
0.00411356783919598 2.23538075112271 2.61624102793513 7.0410271373378 0.317479354577223 0 0.0111287344832367 0.00227511713232685 0.000572761459833202
0.00413819095477387 2.23240320557758 2.61127692040186 7.03134143426894 0.317493216116262 0 0.0110933706535385 0.00226987905166669 0.000571684658617794
0.00416281407035176 2.22943572714558 2.60633394746259 7.0217473482631 0.317504406890552 0 0.0110588872725487 0.00226481506184576 0.000570656128667664
0.00418743718592965 2.22647854636531 2.60141728035735 7.01255434561455 0.317498936426452 0 0.011022830177821 0.00225922129148875 0.000569446214111896
0.00421206030150754 2.2235318802857 2.59651721269184 7.0036831799178 0.317480363283908 0 0.0109857272540597 0.00225325553581345 0.00056810784366158
0.00423668341708543 2.22059593341157 2.59153190444908 7.00004899441585 0.317225770160038 0 0.0109095202426431 0.00223599235535412 0.000563101265606954
0.00426130653266332 2.21767089766923 2.58665003507386 6.99024122808512 0.317252413086855 0 0.0108829304490125 0.00223289144037609 0.000562671989744553
0.00428592964824121 2.21475695411546 2.58178967050649 6.98052511545236 0.317276554053618 0 0.0108570837187644 0.00222993715467874 0.000562282017598396
0.0043105527638191 2.21185427223651 2.57695565194969 6.97094190999355 0.317296328214354 0 0.010831632046819 0.00222702668552697 0.00056189946626831
0.00433517587939699 2.2089630110805 2.57214972247294 6.96150136621584 0.317311294629719 0 0.0108064503010475 0.00222413545104656 0.000561515169418968
0.00435979899497487 2.20608331964444 2.56737382526266 6.95252954622255 0.317306572374517 0 0.0107790153006978 0.00222052735602429 0.000560888738223097
0.00438442211055276 2.20321533725799 2.56251772147403 6.95000139488913 0.317009337419441 0 0.0107032540489186 0.00220292072900128 0.000555715019630314
0.00440904522613065 2.20035919319099 2.55775188381722 6.94022333229341 0.317044436157053 0 0.0106847877110344 0.00220176013132501 0.000555868425914709
0.00443366834170854 2.19751500903545 2.55301537851703 6.93062948838056 0.31707293150206 0 0.0106661978089546 0.00220051087531562 0.000555985421644223
0.00445829145728643 2.19468289737852 2.54831339487271 6.92124080372133 0.31709385059952 0 0.0106473084627592 0.00219911654162942 0.000556048556484896
0.00448291457286432 2.19186296588427 2.54364667264262 6.91243464348808 0.31708986470478 0 0.0106251685028918 0.0021967196620972 0.00055577992748345
0.00450753768844221 2.18905531582435 2.53889221659952 6.91000726678434 0.316794936865972 0 0.010555493448043 0.0021805158842983 0.000551017034356389
0.0045321608040201 2.18626004037795 2.53423236669909 6.90031137705725 0.31683498336713 0 0.0105426692024655 0.00218069503966581 0.000551570529073442
0.00455678391959799 2.18347722611262 2.52961092378371 6.89086645212076 0.316865410363688 0 0.0105291109173332 0.00218061312251429 0.000552033437455354
0.00458140703517588 2.18070695269055 2.5250272866066 6.8817741705791 0.316881504483754 0 0.0105140168414023 0.00218003451293151 0.000552328754609805
0.00460603015075377 2.17794929321633 2.52047253067803 6.87379682947221 0.316848074979191 0 0.0104914980645472 0.00217724100884495 0.000551896117120862
0.00463065326633166 2.1752043139844 2.51579917310808 6.87027385560064 0.316611005573115 0 0.0104364274618974 0.00216494820828318 0.000548366858452346
0.00465527638190955 2.17247207558634 2.51126857549946 6.86088912273437 0.316645851102242 0 0.010426968969815 0.00216584484845812 0.00054912408247507
0.00467989949748744 2.16975263298616 2.50677980155905 6.85206269006813 0.316656856647146 0 0.0104143353190666 0.00216577121492906 0.000549560046824339
0.00470452261306533 2.16704603567147 2.50220199691897 6.85001746520605 0.316356278896917 0 0.010351475224394 0.00215102970805 0.000545207843165876
0.00472914572864322 2.16435232725732 2.49772340689827 6.84045043677184 0.316404942519944 0 0.0103466103464061 0.00215311251458625 0.000546333714739821
0.00475376884422111 2.16167154666701 2.49329497370102 6.83130638124391 0.316436041077313 0 0.0103395796316138 0.00215452244373555 0.000547236870989986
0.00477839195979899 2.15900372857132 2.4889027210061 6.82320507183276 0.316420759136204 0 0.0103256223905288 0.00215386994500804 0.000547457987766113
0.00480301507537688 2.15634890200839 2.48438988026616 6.82025455346398 0.316168390065908 0 0.0102739661155279 0.00214216383120369 0.000544070935285148
0.00482763819095477 2.15370709201801 2.48002411731311 6.81101678088657 0.316209335742919 0 0.0102706629852342 0.0021445255495165 0.000545267831088036
0.00485226130653266 2.15107831960707 2.47569552588546 6.80237747069152 0.316224486052874 0 0.0102638282808204 0.00214581255542671 0.000546108470285488
0.00487688442211055 2.14846260187134 2.47126279811551 6.80017929752113 0.315942052094791 0 0.0102094978299514 0.00213316717205522 0.000542391737653247
0.00490150753768844 2.14585995118787 2.46696420806324 6.79093692630974 0.315988791307174 0 0.0102090845386848 0.00213624604585409 0.000543809439369115
0.00492613065326633 2.14327037723886 2.46270615046839 6.78238767964948 0.316005288767218 0 0.0102044193541859 0.00213803716158188 0.000544800064054382
0.00495075376884422 2.14069388590763 2.45834143549091 6.78020309108768 0.31572710391544 0 0.0101528966101377 0.00212606099682116 0.000541282602828609
0.00497537688442211 2.13813047900348 2.45411563523771 6.77104740887851 0.31577544062088 0 0.0101545654812539 0.00212962768083128 0.000542847689019038
0.005 2.13558015627262 2.44993077704337 6.76293948370869 0.315776913488143 0 0.0101492190783867 0.0021311125600775 0.000543720950516928
