           rhoc              M             Mb              R              C             kl            lam
   9.787575e-05   8.085977e-02   8.088481e-02   1.976007e+01     4.0921e-03   1.946000e-02   1.130660e+10
   1.336273e-04   8.139675e-02   8.142416e-02   1.787059e+01     4.5548e-03   1.929626e-02   6.562065e+09
   1.693788e-04   8.178074e-02   8.181002e-02   1.655146e+01     4.9410e-03   1.917217e-02   4.340164e+09
   1.872545e-04   8.193613e-02   8.196622e-02   1.602124e+01     5.1142e-03   1.912610e-02   3.644504e+09
   2.230060e-04   8.219592e-02   8.222742e-02   1.514183e+01     5.4284e-03   1.901636e-02   2.689532e+09
   2.408818e-04   8.230597e-02   8.233810e-02   1.477071e+01     5.5722e-03   1.895630e-02   2.352407e+09
   2.587575e-04   8.240551e-02   8.243822e-02   1.443117e+01     5.7102e-03   1.891988e-02   2.077559e+09
   2.766333e-04   8.249605e-02   8.252929e-02   1.412244e+01     5.8415e-03   1.887745e-02   1.850270e+09
   3.123848e-04   8.291138e-02   8.294725e-02   1.321058e+01     6.2761e-03   1.881402e-02   1.288038e+09
   3.302605e-04   8.430737e-02   8.435258e-02   1.234010e+01     6.8320e-03   1.922449e-02   8.610502e+08
   3.660120e-04   9.206815e-02   9.217508e-02   1.056088e+01     8.7178e-03   2.273506e-02   3.009945e+08
   4.017635e-04   1.070998e-01   1.073627e-01   9.200188e+00     1.1641e-02   3.064657e-02   9.557215e+07
   4.375150e-04   1.288517e-01   1.294165e-01   8.321556e+00     1.5484e-02   4.331684e-02   3.244426e+07
   4.553908e-04   1.420195e-01   1.428086e-01   8.021317e+00     1.7705e-02   5.119436e-02   1.961641e+07
   4.732665e-04   1.566219e-01   1.576950e-01   7.792167e+00     2.0100e-02   5.975474e-02   1.214255e+07
   4.911423e-04   1.726066e-01   1.740326e-01   7.621507e+00     2.2647e-02   6.863273e-02   7.679930e+06
   5.090180e-04   1.899312e-01   1.917884e-01   7.491089e+00     2.5354e-02   7.785110e-02   4.953556e+06
   5.268938e-04   2.085595e-01   2.109361e-01   7.400042e+00     2.8184e-02   8.675837e-02   3.252679e+06
   5.626453e-04   2.495992e-01   2.533218e-01   7.280281e+00     3.4284e-02   1.045403e-01   1.471353e+06
   5.805210e-04   2.719488e-01   2.765194e-01   7.250579e+00     3.7507e-02   1.125962e-01   1.011253e+06
   5.983968e-04   2.954760e-01   3.010268e-01   7.231506e+00     4.0860e-02   1.203023e-01   7.042307e+05
   6.162725e-04   3.201472e-01   3.268206e-01   7.223353e+00     4.4321e-02   1.273726e-01   4.965131e+05
   6.341483e-04   3.459263e-01   3.538743e-01   7.230803e+00     4.7841e-02   1.331296e-01   3.541588e+05
   6.520240e-04   3.727750e-01   3.821649e-01   7.241212e+00     5.1480e-02   1.385174e-01   2.554087e+05
   6.698998e-04   4.006521e-01   4.116571e-01   7.260191e+00     5.5185e-02   1.428834e-01   1.861203e+05
   6.877756e-04   4.295139e-01   4.423236e-01   7.280321e+00     5.8997e-02   1.468481e-01   1.369758e+05
   7.056513e-04   4.593139e-01   4.741260e-01   7.301594e+00     6.2906e-02   1.503585e-01   1.017600e+05
   7.235271e-04   4.900033e-01   5.070195e-01   7.330526e+00     6.6844e-02   1.526912e-01   7.627872e+04
   7.414028e-04   5.215308e-01   5.409713e-01   7.360489e+00     7.0855e-02   1.544909e-01   5.766932e+04
   7.592786e-04   5.538431e-01   5.759312e-01   7.390589e+00     7.4939e-02   1.558361e-01   4.395803e+04
   7.771543e-04   5.868850e-01   6.118530e-01   7.421182e+00     7.9082e-02   1.566832e-01   3.377003e+04
   7.950301e-04   6.205998e-01   6.486900e-01   7.452301e+00     8.3276e-02   1.570292e-01   2.613863e+04
   8.129058e-04   6.546255e-01   6.860481e-01   7.490094e+00     8.7399e-02   1.562130e-01   2.042198e+04
   8.307816e-04   6.854692e-01   7.200764e-01   7.520034e+00     9.1152e-02   1.555191e-01   1.647601e+04
   8.486573e-04   7.163775e-01   7.543418e-01   7.542416e+00     9.4980e-02   1.552215e-01   1.338762e+04
   8.665331e-04   7.473231e-01   7.888009e-01   7.571367e+00     9.8704e-02   1.538787e-01   1.095007e+04
   8.844088e-04   7.782784e-01   8.234261e-01   7.600425e+00     1.0240e-01   1.521853e-01   9.011472e+03
   9.022846e-04   8.092158e-01   8.582049e-01   7.622543e+00     1.0616e-01   1.508645e-01   7.458878e+03
   9.201603e-04   8.401076e-01   8.930841e-01   7.650520e+00     1.0981e-01   1.486688e-01   6.207389e+03
   9.380361e-04   8.709267e-01   9.280560e-01   7.671842e+00     1.1352e-01   1.468497e-01   5.192445e+03
   9.559118e-04   9.016463e-01   9.630732e-01   7.700025e+00     1.1710e-01   1.441330e-01   4.364676e+03
   9.737876e-04   9.322403e-01   9.981148e-01   7.720140e+00     1.2075e-01   1.419548e-01   3.685916e+03
   9.916633e-04   9.626834e-01   1.033150e+00   7.740240e+00     1.2437e-01   1.395717e-01   3.126516e+03
   1.009539e-03   9.929510e-01   1.068156e+00   7.760111e+00     1.2796e-01   1.370264e-01   2.663262e+03
   1.027415e-03   1.023019e+00   1.103106e+00   7.772761e+00     1.3162e-01   1.349460e-01   2.277855e+03
   1.045291e-03   1.052866e+00   1.137953e+00   7.791408e+00     1.3513e-01   1.321924e-01   1.955824e+03
   1.063166e-03   1.082469e+00   1.172676e+00   7.810309e+00     1.3859e-01   1.292957e-01   1.685610e+03
   1.081042e-03   1.111808e+00   1.207279e+00   7.821749e+00     1.4214e-01   1.269009e-01   1.457957e+03
   1.098918e-03   1.140863e+00   1.241685e+00   7.840119e+00     1.4552e-01   1.238465e-01   1.265433e+03
   1.116794e-03   1.169615e+00   1.275918e+00   7.850625e+00     1.4898e-01   1.213302e-01   1.102005e+03
   1.134669e-03   1.198049e+00   1.309935e+00   7.861130e+00     1.5240e-01   1.187318e-01   9.627830e+02
   1.152545e-03   1.226146e+00   1.343715e+00   7.871443e+00     1.5577e-01   1.160800e-01   8.437750e+02
   1.170421e-03   1.253893e+00   1.377232e+00   7.881274e+00     1.5910e-01   1.134083e-01   7.417089e+02
   1.188297e-03   1.281275e+00   1.410463e+00   7.890957e+00     1.6237e-01   1.107034e-01   6.538927e+02
   1.206172e-03   1.308279e+00   1.443394e+00   7.900403e+00     1.6560e-01   1.079821e-01   5.781031e+02
   1.224048e-03   1.334893e+00   1.476011e+00   7.910009e+00     1.6876e-01   1.052277e-01   5.124970e+02
   1.241924e-03   1.361107e+00   1.508305e+00   7.911297e+00     1.7205e-01   1.030011e-01   4.555405e+02
   1.259800e-03   1.386911e+00   1.540225e+00   7.920134e+00     1.7511e-01   1.002659e-01   4.059580e+02
   1.277675e-03   1.412296e+00   1.571806e+00   7.921163e+00     1.7829e-01   9.801488e-02   3.626739e+02
   1.313427e-03   1.461780e+00   1.633766e+00   7.930232e+00     1.8433e-01   9.306497e-02   2.915508e+02
   1.331303e-03   1.485866e+00   1.664151e+00   7.930664e+00     1.8736e-01   9.083573e-02   2.623103e+02
   1.349178e-03   1.509507e+00   1.694121e+00   7.931089e+00     1.9033e-01   8.861029e-02   2.365270e+02
   1.367054e-03   1.532700e+00   1.723660e+00   7.931299e+00     1.9325e-01   8.640526e-02   2.137393e+02
   1.384930e-03   1.555441e+00   1.752755e+00   7.931313e+00     1.9611e-01   8.422373e-02   1.935532e+02
   1.402806e-03   1.577728e+00   1.781397e+00   7.931028e+00     1.9893e-01   8.207466e-02   1.756323e+02
   1.420681e-03   1.599558e+00   1.809582e+00   7.930611e+00     2.0169e-01   7.995232e-02   1.596880e+02
   1.438557e-03   1.620931e+00   1.837311e+00   7.930229e+00     2.0440e-01   7.785155e-02   1.454727e+02
   1.456433e-03   1.641846e+00   1.864571e+00   7.930003e+00     2.0704e-01   7.576984e-02   1.327729e+02
   1.474309e-03   1.662304e+00   1.891374e+00   7.921337e+00     2.0985e-01   7.411112e-02   1.214039e+02
   1.492184e-03   1.682304e+00   1.917666e+00   7.920308e+00     2.1240e-01   7.211741e-02   1.112083e+02
   1.510060e-03   1.701848e+00   1.943524e+00   7.912160e+00     2.1509e-01   7.047164e-02   1.020456e+02
   1.527936e-03   1.720938e+00   1.968828e+00   7.910483e+00     2.1755e-01   6.856442e-02   9.379849e+01
   1.545812e-03   1.739577e+00   1.993700e+00   7.902119e+00     2.2014e-01   6.697360e-02   8.635986e+01
   1.563687e-03   1.757767e+00   2.018033e+00   7.900269e+00     2.2249e-01   6.513650e-02   7.964094e+01
   1.581563e-03   1.775511e+00   2.041916e+00   7.891368e+00     2.2499e-01   6.361898e-02   7.355980e+01
   1.599439e-03   1.792812e+00   2.065269e+00   7.890009e+00     2.2723e-01   6.182948e-02   6.804837e+01
   1.617315e-03   1.809676e+00   2.088151e+00   7.880314e+00     2.2965e-01   6.039782e-02   6.304404e+01
   1.635190e-03   1.826286e+00   2.110796e+00   7.870954e+00     2.3203e-01   5.895831e-02   5.844489e+01
   1.653066e-03   1.842488e+00   2.132988e+00   7.861658e+00     2.3436e-01   5.754020e-02   5.425352e+01
   1.670942e-03   1.858265e+00   2.154685e+00   7.852430e+00     2.3665e-01   5.614661e-02   5.043302e+01
   1.688818e-03   1.873622e+00   2.175836e+00   7.850031e+00     2.3868e-01   5.454371e-02   4.694622e+01
   1.706693e-03   1.888565e+00   2.196544e+00   7.840135e+00     2.4088e-01   5.323446e-02   4.375827e+01
   1.724569e-03   1.903098e+00   2.216795e+00   7.830197e+00     2.4305e-01   5.195404e-02   4.084005e+01
   1.742445e-03   1.917227e+00   2.236520e+00   7.820275e+00     2.4516e-01   5.070081e-02   3.816512e+01
   1.760321e-03   1.930957e+00   2.255809e+00   7.810287e+00     2.4723e-01   4.947759e-02   3.570998e+01
   1.778196e-03   1.944294e+00   2.274579e+00   7.800247e+00     2.4926e-01   4.828388e-02   3.345363e+01
   1.796072e-03   1.957243e+00   2.292915e+00   7.790188e+00     2.5124e-01   4.711855e-02   3.137736e+01
   1.813948e-03   1.969812e+00   2.310749e+00   7.780094e+00     2.5319e-01   4.598202e-02   2.946441e+01
   1.831824e-03   1.982004e+00   2.328132e+00   7.770029e+00     2.5508e-01   4.487220e-02   2.769978e+01
   1.849699e-03   1.993828e+00   2.345113e+00   7.752579e+00     2.5718e-01   4.399808e-02   2.606963e+01
   1.867575e-03   2.005289e+00   2.361586e+00   7.741902e+00     2.5902e-01   4.295511e-02   2.456278e+01
   1.885451e-03   2.016393e+00   2.377573e+00   7.731261e+00     2.6081e-01   4.193749e-02   2.316793e+01
   1.903327e-03   2.027146e+00   2.393131e+00   7.720702e+00     2.6256e-01   4.094370e-02   2.187531e+01
   1.921202e-03   2.037556e+00   2.408260e+00   7.710268e+00     2.6427e-01   3.997234e-02   2.067607e+01
   1.939078e-03   2.047628e+00   2.422958e+00   7.700036e+00     2.6592e-01   3.902130e-02   1.956225e+01
   1.956954e-03   2.057369e+00   2.437269e+00   7.682076e+00     2.6781e-01   3.828684e-02   1.852636e+01
   1.974830e-03   2.066786e+00   2.451073e+00   7.671098e+00     2.6943e-01   3.740007e-02   1.756271e+01
   1.992705e-03   2.075884e+00   2.464462e+00   7.660414e+00     2.7099e-01   3.653003e-02   1.666497e+01
   2.010581e-03   2.084671e+00   2.477449e+00   7.650044e+00     2.7250e-01   3.567613e-02   1.582773e+01
   2.028457e-03   2.093152e+00   2.490098e+00   7.631879e+00     2.7426e-01   3.502326e-02   1.504591e+01
   2.046333e-03   2.101335e+00   2.502259e+00   7.620802e+00     2.7574e-01   3.422795e-02   1.431583e+01
   2.064208e-03   2.109225e+00   2.514035e+00   7.610157e+00     2.7716e-01   3.344493e-02   1.363303e+01
   2.082084e-03   2.116829e+00   2.525509e+00   7.592327e+00     2.7881e-01   3.283776e-02   1.299355e+01
   2.099960e-03   2.124153e+00   2.536495e+00   7.580982e+00     2.8020e-01   3.210948e-02   1.239482e+01
   2.117836e-03   2.131204e+00   2.547118e+00   7.570220e+00     2.8152e-01   3.138935e-02   1.183338e+01
   2.135711e-03   2.137987e+00   2.557476e+00   7.552424e+00     2.8309e-01   3.083173e-02   1.130612e+01
   2.153587e-03   2.144508e+00   2.567347e+00   7.540989e+00     2.8438e-01   3.016222e-02   1.081123e+01
   2.171463e-03   2.150774e+00   2.576877e+00   7.530186e+00     2.8562e-01   2.949909e-02   1.034598e+01
   2.189339e-03   2.156791e+00   2.586117e+00   7.512141e+00     2.8711e-01   2.899323e-02   9.907945e+00
   2.207214e-03   2.162564e+00   2.594936e+00   7.500759e+00     2.8831e-01   2.837555e-02   9.495858e+00
   2.225090e-03   2.168099e+00   2.603425e+00   7.490093e+00     2.8946e-01   2.776200e-02   9.107506e+00
   2.242966e-03   2.173403e+00   2.611653e+00   7.471667e+00     2.9089e-01   2.730651e-02   8.741007e+00
   2.260842e-03   2.178480e+00   2.619475e+00   7.460493e+00     2.9200e-01   2.673411e-02   8.395466e+00
   2.278717e-03   2.183335e+00   2.627001e+00   7.450012e+00     2.9306e-01   2.616564e-02   8.069054e+00
   2.296593e-03   2.187976e+00   2.634293e+00   7.431212e+00     2.9443e-01   2.575661e-02   7.760377e+00
   2.314469e-03   2.192406e+00   2.641164e+00   7.420237e+00     2.9546e-01   2.522624e-02   7.468697e+00
   2.332345e-03   2.196632e+00   2.647814e+00   7.402198e+00     2.9675e-01   2.482819e-02   7.192348e+00
   2.350220e-03   2.200658e+00   2.654091e+00   7.390752e+00     2.9776e-01   2.433346e-02   6.930953e+00
   2.368096e-03   2.204489e+00   2.660098e+00   7.380063e+00     2.9871e-01   2.384048e-02   6.683192e+00
   2.385972e-03   2.208131e+00   2.665931e+00   7.361577e+00     2.9995e-01   2.348483e-02   6.448016e+00
   2.403848e-03   2.211589e+00   2.671352e+00   7.350394e+00     3.0088e-01   2.302545e-02   6.225130e+00
   2.421723e-03   2.214866e+00   2.676589e+00   7.332621e+00     3.0206e-01   2.267977e-02   6.013212e+00
   2.439599e-03   2.217968e+00   2.681478e+00   7.321029e+00     3.0296e-01   2.225075e-02   5.812161e+00
   2.457475e-03   2.220900e+00   2.686124e+00   7.310166e+00     3.0381e-01   2.182303e-02   5.621023e+00
   2.475351e-03   2.223665e+00   2.690632e+00   7.291978e+00     3.0495e-01   2.151433e-02   5.438963e+00
   2.493226e-03   2.226269e+00   2.694746e+00   7.280607e+00     3.0578e-01   2.111637e-02   5.265961e+00
   2.511102e-03   2.228716e+00   2.698636e+00   7.270039e+00     3.0656e-01   2.071813e-02   5.101165e+00
   2.528978e-03   2.231010e+00   2.702382e+00   7.251430e+00     3.0766e-01   2.044347e-02   4.943956e+00
   2.546854e-03   2.233154e+00   2.705812e+00   7.240369e+00     3.0843e-01   2.007283e-02   4.794319e+00
   2.564729e-03   2.235154e+00   2.709055e+00   7.230001e+00     3.0915e-01   1.970299e-02   4.651520e+00
   2.582605e-03   2.237014e+00   2.712078e+00   7.211095e+00     3.1022e-01   1.945794e-02   4.515114e+00
   2.600481e-03   2.238736e+00   2.714833e+00   7.200218e+00     3.1093e-01   1.911399e-02   4.385049e+00
   2.618357e-03   2.240325e+00   2.717515e+00   7.182296e+00     3.1192e-01   1.887109e-02   4.260565e+00
   2.636232e-03   2.241784e+00   2.719863e+00   7.170876e+00     3.1262e-01   1.855199e-02   4.141820e+00
   2.654108e-03   2.243118e+00   2.722004e+00   7.160130e+00     3.1328e-01   1.823325e-02   4.028253e+00
   2.671984e-03   2.244330e+00   2.724031e+00   7.142047e+00     3.1424e-01   1.801479e-02   3.919390e+00
   2.689860e-03   2.245422e+00   2.725781e+00   7.130776e+00     3.1489e-01   1.771905e-02   3.815425e+00
   2.707735e-03   2.246399e+00   2.727370e+00   7.120113e+00     3.1550e-01   1.742404e-02   3.715842e+00
   2.725611e-03   2.247264e+00   2.728881e+00   7.102015e+00     3.1643e-01   1.722627e-02   3.620237e+00
   2.743487e-03   2.248021e+00   2.730074e+00   7.090801e+00     3.1703e-01   1.695302e-02   3.528831e+00
   2.761363e-03   2.248671e+00   2.731109e+00   7.080141e+00     3.1760e-01   1.668077e-02   3.441162e+00
   2.779238e-03   2.249218e+00   2.732110e+00   7.062242e+00     3.1849e-01   1.649949e-02   3.356867e+00
   2.797114e-03   2.249666e+00   2.732821e+00   7.050977e+00     3.1906e-01   1.624812e-02   3.276180e+00
   2.814990e-03   2.250017e+00   2.733394e+00   7.040239e+00     3.1959e-01   1.599773e-02   3.198710e+00
   2.832866e-03   2.250274e+00   2.733863e+00   7.022626e+00     3.2043e-01   1.583054e-02   3.124098e+00
   2.850741e-03   2.250440e+00   2.734099e+00   7.011343e+00     3.2097e-01   1.559891e-02   3.052612e+00
   2.868617e-03   2.250518e+00   2.734194e+00   7.000483e+00     3.2148e-01   1.536913e-02   2.983910e+00
   2.886493e-03   2.250509e+00   2.734170e+00   6.990059e+00     3.2196e-01   1.514082e-02   2.917818e+00
   2.904369e-03   2.250418e+00   2.734114e+00   6.971964e+00     3.2278e-01   1.500019e-02   2.854075e+00
   2.922244e-03   2.250245e+00   2.733775e+00   6.960937e+00     3.2327e-01   1.478982e-02   2.792936e+00
   2.940120e-03   2.249995e+00   2.733313e+00   6.950303e+00     3.2373e-01   1.458110e-02   2.734075e+00
   2.957996e-03   2.249668e+00   2.732741e+00   6.940016e+00     3.2416e-01   1.437436e-02   2.677363e+00
   2.975872e-03   2.249268e+00   2.732158e+00   6.921811e+00     3.2495e-01   1.425374e-02   2.622590e+00
   2.993747e-03   2.248796e+00   2.731336e+00   6.910918e+00     3.2540e-01   1.406356e-02   2.569992e+00
   3.011623e-03   2.248256e+00   2.730409e+00   6.900325e+00     3.2582e-01   1.387552e-02   2.519283e+00
   3.029499e-03   2.247648e+00   2.729361e+00   6.890041e+00     3.2622e-01   1.368941e-02   2.470364e+00
   3.047375e-03   2.246976e+00   2.728273e+00   6.872130e+00     3.2697e-01   1.358266e-02   2.423030e+00
   3.065251e-03   2.246240e+00   2.726990e+00   6.861232e+00     3.2738e-01   1.341185e-02   2.377535e+00
   3.083126e-03   2.245444e+00   2.725606e+00   6.850576e+00     3.2777e-01   1.324339e-02   2.333629e+00
   3.101002e-03   2.244589e+00   2.724135e+00   6.840198e+00     3.2815e-01   1.307677e-02   2.291229e+00
   3.118878e-03   2.243677e+00   2.722577e+00   6.830013e+00     3.2850e-01   1.291276e-02   2.250266e+00
   3.136754e-03   2.242710e+00   2.721043e+00   6.812076e+00     3.2923e-01   1.282513e-02   2.210562e+00
   3.154629e-03   2.241689e+00   2.719261e+00   6.801299e+00     3.2960e-01   1.267476e-02   2.172356e+00
   3.172505e-03   2.240617e+00   2.717391e+00   6.790721e+00     3.2995e-01   1.252669e-02   2.135436e+00
   3.190381e-03   2.239495e+00   2.715438e+00   6.780332e+00     3.3029e-01   1.238087e-02   2.099736e+00
   3.208257e-03   2.238324e+00   2.713409e+00   6.770099e+00     3.3062e-01   1.223752e-02   2.065201e+00
   3.226132e-03   2.237107e+00   2.711307e+00   6.760005e+00     3.3093e-01   1.209673e-02   2.031787e+00
   3.244008e-03   2.235845e+00   2.709228e+00   6.742084e+00     3.3163e-01   1.202854e-02   1.999329e+00
   3.261884e-03   2.234539e+00   2.706960e+00   6.731496e+00     3.3195e-01   1.189907e-02   1.968070e+00
   3.279760e-03   2.233191e+00   2.704619e+00   6.721043e+00     3.3227e-01   1.177198e-02   1.937816e+00
   3.297635e-03   2.231802e+00   2.702208e+00   6.710659e+00     3.3258e-01   1.164771e-02   1.908520e+00
   3.315511e-03   2.230374e+00   2.699730e+00   6.700359e+00     3.3287e-01   1.152605e-02   1.880145e+00
   3.333387e-03   2.228908e+00   2.697191e+00   6.690190e+00     3.3316e-01   1.140655e-02   1.852655e+00
   3.351263e-03   2.227406e+00   2.694588e+00   6.680065e+00     3.3344e-01   1.128987e-02   1.826016e+00
   3.369138e-03   2.225868e+00   2.691927e+00   6.670012e+00     3.3371e-01   1.117572e-02   1.800198e+00
   3.387014e-03   2.224296e+00   2.689296e+00   6.652438e+00     3.3436e-01   1.112650e-02   1.775040e+00
   3.404890e-03   2.222692e+00   2.686499e+00   6.642085e+00     3.3464e-01   1.102049e-02   1.750795e+00
   3.422766e-03   2.221056e+00   2.683644e+00   6.631678e+00     3.3492e-01   1.091778e-02   1.727279e+00
   3.440641e-03   2.219390e+00   2.680737e+00   6.621447e+00     3.3518e-01   1.081651e-02   1.704483e+00
   3.458517e-03   2.217694e+00   2.677776e+00   6.611212e+00     3.3544e-01   1.071803e-02   1.682368e+00
   3.476393e-03   2.215970e+00   2.674766e+00   6.601027e+00     3.3570e-01   1.062184e-02   1.660911e+00
   3.494269e-03   2.214219e+00   2.671707e+00   6.590870e+00     3.3595e-01   1.052805e-02   1.640089e+00
   3.512144e-03   2.212442e+00   2.668603e+00   6.580764e+00     3.3620e-01   1.043644e-02   1.619880e+00
   3.530020e-03   2.210640e+00   2.665455e+00   6.570668e+00     3.3644e-01   1.034725e-02   1.600262e+00
   3.547896e-03   2.208814e+00   2.662265e+00   6.560603e+00     3.3668e-01   1.026028e-02   1.581215e+00
   3.565772e-03   2.206965e+00   2.659034e+00   6.550565e+00     3.3691e-01   1.017549e-02   1.562719e+00
   3.583647e-03   2.205093e+00   2.655761e+00   6.540526e+00     3.3714e-01   1.009305e-02   1.544756e+00
   3.601523e-03   2.203201e+00   2.652437e+00   6.530494e+00     3.3737e-01   1.001285e-02   1.527307e+00
   3.619399e-03   2.201288e+00   2.649078e+00   6.520524e+00     3.3759e-01   9.934412e-03   1.510356e+00
   3.637275e-03   2.199355e+00   2.645681e+00   6.510525e+00     3.3782e-01   9.858378e-03   1.493886e+00
   3.655150e-03   2.197404e+00   2.642249e+00   6.500541e+00     3.3803e-01   9.784366e-03   1.477881e+00
   3.673026e-03   2.195435e+00   2.638788e+00   6.490616e+00     3.3825e-01   9.712001e-03   1.462326e+00
   3.690902e-03   2.193449e+00   2.635295e+00   6.480696e+00     3.3846e-01   9.641639e-03   1.447206e+00
   3.708778e-03   2.191447e+00   2.631773e+00   6.470797e+00     3.3867e-01   9.573118e-03   1.432507e+00
   3.726653e-03   2.189429e+00   2.628224e+00   6.460911e+00     3.3887e-01   9.506447e-03   1.418214e+00
   3.744529e-03   2.187396e+00   2.624652e+00   6.451074e+00     3.3907e-01   9.441323e-03   1.404316e+00
   3.762405e-03   2.185349e+00   2.621055e+00   6.441276e+00     3.3927e-01   9.377788e-03   1.390801e+00
   3.780281e-03   2.183289e+00   2.617437e+00   6.431526e+00     3.3947e-01   9.315744e-03   1.377656e+00
   3.798156e-03   2.181215e+00   2.613797e+00   6.421791e+00     3.3966e-01   9.255373e-03   1.364868e+00
   3.816032e-03   2.179130e+00   2.610140e+00   6.412136e+00     3.3984e-01   9.196219e-03   1.352433e+00
   3.833908e-03   2.177034e+00   2.606463e+00   6.402509e+00     3.4003e-01   9.138594e-03   1.340335e+00
   3.851784e-03   2.174926e+00   2.602620e+00   6.400011e+00     3.3983e-01   9.033101e-03   1.328699e+00
   3.869659e-03   2.172808e+00   2.598869e+00   6.390077e+00     3.4003e-01   8.981282e-03   1.317256e+00
   3.887535e-03   2.170681e+00   2.595109e+00   6.380203e+00     3.4022e-01   8.930613e-03   1.306118e+00
   3.905411e-03   2.168544e+00   2.591341e+00   6.370386e+00     3.4041e-01   8.881088e-03   1.295275e+00
   3.923287e-03   2.166399e+00   2.587566e+00   6.360664e+00     3.4059e-01   8.832408e-03   1.284717e+00
   3.941162e-03   2.164246e+00   2.583785e+00   6.351008e+00     3.4077e-01   8.784746e-03   1.274436e+00
   3.959038e-03   2.162085e+00   2.580000e+00   6.341463e+00     3.4094e-01   8.737795e-03   1.264427e+00
   3.976914e-03   2.159918e+00   2.576189e+00   6.332075e+00     3.4111e-01   8.691270e-03   1.254689e+00
   3.994790e-03   2.157744e+00   2.572195e+00   6.330002e+00     3.4088e-01   8.597218e-03   1.245337e+00
   4.012665e-03   2.155563e+00   2.568332e+00   6.320083e+00     3.4107e-01   8.557451e-03   1.236127e+00
   4.030541e-03   2.153378e+00   2.564478e+00   6.310300e+00     3.4125e-01   8.518063e-03   1.227153e+00
   4.048417e-03   2.151187e+00   2.560629e+00   6.300635e+00     3.4142e-01   8.479145e-03   1.218406e+00
   4.066293e-03   2.148991e+00   2.556778e+00   6.291159e+00     3.4159e-01   8.440230e-03   1.209883e+00
   4.084168e-03   2.146791e+00   2.552877e+00   6.281836e+00     3.4175e-01   8.401586e-03   1.201583e+00
   4.102044e-03   2.144588e+00   2.548850e+00   6.280001e+00     3.4149e-01   8.315378e-03   1.193631e+00
   4.119920e-03   2.142380e+00   2.544945e+00   6.270110e+00     3.4168e-01   8.283360e-03   1.185791e+00
   4.137796e-03   2.140170e+00   2.541061e+00   6.260405e+00     3.4186e-01   8.251232e-03   1.178144e+00
   4.155671e-03   2.137957e+00   2.537157e+00   6.250921e+00     3.4202e-01   8.218759e-03   1.170684e+00
   4.173547e-03   2.135742e+00   2.533228e+00   6.241657e+00     3.4218e-01   8.185974e-03   1.163415e+00
   4.209299e-03   2.131306e+00   2.525276e+00   6.230126e+00     3.4210e-01   8.079535e-03   1.149608e+00
   4.227174e-03   2.129086e+00   2.521366e+00   6.220513e+00     3.4227e-01   8.052662e-03   1.142912e+00
   4.245050e-03   2.126865e+00   2.517420e+00   6.211217e+00     3.4242e-01   8.024737e-03   1.136379e+00
   4.262926e-03   2.124644e+00   2.513490e+00   6.202175e+00     3.4256e-01   7.996263e-03   1.130018e+00
   4.280802e-03   2.122422e+00   2.509463e+00   6.200056e+00     3.4232e-01   7.925486e-03   1.123968e+00
   4.298677e-03   2.120200e+00   2.505538e+00   6.190419e+00     3.4250e-01   7.903163e-03   1.117958e+00
   4.316553e-03   2.117979e+00   2.501588e+00   6.181112e+00     3.4265e-01   7.879604e-03   1.112086e+00
   4.334429e-03   2.115758e+00   2.497664e+00   6.172143e+00     3.4279e-01   7.854898e-03   1.106368e+00
   4.352305e-03   2.113537e+00   2.493657e+00   6.170073e+00     3.4255e-01   7.788558e-03   1.100950e+00
   4.370180e-03   2.111318e+00   2.489708e+00   6.160517e+00     3.4272e-01   7.769747e-03   1.095552e+00
   4.388056e-03   2.109101e+00   2.485776e+00   6.151364e+00     3.4287e-01   7.749201e-03   1.090276e+00
   4.405932e-03   2.106884e+00   2.481870e+00   6.142606e+00     3.4300e-01   7.727193e-03   1.085151e+00
   4.423808e-03   2.104670e+00   2.477856e+00   6.140205e+00     3.4277e-01   7.667317e-03   1.080304e+00
   4.441683e-03   2.102458e+00   2.473916e+00   6.130833e+00     3.4293e-01   7.651039e-03   1.075449e+00
   4.459559e-03   2.100248e+00   2.470019e+00   6.121976e+00     3.4307e-01   7.632381e-03   1.070715e+00
   4.477435e-03   2.098041e+00   2.466040e+00   6.120076e+00     3.4281e-01   7.572517e-03   1.066261e+00
   4.495311e-03   2.095836e+00   2.462100e+00   6.110597e+00     3.4298e-01   7.559672e-03   1.061801e+00
   4.513186e-03   2.093635e+00   2.458216e+00   6.101682e+00     3.4312e-01   7.544049e-03   1.057442e+00
   4.531062e-03   2.091436e+00   2.454263e+00   6.100038e+00     3.4286e-01   7.485522e-03   1.053345e+00
   4.548938e-03   2.089241e+00   2.450334e+00   6.090526e+00     3.4303e-01   7.475485e-03   1.049251e+00
   4.566814e-03   2.087049e+00   2.446470e+00   6.081613e+00     3.4317e-01   7.462400e-03   1.045244e+00
   4.584689e-03   2.084862e+00   2.442532e+00   6.080031e+00     3.4290e-01   7.406296e-03   1.041484e+00
   4.602565e-03   2.082678e+00   2.438626e+00   6.070541e+00     3.4308e-01   7.398566e-03   1.037726e+00
   4.620441e-03   2.080498e+00   2.434787e+00   6.061633e+00     3.4322e-01   7.387839e-03   1.034041e+00
   4.638317e-03   2.078322e+00   2.430856e+00   6.060053e+00     3.4295e-01   7.334463e-03   1.030611e+00
   4.656192e-03   2.076151e+00   2.426987e+00   6.050665e+00     3.4313e-01   7.328402e-03   1.027161e+00
   4.674068e-03   2.073984e+00   2.423185e+00   6.041933e+00     3.4327e-01   7.318922e-03   1.023783e+00
   4.691944e-03   2.071823e+00   2.419252e+00   6.040137e+00     3.4301e-01   7.269453e-03   1.020661e+00
   4.709820e-03   2.069666e+00   2.415432e+00   6.030956e+00     3.4317e-01   7.264289e-03   1.017494e+00
   4.727695e-03   2.067514e+00   2.411671e+00   6.022517e+00     3.4330e-01   7.255334e-03   1.014413e+00
   4.745571e-03   2.065367e+00   2.407735e+00   6.020336e+00     3.4307e-01   7.210584e-03   1.011572e+00
   4.763447e-03   2.063225e+00   2.403970e+00   6.011438e+00     3.4322e-01   7.205757e-03   1.008666e+00
   4.781323e-03   2.061089e+00   2.400104e+00   6.010053e+00     3.4294e-01   7.157770e-03   1.005992e+00
   4.799198e-03   2.058958e+00   2.396321e+00   6.000744e+00     3.4312e-01   7.156947e-03   1.003285e+00
   4.817074e-03   2.056833e+00   2.392615e+00   5.992264e+00     3.4325e-01   7.151681e-03   1.000636e+00
   4.834950e-03   2.054714e+00   2.388729e+00   5.990293e+00     3.4301e-01   7.109504e-03   9.982327e-01
   4.852826e-03   2.052600e+00   2.385024e+00   5.981462e+00     3.4316e-01   7.107662e-03   9.957496e-01
   4.870701e-03   2.050493e+00   2.381199e+00   5.980071e+00     3.4289e-01   7.063438e-03   9.934937e-01
   4.888577e-03   2.048392e+00   2.377486e+00   5.970909e+00     3.4306e-01   7.064965e-03   9.911880e-01
   4.924329e-03   2.044208e+00   2.370002e+00   5.960514e+00     3.4296e-01   7.023976e-03   9.869275e-01
   4.942204e-03   2.042125e+00   2.366380e+00   5.951993e+00     3.4310e-01   7.023423e-03   9.848223e-01
   4.960080e-03   2.040049e+00   2.362576e+00   5.950257e+00     3.4285e-01   6.984733e-03   9.829556e-01
   4.977956e-03   2.037980e+00   2.358963e+00   5.941521e+00     3.4301e-01   6.986686e-03   9.810000e-01
   4.995832e-03   2.035917e+00   2.355206e+00   5.940119e+00     3.4274e-01   6.947283e-03   9.792626e-01
   5.013707e-03   2.033861e+00   2.351599e+00   5.931143e+00     3.4291e-01   6.951878e-03   9.774551e-01
   5.031583e-03   2.031812e+00   2.347890e+00   5.930037e+00     3.4263e-01   6.911942e-03   9.758400e-01
   5.049459e-03   2.029769e+00   2.344291e+00   5.920873e+00     3.4282e-01   6.918845e-03   9.741776e-01
   5.067335e-03   2.027734e+00   2.340627e+00   5.920005e+00     3.4252e-01   6.878685e-03   9.726804e-01
   5.085210e-03   2.025705e+00   2.337040e+00   5.910720e+00     3.4272e-01   6.887479e-03   9.711578e-01
   5.103086e-03   2.023684e+00   2.333552e+00   5.902612e+00     3.4285e-01   6.889785e-03   9.696669e-01
   5.120962e-03   2.021669e+00   2.329844e+00   5.900589e+00     3.4262e-01   6.858243e-03   9.683843e-01
   5.138838e-03   2.019662e+00   2.326383e+00   5.892437e+00     3.4275e-01   6.861862e-03   9.670121e-01
   5.156713e-03   2.017662e+00   2.322704e+00   5.890525e+00     3.4253e-01   6.830837e-03   9.658507e-01
   5.174589e-03   2.015670e+00   2.319271e+00   5.882314e+00     3.4267e-01   6.835822e-03   9.645913e-01
   5.192465e-03   2.013685e+00   2.315621e+00   5.880486e+00     3.4244e-01   6.805436e-03   9.635480e-01
   5.210341e-03   2.011707e+00   2.312217e+00   5.872310e+00     3.4258e-01   6.811249e-03   9.624025e-01
   5.228216e-03   2.009737e+00   2.308596e+00   5.870502e+00     3.4234e-01   6.781822e-03   9.614694e-01
   5.246092e-03   2.007774e+00   2.305223e+00   5.862394e+00     3.4248e-01   6.788257e-03   9.604350e-01
   5.263968e-03   2.005819e+00   2.301629e+00   5.860570e+00     3.4226e-01   6.759955e-03   9.596071e-01
   5.281844e-03   2.003871e+00   2.298285e+00   5.852534e+00     3.4239e-01   6.766961e-03   9.586786e-01
   5.299719e-03   2.001931e+00   2.294722e+00   5.850668e+00     3.4217e-01   6.739905e-03   9.579528e-01
   5.317595e-03   1.999999e+00   2.291255e+00   5.850002e+00     3.4188e-01   6.706279e-03   9.572417e-01
   5.335471e-03   1.998074e+00   2.287875e+00   5.840807e+00     3.4209e-01   6.721559e-03   9.564992e-01
   5.353347e-03   1.996158e+00   2.284422e+00   5.840023e+00     3.4181e-01   6.689655e-03   9.558967e-01
   5.371222e-03   1.994249e+00   2.281089e+00   5.831000e+00     3.4201e-01   6.704778e-03   9.552390e-01
   5.389098e-03   1.992347e+00   2.277650e+00   5.830078e+00     3.4174e-01   6.674702e-03   9.547447e-01
   5.406974e-03   1.990454e+00   2.274370e+00   5.821345e+00     3.4192e-01   6.688997e-03   9.541700e-01
   5.424850e-03   1.988568e+00   2.270939e+00   5.820170e+00     3.4167e-01   6.661355e-03   9.537776e-01
   5.442725e-03   1.986691e+00   2.267713e+00   5.811750e+00     3.4184e-01   6.674669e-03   9.532827e-01
   5.460601e-03   1.984821e+00   2.264296e+00   5.810362e+00     3.4160e-01   6.649201e-03   9.529878e-01
   5.478477e-03   1.982959e+00   2.261113e+00   5.802264e+00     3.4176e-01   6.661504e-03   9.525756e-01
   5.496353e-03   1.981106e+00   2.257721e+00   5.800646e+00     3.4153e-01   6.638227e-03   9.523680e-01
   5.514228e-03   1.979260e+00   2.254411e+00   5.800011e+00     3.4125e-01   6.609582e-03   9.521662e-01
   5.532104e-03   1.977422e+00   2.251215e+00   5.791087e+00     3.4146e-01   6.628040e-03   9.519138e-01
   5.549980e-03   1.975592e+00   2.247903e+00   5.790107e+00     3.4120e-01   6.602324e-03   9.518143e-01
   5.567856e-03   1.973770e+00   2.244777e+00   5.781638e+00     3.4139e-01   6.618861e-03   9.516201e-01
   5.585731e-03   1.971957e+00   2.241471e+00   5.780367e+00     3.4115e-01   6.595732e-03   9.516169e-01
   5.603607e-03   1.970151e+00   2.238390e+00   5.772380e+00     3.4131e-01   6.610270e-03   9.514921e-01
   5.621483e-03   1.968353e+00   2.235113e+00   5.770762e+00     3.4109e-01   6.589902e-03   9.515652e-01
   5.639359e-03   1.966564e+00   2.231896e+00   5.770045e+00     3.4082e-01   6.564690e-03   9.516536e-01
   5.657234e-03   1.964782e+00   2.228832e+00   5.761437e+00     3.4102e-01   6.584031e-03   9.516615e-01
   5.675110e-03   1.963009e+00   2.225610e+00   5.760286e+00     3.4078e-01   6.562190e-03   9.518452e-01
   5.692986e-03   1.961244e+00   2.222607e+00   5.752303e+00     3.4095e-01   6.578631e-03   9.519090e-01
   5.710862e-03   1.959486e+00   2.219408e+00   5.750773e+00     3.4073e-01   6.559711e-03   9.521674e-01
   5.728737e-03   1.957737e+00   2.216266e+00   5.750056e+00     3.4047e-01   6.536431e-03   9.524395e-01
   5.746613e-03   1.955996e+00   2.213284e+00   5.741496e+00     3.4068e-01   6.557306e-03   9.526188e-01
   5.764489e-03   1.954264e+00   2.210138e+00   5.740385e+00     3.4044e-01   6.537156e-03   9.529869e-01
   5.782365e-03   1.952539e+00   2.207074e+00   5.740000e+00     3.4016e-01   6.512968e-03   9.533417e-01
   5.800240e-03   1.950822e+00   2.204098e+00   5.731020e+00     3.4040e-01   6.537463e-03   9.536497e-01
   5.818116e-03   1.949114e+00   2.201017e+00   5.730162e+00     3.4015e-01   6.516870e-03   9.541044e-01
   5.835992e-03   1.947414e+00   2.198137e+00   5.722047e+00     3.4034e-01   6.536943e-03   9.544420e-01
   5.853868e-03   1.945721e+00   2.195059e+00   5.720729e+00     3.4012e-01   6.519728e-03   9.549743e-01
   5.871743e-03   1.944037e+00   2.192042e+00   5.720059e+00     3.3986e-01   6.499012e-03   9.555110e-01
   5.889619e-03   1.942361e+00   2.189187e+00   5.711645e+00     3.4007e-01   6.521863e-03   9.559522e-01
   5.907495e-03   1.940694e+00   2.186162e+00   5.710486e+00     3.3985e-01   6.504754e-03   9.565779e-01
   5.925371e-03   1.939034e+00   2.183207e+00   5.710022e+00     3.3958e-01   6.483821e-03   9.571985e-01
   5.943246e-03   1.937382e+00   2.180380e+00   5.701414e+00     3.3981e-01   6.508835e-03   9.577421e-01
   5.961122e-03   1.935738e+00   2.177409e+00   5.700400e+00     3.3958e-01   6.491866e-03   9.584545e-01
   5.978998e-03   1.934103e+00   2.174509e+00   5.700007e+00     3.3932e-01   6.471461e-03   9.591578e-01
   5.996874e-03   1.932475e+00   2.171715e+00   5.691274e+00     3.3955e-01   6.498184e-03   9.597946e-01
   6.014749e-03   1.930856e+00   2.168795e+00   5.690351e+00     3.3932e-01   6.481636e-03   9.605924e-01
   6.032625e-03   1.929245e+00   2.165945e+00   5.690003e+00     3.3906e-01   6.461901e-03   9.613792e-01
   6.050501e-03   1.927641e+00   2.163193e+00   5.681285e+00     3.3930e-01   6.489503e-03   9.621038e-01
   6.068377e-03   1.926046e+00   2.160319e+00   5.680339e+00     3.3907e-01   6.473984e-03   9.629823e-01
   6.086253e-03   1.924459e+00   2.157513e+00   5.680006e+00     3.3881e-01   6.455077e-03   9.638527e-01
   6.104128e-03   1.922880e+00   2.154808e+00   5.671302e+00     3.3905e-01   6.483484e-03   9.646517e-01
   6.122004e-03   1.921309e+00   2.151981e+00   5.670414e+00     3.3883e-01   6.468554e-03   9.656152e-01
   6.139880e-03   1.919745e+00   2.149213e+00   5.670019e+00     3.3858e-01   6.450885e-03   9.665687e-01
   6.157756e-03   1.918190e+00   2.146566e+00   5.661553e+00     3.3881e-01   6.478826e-03   9.674419e-01
   6.175631e-03   1.916643e+00   2.143779e+00   5.660545e+00     3.3860e-01   6.465419e-03   9.684802e-01
   6.193507e-03   1.915103e+00   2.141047e+00   5.660054e+00     3.3835e-01   6.449184e-03   9.695170e-01
   6.211383e-03   1.913572e+00   2.138461e+00   5.651836e+00     3.3858e-01   6.476523e-03   9.704534e-01
   6.229259e-03   1.912048e+00   2.135716e+00   5.650773e+00     3.3837e-01   6.464269e-03   9.715679e-01
   6.247134e-03   1.910533e+00   2.133016e+00   5.650148e+00     3.3814e-01   6.449670e-03   9.726872e-01
   6.265010e-03   1.909025e+00   2.130494e+00   5.642312e+00     3.3834e-01   6.475661e-03   9.736899e-01
   6.282886e-03   1.907525e+00   2.127789e+00   5.641069e+00     3.3815e-01   6.465173e-03   9.748666e-01
   6.300762e-03   1.906033e+00   2.125122e+00   5.640318e+00     3.3793e-01   6.452159e-03   9.760678e-01
   6.318637e-03   1.904548e+00   2.122510e+00   5.640010e+00     3.3769e-01   6.436687e-03   9.772609e-01
   6.336513e-03   1.903072e+00   2.120002e+00   5.631553e+00     3.3793e-01   6.467415e-03   9.783724e-01
   6.354389e-03   1.901603e+00   2.117368e+00   5.630623e+00     3.3773e-01   6.456220e-03   9.796478e-01
   6.372265e-03   1.900142e+00   2.114779e+00   5.630113e+00     3.3750e-01   6.442753e-03   9.809239e-01
   6.390140e-03   1.898689e+00   2.112351e+00   5.622222e+00     3.3771e-01   6.470951e-03   9.820817e-01
   6.408016e-03   1.897244e+00   2.109753e+00   5.621087e+00     3.3752e-01   6.461646e-03   9.834176e-01
   6.425892e-03   1.895806e+00   2.107190e+00   5.620361e+00     3.3731e-01   6.450247e-03   9.847742e-01
   6.443768e-03   1.894376e+00   2.104675e+00   5.620027e+00     3.3708e-01   6.436679e-03   9.861246e-01
   6.461643e-03   1.892953e+00   2.102279e+00   5.611827e+00     3.3732e-01   6.467751e-03   9.873785e-01
   6.479519e-03   1.891539e+00   2.099745e+00   5.610842e+00     3.3712e-01   6.458566e-03   9.888006e-01
   6.497395e-03   1.890132e+00   2.097248e+00   5.610234e+00     3.3691e-01   6.447391e-03   9.902327e-01
   6.515271e-03   1.888732e+00   2.094801e+00   5.610006e+00     3.3667e-01   6.434112e-03   9.916584e-01
   6.533146e-03   1.887340e+00   2.092441e+00   5.601599e+00     3.3693e-01   6.467429e-03   9.930006e-01
   6.551022e-03   1.885956e+00   2.089969e+00   5.600728e+00     3.3673e-01   6.458517e-03   9.945033e-01
   6.568898e-03   1.884579e+00   2.087535e+00   5.600203e+00     3.3652e-01   6.447750e-03   9.960104e-01
   6.586774e-03   1.883210e+00   2.085148e+00   5.600002e+00     3.3629e-01   6.435198e-03   9.975120e-01
   6.604649e-03   1.881848e+00   2.082835e+00   5.591551e+00     3.3655e-01   6.469768e-03   9.989336e-01
   6.622525e-03   1.880493e+00   2.080422e+00   5.590720e+00     3.3636e-01   6.461502e-03   1.000511e+00
   6.640401e-03   1.879146e+00   2.078045e+00   5.590197e+00     3.3615e-01   6.451593e-03   1.002093e+00
   6.658277e-03   1.877807e+00   2.075712e+00   5.590006e+00     3.3592e-01   6.439854e-03   1.003671e+00
   6.676152e-03   1.876475e+00   2.073458e+00   5.581676e+00     3.3618e-01   6.474677e-03   1.005163e+00
   6.694028e-03   1.875150e+00   2.071100e+00   5.580810e+00     3.3600e-01   6.467445e-03   1.006810e+00
   6.711904e-03   1.873833e+00   2.068775e+00   5.580276e+00     3.3580e-01   6.458459e-03   1.008467e+00
   6.729780e-03   1.872523e+00   2.066490e+00   5.580020e+00     3.3558e-01   6.447937e-03   1.010120e+00
   6.747655e-03   1.871220e+00   2.064304e+00   5.571916e+00     3.3583e-01   6.482333e-03   1.011670e+00
   6.765531e-03   1.869924e+00   2.062000e+00   5.571052e+00     3.3565e-01   6.475909e-03   1.013387e+00
   6.783407e-03   1.868636e+00   2.059724e+00   5.570442e+00     3.3546e-01   6.468190e-03   1.015117e+00
   6.801283e-03   1.867355e+00   2.057484e+00   5.570091e+00     3.3525e-01   6.459054e-03   1.016844e+00
   6.819158e-03   1.866081e+00   2.055370e+00   5.562407e+00     3.3548e-01   6.491900e-03   1.018454e+00
   6.837034e-03   1.864815e+00   2.053119e+00   5.561410e+00     3.3531e-01   6.486959e-03   1.020225e+00
   6.854910e-03   1.863555e+00   2.050891e+00   5.560707e+00     3.3513e-01   6.480581e-03   1.022024e+00
   6.872786e-03   1.862303e+00   2.048692e+00   5.560236e+00     3.3493e-01   6.472966e-03   1.023827e+00
   6.890661e-03   1.861058e+00   2.046531e+00   5.560023e+00     3.3472e-01   6.463929e-03   1.025627e+00
   6.908537e-03   1.859819e+00   2.044457e+00   5.552048e+00     3.3498e-01   6.499589e-03   1.027323e+00
   6.926413e-03   1.858588e+00   2.042275e+00   5.551160e+00     3.3481e-01   6.494990e-03   1.029176e+00
   6.944289e-03   1.857364e+00   2.040119e+00   5.550575e+00     3.3463e-01   6.488833e-03   1.031050e+00
   6.962164e-03   1.856147e+00   2.037992e+00   5.550171e+00     3.3443e-01   6.481714e-03   1.032924e+00
   6.980040e-03   1.854937e+00   2.035901e+00   5.550007e+00     3.3422e-01   6.473278e-03   1.034796e+00
   6.997916e-03   1.853734e+00   2.033876e+00   5.541926e+00     3.3449e-01   6.510629e-03   1.036570e+00
   7.015792e-03   1.852537e+00   2.031762e+00   5.541129e+00     3.3432e-01   6.506401e-03   1.038499e+00
   7.033667e-03   1.851348e+00   2.029672e+00   5.540547e+00     3.3415e-01   6.501092e-03   1.040443e+00
   7.051543e-03   1.850165e+00   2.027612e+00   5.540187e+00     3.3395e-01   6.494588e-03   1.042388e+00
   7.069419e-03   1.848990e+00   2.025583e+00   5.540013e+00     3.3375e-01   6.487068e-03   1.044332e+00
   7.087295e-03   1.847821e+00   2.023620e+00   5.532002e+00     3.3402e-01   6.525005e-03   1.046170e+00
   7.105170e-03   1.846659e+00   2.021570e+00   5.531218e+00     3.3386e-01   6.521551e-03   1.048167e+00
   7.123046e-03   1.845503e+00   2.019543e+00   5.530653e+00     3.3369e-01   6.517000e-03   1.050181e+00
   7.140922e-03   1.844355e+00   2.017543e+00   5.530266e+00     3.3350e-01   6.511495e-03   1.052197e+00
   7.158798e-03   1.843213e+00   2.015570e+00   5.530051e+00     3.3331e-01   6.505058e-03   1.054212e+00
   7.176673e-03   1.842078e+00   2.013681e+00   5.522351e+00     3.3357e-01   6.542134e-03   1.056108e+00
   7.194549e-03   1.840949e+00   2.011695e+00   5.521558e+00     3.3341e-01   6.539516e-03   1.058166e+00
   7.212425e-03   1.839827e+00   2.009726e+00   5.520908e+00     3.3325e-01   6.536252e-03   1.060242e+00
   7.230301e-03   1.838712e+00   2.007780e+00   5.520440e+00     3.3307e-01   6.532046e-03   1.062327e+00
   7.248176e-03   1.837603e+00   2.005860e+00   5.520150e+00     3.3289e-01   6.526881e-03   1.064413e+00
   7.266052e-03   1.836501e+00   2.003968e+00   5.520012e+00     3.3270e-01   6.520890e-03   1.066499e+00
   7.283928e-03   1.835405e+00   2.002127e+00   5.512093e+00     3.3298e-01   6.560416e-03   1.068473e+00
   7.301804e-03   1.834316e+00   2.000218e+00   5.511409e+00     3.3282e-01   6.558111e-03   1.070607e+00
   7.319679e-03   1.833233e+00   1.998326e+00   5.510860e+00     3.3266e-01   6.555161e-03   1.072756e+00
   7.337555e-03   1.832157e+00   1.996454e+00   5.510421e+00     3.3249e-01   6.551667e-03   1.074909e+00
   7.355431e-03   1.831087e+00   1.994606e+00   5.510136e+00     3.3231e-01   6.547348e-03   1.077064e+00
   7.373307e-03   1.830023e+00   1.992785e+00   5.510013e+00     3.3213e-01   6.542147e-03   1.079219e+00
   7.391182e-03   1.828966e+00   1.991010e+00   5.502178e+00     3.3241e-01   6.582289e-03   1.081262e+00
   7.409058e-03   1.827915e+00   1.989173e+00   5.501516e+00     3.3226e-01   6.580705e-03   1.083461e+00
   7.426934e-03   1.826870e+00   1.987350e+00   5.500934e+00     3.3210e-01   6.578802e-03   1.085673e+00
   7.444810e-03   1.825832e+00   1.985548e+00   5.500519e+00     3.3194e-01   6.576029e-03   1.087894e+00
   7.462685e-03   1.824800e+00   1.983766e+00   5.500208e+00     3.3177e-01   6.572718e-03   1.090117e+00
   7.480561e-03   1.823774e+00   1.982008e+00   5.500050e+00     3.3159e-01   6.568578e-03   1.092341e+00
   7.498437e-03   1.822754e+00   1.980313e+00   5.492572e+00     3.3186e-01   6.607646e-03   1.094444e+00
   7.516313e-03   1.821741e+00   1.978544e+00   5.491832e+00     3.3172e-01   6.607287e-03   1.096693e+00
   7.534188e-03   1.820734e+00   1.976790e+00   5.491265e+00     3.3157e-01   6.606114e-03   1.098967e+00
   7.552064e-03   1.819732e+00   1.975052e+00   5.490796e+00     3.3142e-01   6.604479e-03   1.101251e+00
   7.569940e-03   1.818737e+00   1.973333e+00   5.490440e+00     3.3126e-01   6.602270e-03   1.103540e+00
   7.587816e-03   1.817748e+00   1.971632e+00   5.490184e+00     3.3109e-01   6.599536e-03   1.105830e+00
   7.605691e-03   1.816765e+00   1.969953e+00   5.490039e+00     3.3092e-01   6.596216e-03   1.108121e+00
   7.623567e-03   1.815788e+00   1.968323e+00   5.482509e+00     3.3120e-01   6.636752e-03   1.110288e+00
   7.641443e-03   1.814817e+00   1.966634e+00   5.481874e+00     3.3106e-01   6.636703e-03   1.112609e+00
   7.659319e-03   1.813851e+00   1.964958e+00   5.481307e+00     3.3092e-01   6.636406e-03   1.114946e+00
   7.677194e-03   1.812892e+00   1.963297e+00   5.480858e+00     3.3077e-01   6.635537e-03   1.117294e+00
   7.695070e-03   1.811939e+00   1.961653e+00   5.480508e+00     3.3062e-01   6.634166e-03   1.119648e+00
   7.712946e-03   1.810991e+00   1.960026e+00   5.480250e+00     3.3046e-01   6.632320e-03   1.122003e+00
   7.730822e-03   1.810050e+00   1.958418e+00   5.480079e+00     3.3030e-01   6.630026e-03   1.124360e+00
   7.748697e-03   1.809114e+00   1.956803e+00   5.480008e+00     3.3013e-01   6.627206e-03   1.126719e+00
   7.766573e-03   1.808184e+00   1.955258e+00   5.472238e+00     3.3043e-01   6.670505e-03   1.128962e+00
   7.784449e-03   1.807260e+00   1.953655e+00   5.471642e+00     3.3030e-01   6.671187e-03   1.131352e+00
   7.802325e-03   1.806341e+00   1.952068e+00   5.471208e+00     3.3015e-01   6.671064e-03   1.133760e+00
   7.820200e-03   1.805428e+00   1.950493e+00   5.470806e+00     3.3001e-01   6.670836e-03   1.136173e+00
   7.838076e-03   1.804521e+00   1.948934e+00   5.470493e+00     3.2986e-01   6.670159e-03   1.138591e+00
   7.855952e-03   1.803620e+00   1.947392e+00   5.470247e+00     3.2971e-01   6.669159e-03   1.141011e+00
   7.873828e-03   1.802724e+00   1.945867e+00   5.470101e+00     3.2956e-01   6.667618e-03   1.143432e+00
   7.891703e-03   1.801833e+00   1.944324e+00   5.470017e+00     3.2940e-01   6.665774e-03   1.145855e+00
   7.909579e-03   1.800949e+00   1.942864e+00   5.462362e+00     3.2970e-01   6.709573e-03   1.148152e+00
   7.927455e-03   1.800070e+00   1.941347e+00   5.461879e+00     3.2957e-01   6.710491e-03   1.150607e+00
   7.945331e-03   1.799196e+00   1.939840e+00   5.461403e+00     3.2944e-01   6.711473e-03   1.153069e+00
   7.963206e-03   1.798328e+00   1.938346e+00   5.461017e+00     3.2930e-01   6.712028e-03   1.155542e+00
   7.981082e-03   1.797465e+00   1.936865e+00   5.460677e+00     3.2917e-01   6.712385e-03   1.158019e+00
   7.998958e-03   1.796608e+00   1.935400e+00   5.460424e+00     3.2902e-01   6.712301e-03   1.160500e+00
   8.016834e-03   1.795756e+00   1.933949e+00   5.460230e+00     3.2888e-01   6.711921e-03   1.162983e+00
   8.034709e-03   1.794910e+00   1.932496e+00   5.460084e+00     3.2873e-01   6.711318e-03   1.165467e+00
   8.052585e-03   1.794069e+00   1.931042e+00   5.460022e+00     3.2858e-01   6.710271e-03   1.167953e+00
   8.070461e-03   1.793233e+00   1.929677e+00   5.452464e+00     3.2888e-01   6.754787e-03   1.170311e+00
   8.088337e-03   1.792403e+00   1.928249e+00   5.452017e+00     3.2876e-01   6.756405e-03   1.172823e+00
   8.106212e-03   1.791577e+00   1.926830e+00   5.451556e+00     3.2864e-01   6.758194e-03   1.175341e+00
   8.124088e-03   1.790758e+00   1.925424e+00   5.451174e+00     3.2851e-01   6.759619e-03   1.177870e+00
   8.141964e-03   1.789943e+00   1.924030e+00   5.450870e+00     3.2838e-01   6.760666e-03   1.180406e+00
   8.159840e-03   1.789134e+00   1.922647e+00   5.450583e+00     3.2825e-01   6.761680e-03   1.182944e+00
   8.177715e-03   1.788329e+00   1.921279e+00   5.450380e+00     3.2811e-01   6.762248e-03   1.185485e+00
   8.195591e-03   1.787530e+00   1.919917e+00   5.450215e+00     3.2797e-01   6.762653e-03   1.188028e+00
   8.213467e-03   1.786736e+00   1.918545e+00   5.450094e+00     3.2784e-01   6.762846e-03   1.190572e+00
   8.231343e-03   1.785948e+00   1.917188e+00   5.450025e+00     3.2770e-01   6.762789e-03   1.193118e+00
   8.249218e-03   1.785164e+00   1.915924e+00   5.442652e+00     3.2800e-01   6.807557e-03   1.195535e+00
   8.267094e-03   1.784385e+00   1.914589e+00   5.442194e+00     3.2788e-01   6.810142e-03   1.198096e+00
   8.284970e-03   1.783612e+00   1.913264e+00   5.441787e+00     3.2776e-01   6.812527e-03   1.200669e+00
   8.302846e-03   1.782843e+00   1.911949e+00   5.441423e+00     3.2764e-01   6.814756e-03   1.203250e+00
   8.320721e-03   1.782080e+00   1.910645e+00   5.441109e+00     3.2752e-01   6.816762e-03   1.205837e+00
   8.338597e-03   1.781321e+00   1.909352e+00   5.440828e+00     3.2740e-01   6.818646e-03   1.208429e+00
   8.356473e-03   1.780567e+00   1.908070e+00   5.440602e+00     3.2727e-01   6.820265e-03   1.211024e+00
   8.374349e-03   1.779818e+00   1.906800e+00   5.440413e+00     3.2715e-01   6.821717e-03   1.213621e+00
   8.392224e-03   1.779075e+00   1.905521e+00   5.440235e+00     3.2702e-01   6.823162e-03   1.216220e+00
   8.410100e-03   1.778335e+00   1.904251e+00   5.440149e+00     3.2689e-01   6.824096e-03   1.218820e+00
   8.427976e-03   1.777601e+00   1.902992e+00   5.440051e+00     3.2676e-01   6.825174e-03   1.221421e+00
   8.445852e-03   1.776872e+00   1.901746e+00   5.440014e+00     3.2663e-01   6.825927e-03   1.224024e+00
   8.463727e-03   1.776147e+00   1.900594e+00   5.432605e+00     3.2694e-01   6.872464e-03   1.226498e+00
   8.481603e-03   1.775427e+00   1.899366e+00   5.432217e+00     3.2683e-01   6.875633e-03   1.229114e+00
   8.499479e-03   1.774712e+00   1.898146e+00   5.431832e+00     3.2672e-01   6.878869e-03   1.231736e+00
   8.517355e-03   1.774002e+00   1.896936e+00   5.431528e+00     3.2661e-01   6.881718e-03   1.234369e+00
   8.535230e-03   1.773296e+00   1.895736e+00   5.431255e+00     3.2650e-01   6.884446e-03   1.237007e+00
   8.553106e-03   1.772595e+00   1.894545e+00   5.431014e+00     3.2638e-01   6.887049e-03   1.239649e+00
   8.570982e-03   1.771899e+00   1.893364e+00   5.430796e+00     3.2627e-01   6.889578e-03   1.242293e+00
   8.588858e-03   1.771207e+00   1.892193e+00   5.430600e+00     3.2615e-01   6.892024e-03   1.244938e+00
   8.606733e-03   1.770520e+00   1.891014e+00   5.430433e+00     3.2604e-01   6.894359e-03   1.247586e+00
   8.624609e-03   1.769838e+00   1.889844e+00   5.430294e+00     3.2592e-01   6.896574e-03   1.250235e+00
   8.642485e-03   1.769160e+00   1.888685e+00   5.430201e+00     3.2580e-01   6.898553e-03   1.252885e+00
   8.660361e-03   1.768486e+00   1.887535e+00   5.430102e+00     3.2568e-01   6.900630e-03   1.255536e+00
   8.678236e-03   1.767817e+00   1.886396e+00   5.430055e+00     3.2556e-01   6.902436e-03   1.258188e+00
   8.696112e-03   1.767153e+00   1.885267e+00   5.430013e+00     3.2544e-01   6.904269e-03   1.260841e+00
   8.731864e-03   1.765837e+00   1.883124e+00   5.422360e+00     3.2566e-01   6.955763e-03   1.266025e+00
   8.749739e-03   1.765186e+00   1.882017e+00   5.422026e+00     3.2556e-01   6.959705e-03   1.268689e+00
   8.767615e-03   1.764539e+00   1.880921e+00   5.421761e+00     3.2545e-01   6.963311e-03   1.271364e+00
   8.785491e-03   1.763897e+00   1.879834e+00   5.421543e+00     3.2535e-01   6.966696e-03   1.274045e+00
   8.803367e-03   1.763259e+00   1.878753e+00   5.421283e+00     3.2525e-01   6.970402e-03   1.276723e+00
   8.821242e-03   1.762625e+00   1.877681e+00   5.421073e+00     3.2514e-01   6.973862e-03   1.279407e+00
   8.839118e-03   1.761995e+00   1.876619e+00   5.420888e+00     3.2504e-01   6.977219e-03   1.282093e+00
   8.856994e-03   1.761370e+00   1.875550e+00   5.420755e+00     3.2493e-01   6.980319e-03   1.284782e+00
   8.874870e-03   1.760749e+00   1.874489e+00   5.420586e+00     3.2483e-01   6.983685e-03   1.287469e+00
   8.892745e-03   1.760133e+00   1.873437e+00   5.420461e+00     3.2472e-01   6.986835e-03   1.290159e+00
   8.910621e-03   1.759520e+00   1.872395e+00   5.420371e+00     3.2461e-01   6.989809e-03   1.292849e+00
   8.928497e-03   1.758912e+00   1.871360e+00   5.420250e+00     3.2451e-01   6.993035e-03   1.295539e+00
   8.946373e-03   1.758308e+00   1.870335e+00   5.420189e+00     3.2440e-01   6.995932e-03   1.298230e+00
   8.964248e-03   1.757708e+00   1.869318e+00   5.420125e+00     3.2429e-01   6.998896e-03   1.300922e+00
   8.982124e-03   1.757112e+00   1.868309e+00   5.420061e+00     3.2419e-01   7.001908e-03   1.303613e+00
   9.000000e-03   1.756520e+00   1.867309e+00   5.420028e+00     3.2408e-01   7.004775e-03   1.306306e+00
