           rhoc              M             Mb              R              C             kl            lam
   9.787575e-05   8.085977e-02   8.088481e-02   1.976007e+01     4.0921e-03   1.946000e-02   1.130660e+10
   1.336273e-04   8.139675e-02   8.142416e-02   1.787059e+01     4.5548e-03   1.929626e-02   6.562065e+09
   1.693788e-04   8.198170e-02   8.201198e-02   1.619330e+01     5.0627e-03   1.923936e-02   3.856481e+09
   1.872545e-04   8.439234e-02   8.443599e-02   1.459060e+01     5.7840e-03   2.003053e-02   2.062774e+09
   2.051303e-04   9.011963e-02   9.020019e-02   1.302276e+01     6.9202e-03   2.265867e-02   9.518343e+08
   2.230060e-04   9.924760e-02   9.939944e-02   1.174018e+01     8.4537e-03   2.736769e-02   4.225918e+08
   2.408818e-04   1.114243e-01   1.116924e-01   1.077108e+01     1.0345e-02   3.435900e-02   1.933507e+08
   2.587575e-04   1.262525e-01   1.266932e-01   1.008174e+01     1.2523e-02   4.312972e-02   9.336048e+07
   2.766333e-04   1.434124e-01   1.440939e-01   9.590611e+00     1.4953e-02   5.341459e-02   4.762849e+07
   2.945090e-04   1.626676e-01   1.636706e-01   9.241685e+00     1.7602e-02   6.467803e-02   2.552208e+07
   3.123848e-04   1.838421e-01   1.852593e-01   9.000195e+00     2.0426e-02   7.612155e-02   1.427090e+07
   3.302605e-04   2.067986e-01   2.087366e-01   8.830016e+00     2.3420e-02   8.750639e-02   8.279762e+06
   3.481363e-04   2.314235e-01   2.340009e-01   8.710106e+00     2.6570e-02   9.854771e-02   4.961755e+06
   3.660120e-04   2.576169e-01   2.609670e-01   8.622806e+00     2.9876e-02   1.092525e-01   3.059931e+06
   3.838878e-04   2.852866e-01   2.895534e-01   8.571754e+00     3.3282e-02   1.186044e-01   1.936203e+06
   4.017635e-04   3.143447e-01   3.196861e-01   8.541131e+00     3.6804e-02   1.270050e-01   1.253937e+06
   4.196393e-04   3.447051e-01   3.512902e-01   8.530115e+00     4.0410e-02   1.340703e-01   8.294258e+05
   4.375150e-04   3.762823e-01   3.842941e-01   8.521545e+00     4.4157e-02   1.408468e-01   5.593430e+05
   4.553908e-04   4.089912e-01   4.186207e-01   8.530654e+00     4.7944e-02   1.458995e-01   3.839765e+05
   4.732665e-04   4.427461e-01   4.541972e-01   8.541228e+00     5.1836e-02   1.504285e-01   2.679578e+05
   4.911423e-04   4.774615e-01   4.909442e-01   8.560722e+00     5.5774e-02   1.537005e-01   1.898646e+05
   5.090180e-04   5.130516e-01   5.287869e-01   8.581163e+00     5.9788e-02   1.563655e-01   1.364505e+05
   5.268938e-04   5.494309e-01   5.676489e-01   8.602860e+00     6.3866e-02   1.583758e-01   9.936799e+04
   5.447695e-04   5.865143e-01   6.074450e-01   8.631096e+00     6.7954e-02   1.592369e-01   7.326374e+04
   5.626453e-04   6.242174e-01   6.480983e-01   8.660245e+00     7.2078e-02   1.594728e-01   5.464704e+04
   5.805210e-04   6.624572e-01   6.895345e-01   8.690001e+00     7.6232e-02   1.591320e-01   4.120752e+04
   5.983968e-04   7.011517e-01   7.316727e-01   8.711489e+00     8.0486e-02   1.590491e-01   3.139369e+04
   6.162725e-04   7.402208e-01   7.744269e-01   8.740470e+00     8.4689e-02   1.578110e-01   2.414980e+04
   6.520240e-04   8.191729e-01   8.615022e-01   8.791038e+00     9.3183e-02   1.547159e-01   1.468137e+04
   6.698998e-04   8.589066e-01   9.056604e-01   8.820027e+00     9.7381e-02   1.522698e-01   1.159158e+04
   6.877756e-04   8.987169e-01   9.501441e-01   8.840497e+00     1.0166e-01   1.502201e-01   9.223711e+03
   7.056513e-04   9.385359e-01   9.948759e-01   8.861187e+00     1.0592e-01   1.478346e-01   7.394178e+03
   7.235271e-04   9.782987e-01   1.039781e+00   8.881479e+00     1.1015e-01   1.451987e-01   5.969538e+03
   7.414028e-04   1.017944e+00   1.084795e+00   8.901321e+00     1.1436e-01   1.423482e-01   4.851931e+03
   7.592786e-04   1.057412e+00   1.129852e+00   8.920747e+00     1.1853e-01   1.393105e-01   3.968969e+03
   7.771543e-04   1.096649e+00   1.174891e+00   8.940146e+00     1.2267e-01   1.360851e-01   3.266667e+03
   7.950301e-04   1.135601e+00   1.219857e+00   8.951576e+00     1.2686e-01   1.332913e-01   2.704448e+03
   8.129058e-04   1.174221e+00   1.264676e+00   8.970081e+00     1.3090e-01   1.298227e-01   2.251601e+03
   8.307816e-04   1.212463e+00   1.309308e+00   8.980464e+00     1.3501e-01   1.268175e-01   1.884684e+03
   8.486573e-04   1.250285e+00   1.353701e+00   8.990729e+00     1.3906e-01   1.237049e-01   1.585713e+03
   8.665331e-04   1.287648e+00   1.397791e+00   9.000685e+00     1.4306e-01   1.205197e-01   1.340783e+03
   8.844088e-04   1.324516e+00   1.441541e+00   9.010322e+00     1.4700e-01   1.172818e-01   1.139082e+03
   9.201603e-04   1.396640e+00   1.527854e+00   9.020992e+00     1.5482e-01   1.111879e-01   8.333276e+02
   9.559118e-04   1.466431e+00   1.612306e+00   9.030399e+00     1.6239e-01   1.050214e-01   6.200313e+02
   9.737876e-04   1.500394e+00   1.653749e+00   9.031012e+00     1.6614e-01   1.021479e-01   5.380147e+02
   9.916633e-04   1.533709e+00   1.694629e+00   9.031229e+00     1.6982e-01   9.928527e-02   4.686118e+02
   1.009539e-03   1.566361e+00   1.734914e+00   9.031124e+00     1.7344e-01   9.643923e-02   4.096495e+02
   1.027415e-03   1.598336e+00   1.774582e+00   9.030710e+00     1.7699e-01   9.361767e-02   3.593654e+02
   1.045291e-03   1.629622e+00   1.813600e+00   9.030193e+00     1.8046e-01   9.081792e-02   3.163235e+02
   1.063166e-03   1.660210e+00   1.851985e+00   9.022294e+00     1.8401e-01   8.840292e-02   2.793477e+02
   1.081042e-03   1.690093e+00   1.889654e+00   9.020650e+00     1.8736e-01   8.570182e-02   2.474770e+02
   1.098918e-03   1.719266e+00   1.926649e+00   9.012477e+00     1.9077e-01   8.333618e-02   2.199118e+02
   1.116794e-03   1.747724e+00   1.962913e+00   9.010358e+00     1.9397e-01   8.072232e-02   1.959967e+02
   1.134669e-03   1.775466e+00   1.998464e+00   9.001121e+00     1.9725e-01   7.846153e-02   1.751810e+02
   1.152545e-03   1.802491e+00   2.033287e+00   8.992020e+00     2.0045e-01   7.622494e-02   1.570097e+02
   1.170421e-03   1.828801e+00   2.067363e+00   8.982639e+00     2.0359e-01   7.403419e-02   1.411006e+02
   1.188297e-03   1.854397e+00   2.100662e+00   8.980016e+00     2.0650e-01   7.161107e-02   1.271337e+02
   1.206172e-03   1.879283e+00   2.133224e+00   8.970012e+00     2.0951e-01   6.952931e-02   1.148367e+02
   1.224048e-03   1.903464e+00   2.165058e+00   8.952579e+00     2.1262e-01   6.776851e-02   1.039810e+02
   1.241924e-03   1.926946e+00   2.196102e+00   8.941889e+00     2.1550e-01   6.578815e-02   9.437472e+01
   1.259800e-03   1.949734e+00   2.226361e+00   8.931121e+00     2.1831e-01   6.385418e-02   8.585222e+01
   1.277675e-03   1.971836e+00   2.255867e+00   8.920421e+00     2.2105e-01   6.196266e-02   7.827287e+01
   1.295551e-03   1.993261e+00   2.284608e+00   8.910020e+00     2.2371e-01   6.010690e-02   7.151636e+01
   1.313427e-03   2.014017e+00   2.312623e+00   8.891389e+00     2.2651e-01   5.856834e-02   6.547926e+01
   1.331303e-03   2.034114e+00   2.339834e+00   8.880295e+00     2.2906e-01   5.682231e-02   6.007418e+01
   1.349178e-03   2.053562e+00   2.366334e+00   8.861969e+00     2.3173e-01   5.534787e-02   5.522323e+01
   1.367054e-03   2.072370e+00   2.392039e+00   8.850351e+00     2.3416e-01   5.370551e-02   5.086196e+01
   1.384930e-03   2.090551e+00   2.417047e+00   8.831815e+00     2.3671e-01   5.231313e-02   4.693160e+01
   1.402806e-03   2.108115e+00   2.441274e+00   8.820170e+00     2.3901e-01   5.075824e-02   4.338393e+01
   1.420681e-03   2.125073e+00   2.464812e+00   8.801088e+00     2.4146e-01   4.945700e-02   4.017436e+01
   1.438557e-03   2.141438e+00   2.487639e+00   8.782650e+00     2.4383e-01   4.817271e-02   3.726578e+01
   1.456433e-03   2.157221e+00   2.509694e+00   8.770301e+00     2.4597e-01   4.676182e-02   3.462578e+01
   1.474309e-03   2.172434e+00   2.531106e+00   8.751008e+00     2.4825e-01   4.557405e-02   3.222430e+01
   1.492184e-03   2.187090e+00   2.551801e+00   8.732125e+00     2.5046e-01   4.440938e-02   3.003652e+01
   1.510060e-03   2.201201e+00   2.571774e+00   8.720055e+00     2.5243e-01   4.311029e-02   2.804058e+01
   1.527936e-03   2.214779e+00   2.591122e+00   8.700349e+00     2.5456e-01   4.203635e-02   2.621591e+01
   1.545812e-03   2.227837e+00   2.609801e+00   8.680801e+00     2.5664e-01   4.099024e-02   2.454546e+01
   1.563687e-03   2.240386e+00   2.627830e+00   8.661409e+00     2.5866e-01   3.997173e-02   2.301388e+01
   1.581563e-03   2.252440e+00   2.645222e+00   8.642053e+00     2.6064e-01   3.898323e-02   2.160754e+01
   1.599439e-03   2.264010e+00   2.661925e+00   8.630006e+00     2.6234e-01   3.786496e-02   2.031469e+01
   1.617315e-03   2.275108e+00   2.678073e+00   8.610083e+00     2.6424e-01   3.695218e-02   1.912384e+01
   1.635190e-03   2.285747e+00   2.693581e+00   8.590221e+00     2.6609e-01   3.606638e-02   1.802568e+01
   1.653066e-03   2.295939e+00   2.708525e+00   8.570414e+00     2.6789e-01   3.520707e-02   1.701163e+01
   1.670942e-03   2.305695e+00   2.722860e+00   8.550586e+00     2.6965e-01   3.437522e-02   1.607402e+01
   1.688818e-03   2.315027e+00   2.736637e+00   8.530843e+00     2.7137e-01   3.356804e-02   1.520598e+01
   1.706693e-03   2.323946e+00   2.749863e+00   8.511110e+00     2.7305e-01   3.278639e-02   1.440134e+01
   1.724569e-03   2.332464e+00   2.762516e+00   8.491358e+00     2.7469e-01   3.203011e-02   1.365457e+01
   1.742445e-03   2.340592e+00   2.774651e+00   8.471565e+00     2.7629e-01   3.129893e-02   1.296068e+01
   1.760321e-03   2.348341e+00   2.786263e+00   8.451875e+00     2.7785e-01   3.058954e-02   1.231519e+01
   1.778196e-03   2.355722e+00   2.797339e+00   8.432038e+00     2.7938e-01   2.990572e-02   1.171402e+01
   1.796072e-03   2.362744e+00   2.807932e+00   8.412377e+00     2.8087e-01   2.924112e-02   1.115355e+01
   1.831824e-03   2.375757e+00   2.827587e+00   8.380004e+00     2.8350e-01   2.786115e-02   1.014188e+01
   1.849699e-03   2.381768e+00   2.836745e+00   8.360024e+00     2.8490e-01   2.726708e-02   9.684740e+00
   1.867575e-03   2.387461e+00   2.845444e+00   8.340055e+00     2.8626e-01   2.669231e-02   9.256748e+00
   1.885451e-03   2.392845e+00   2.853679e+00   8.320082e+00     2.8760e-01   2.613649e-02   8.855657e+00
   1.903327e-03   2.397931e+00   2.861496e+00   8.300143e+00     2.8890e-01   2.559842e-02   8.479416e+00
   1.921202e-03   2.402728e+00   2.868904e+00   8.280231e+00     2.9018e-01   2.507766e-02   8.126156e+00
   1.939078e-03   2.407243e+00   2.875879e+00   8.260317e+00     2.9142e-01   2.457409e-02   7.794172e+00
   1.956954e-03   2.411487e+00   2.882450e+00   8.240431e+00     2.9264e-01   2.408673e-02   7.481903e+00
   1.974830e-03   2.415466e+00   2.888643e+00   8.220574e+00     2.9383e-01   2.361505e-02   7.187924e+00
   1.992705e-03   2.419190e+00   2.894470e+00   8.200763e+00     2.9500e-01   2.315829e-02   6.910928e+00
   2.010581e-03   2.422667e+00   2.899904e+00   8.180986e+00     2.9613e-01   2.271616e-02   6.649717e+00
   2.028457e-03   2.425904e+00   2.904975e+00   8.161269e+00     2.9725e-01   2.228783e-02   6.403194e+00
   2.046333e-03   2.428910e+00   2.909708e+00   8.141628e+00     2.9833e-01   2.187266e-02   6.170351e+00
   2.064208e-03   2.431690e+00   2.914110e+00   8.121993e+00     2.9940e-01   2.147114e-02   5.950254e+00
   2.082084e-03   2.434254e+00   2.918172e+00   8.102435e+00     3.0043e-01   2.108192e-02   5.742057e+00
   2.099960e-03   2.436607e+00   2.921820e+00   8.090011e+00     3.0119e-01   2.061522e-02   5.545170e+00
   2.117836e-03   2.438757e+00   2.925248e+00   8.070087e+00     3.0220e-01   2.025741e-02   5.358475e+00
   2.135711e-03   2.440710e+00   2.928366e+00   8.050276e+00     3.0318e-01   1.991003e-02   5.181480e+00
   2.153587e-03   2.442473e+00   2.931172e+00   8.030528e+00     3.0415e-01   1.957337e-02   5.013562e+00
   2.171463e-03   2.444052e+00   2.933708e+00   8.010910e+00     3.0509e-01   1.924629e-02   4.854148e+00
   2.189339e-03   2.445453e+00   2.935981e+00   7.991422e+00     3.0601e-01   1.892848e-02   4.702711e+00
   2.207214e-03   2.446682e+00   2.937974e+00   7.972056e+00     3.0691e-01   1.861976e-02   4.558765e+00
   2.225090e-03   2.447745e+00   2.939609e+00   7.960009e+00     3.0751e-01   1.823801e-02   4.422045e+00
   2.242966e-03   2.448648e+00   2.941085e+00   7.940135e+00     3.0839e-01   1.795643e-02   4.291774e+00
   2.260842e-03   2.449395e+00   2.942302e+00   7.920462e+00     3.0925e-01   1.768192e-02   4.167702e+00
   2.278717e-03   2.449993e+00   2.943275e+00   7.901002e+00     3.1009e-01   1.741412e-02   4.049462e+00
   2.296593e-03   2.450446e+00   2.944034e+00   7.881714e+00     3.1090e-01   1.715331e-02   3.936720e+00
   2.314469e-03   2.450759e+00   2.944498e+00   7.870003e+00     3.1141e-01   1.682079e-02   3.829362e+00
   2.332345e-03   2.450938e+00   2.944784e+00   7.850178e+00     3.1221e-01   1.658389e-02   3.726756e+00
   2.350220e-03   2.450987e+00   2.944893e+00   7.830688e+00     3.1300e-01   1.635132e-02   3.628744e+00
   2.368096e-03   2.450910e+00   2.944797e+00   7.811478e+00     3.1376e-01   1.612353e-02   3.535075e+00
   2.385972e-03   2.450712e+00   2.944484e+00   7.792648e+00     3.1449e-01   1.589955e-02   3.445544e+00
   2.403848e-03   2.450397e+00   2.943923e+00   7.780219e+00     3.1495e-01   1.561949e-02   3.360104e+00
   2.421723e-03   2.449969e+00   2.943222e+00   7.760858e+00     3.1568e-01   1.541615e-02   3.278161e+00
   2.439599e-03   2.449433e+00   2.942364e+00   7.741940e+00     3.1638e-01   1.521522e-02   3.199693e+00
   2.457475e-03   2.448792e+00   2.941262e+00   7.730067e+00     3.1679e-01   1.495362e-02   3.124728e+00
   2.475351e-03   2.448050e+00   2.940039e+00   7.710584e+00     3.1749e-01   1.477219e-02   3.052733e+00
   2.493226e-03   2.447210e+00   2.938699e+00   7.691745e+00     3.1816e-01   1.459071e-02   2.983684e+00
   2.511102e-03   2.446278e+00   2.937084e+00   7.680057e+00     3.1852e-01   1.434926e-02   2.917640e+00
   2.528978e-03   2.445254e+00   2.935416e+00   7.660644e+00     3.1920e-01   1.418592e-02   2.854121e+00
   2.546854e-03   2.444144e+00   2.933616e+00   7.641987e+00     3.1983e-01   1.402114e-02   2.793119e+00
   2.564729e-03   2.442950e+00   2.931560e+00   7.630150e+00     3.2017e-01   1.380107e-02   2.734725e+00
   2.582605e-03   2.441676e+00   2.929474e+00   7.611026e+00     3.2081e-01   1.365212e-02   2.678457e+00
   2.600481e-03   2.440324e+00   2.927167e+00   7.600001e+00     3.2110e-01   1.343723e-02   2.624515e+00
   2.618357e-03   2.438898e+00   2.924810e+00   7.580486e+00     3.2173e-01   1.330267e-02   2.572556e+00
   2.636232e-03   2.437400e+00   2.922331e+00   7.561937e+00     3.2232e-01   1.316426e-02   2.522532e+00
   2.654108e-03   2.435833e+00   2.919661e+00   7.550225e+00     3.2262e-01   1.297276e-02   2.474589e+00
   2.671984e-03   2.434200e+00   2.916946e+00   7.531409e+00     3.2321e-01   1.284659e-02   2.428268e+00
   2.689860e-03   2.432503e+00   2.914056e+00   7.520096e+00     3.2347e-01   1.266246e-02   2.383838e+00
   2.707735e-03   2.430745e+00   2.911130e+00   7.501179e+00     3.2405e-01   1.254651e-02   2.340896e+00
   2.725611e-03   2.428929e+00   2.908028e+00   7.490048e+00     3.2429e-01   1.237104e-02   2.299663e+00
   2.743487e-03   2.427056e+00   2.904910e+00   7.471047e+00     3.2486e-01   1.226454e-02   2.259792e+00
   2.761363e-03   2.425129e+00   2.901609e+00   7.460054e+00     3.2508e-01   1.209762e-02   2.221489e+00
   2.779238e-03   2.423151e+00   2.898325e+00   7.441121e+00     3.2564e-01   1.199879e-02   2.184419e+00
   2.797114e-03   2.421123e+00   2.894831e+00   7.430090e+00     3.2585e-01   1.184133e-02   2.148800e+00
   2.814990e-03   2.419047e+00   2.891378e+00   7.411347e+00     3.2640e-01   1.174871e-02   2.114284e+00
   2.832866e-03   2.416926e+00   2.887728e+00   7.400188e+00     3.2660e-01   1.160093e-02   2.081129e+00
   2.850741e-03   2.414761e+00   2.884102e+00   7.381840e+00     3.2712e-01   1.151254e-02   2.048954e+00
   2.868617e-03   2.412554e+00   2.880327e+00   7.370442e+00     3.2733e-01   1.137477e-02   2.018056e+00
   2.886493e-03   2.410308e+00   2.876540e+00   7.352594e+00     3.2782e-01   1.128954e-02   1.988039e+00
   2.904369e-03   2.408024e+00   2.872610e+00   7.340927e+00     3.2803e-01   1.116142e-02   1.959200e+00
   2.922244e-03   2.405703e+00   2.868647e+00   7.330101e+00     3.2820e-01   1.103077e-02   1.931319e+00
   2.940120e-03   2.403348e+00   2.864655e+00   7.311784e+00     3.2870e-01   1.095914e-02   1.904227e+00
   2.957996e-03   2.400959e+00   2.860540e+00   7.300538e+00     3.2887e-01   1.083880e-02   1.878194e+00
   2.975872e-03   2.398539e+00   2.856404e+00   7.290024e+00     3.2902e-01   1.071648e-02   1.852984e+00
   2.993747e-03   2.396089e+00   2.852242e+00   7.271456e+00     3.2952e-01   1.065591e-02   1.828487e+00
   3.011623e-03   2.393610e+00   2.847962e+00   7.260425e+00     3.2968e-01   1.054409e-02   1.804932e+00
   3.029499e-03   2.391104e+00   2.843665e+00   7.250023e+00     3.2981e-01   1.043088e-02   1.782107e+00
   3.047375e-03   2.388573e+00   2.839378e+00   7.231584e+00     3.3030e-01   1.037780e-02   1.759904e+00
   3.065251e-03   2.386017e+00   2.834950e+00   7.220598e+00     3.3045e-01   1.027499e-02   1.738555e+00
   3.083126e-03   2.383437e+00   2.830502e+00   7.210084e+00     3.3057e-01   1.017178e-02   1.717863e+00
   3.101002e-03   2.380836e+00   2.826131e+00   7.192123e+00     3.3103e-01   1.012306e-02   1.697690e+00
   3.118878e-03   2.378214e+00   2.821577e+00   7.181054e+00     3.3118e-01   1.002943e-02   1.678306e+00
   3.136754e-03   2.375573e+00   2.816996e+00   7.170362e+00     3.3130e-01   9.936004e-03   1.659527e+00
   3.154629e-03   2.372913e+00   2.812399e+00   7.160041e+00     3.3141e-01   9.842683e-03   1.641312e+00
   3.172505e-03   2.370235e+00   2.807876e+00   7.142088e+00     3.3187e-01   9.803601e-03   1.623540e+00
   3.190381e-03   2.367542e+00   2.803219e+00   7.131178e+00     3.3200e-01   9.719479e-03   1.606460e+00
   3.208257e-03   2.364833e+00   2.798515e+00   7.120516e+00     3.3212e-01   9.636238e-03   1.589907e+00
   3.226132e-03   2.362109e+00   2.793790e+00   7.110159e+00     3.3222e-01   9.553397e-03   1.573849e+00
   3.244008e-03   2.359373e+00   2.789053e+00   7.100008e+00     3.3231e-01   9.471568e-03   1.558267e+00
   3.261884e-03   2.356624e+00   2.784378e+00   7.081952e+00     3.3276e-01   9.444040e-03   1.543051e+00
   3.279760e-03   2.353863e+00   2.779593e+00   7.071282e+00     3.3288e-01   9.370267e-03   1.528430e+00
   3.297635e-03   2.351092e+00   2.774791e+00   7.060729e+00     3.3298e-01   9.297987e-03   1.514250e+00
   3.315511e-03   2.348310e+00   2.769977e+00   7.050371e+00     3.3308e-01   9.226634e-03   1.500494e+00
   3.333387e-03   2.345520e+00   2.765137e+00   7.040149e+00     3.3316e-01   9.156528e-03   1.487144e+00
   3.351263e-03   2.342722e+00   2.760277e+00   7.030029e+00     3.3324e-01   9.087863e-03   1.474187e+00
   3.369138e-03   2.339916e+00   2.755483e+00   7.012488e+00     3.3368e-01   9.068414e-03   1.461502e+00
   3.387014e-03   2.337103e+00   2.750597e+00   7.001954e+00     3.3378e-01   9.006341e-03   1.449319e+00
   3.404890e-03   2.334284e+00   2.745699e+00   6.991484e+00     3.3388e-01   8.945850e-03   1.437502e+00
   3.422766e-03   2.331460e+00   2.740794e+00   6.981172e+00     3.3396e-01   8.886322e-03   1.426043e+00
   3.440641e-03   2.328631e+00   2.735880e+00   6.970905e+00     3.3405e-01   8.828395e-03   1.414923e+00
   3.458517e-03   2.325798e+00   2.730958e+00   6.960689e+00     3.3413e-01   8.771986e-03   1.404130e+00
   3.476393e-03   2.322962e+00   2.726031e+00   6.950522e+00     3.3421e-01   8.717071e-03   1.393657e+00
   3.494269e-03   2.320123e+00   2.721098e+00   6.940385e+00     3.3429e-01   8.663730e-03   1.383493e+00
   3.512144e-03   2.317281e+00   2.716161e+00   6.930303e+00     3.3437e-01   8.611787e-03   1.373629e+00
   3.530020e-03   2.314438e+00   2.711221e+00   6.920249e+00     3.3444e-01   8.561358e-03   1.364057e+00
   3.547896e-03   2.311593e+00   2.706277e+00   6.910206e+00     3.3452e-01   8.512525e-03   1.354769e+00
   3.565772e-03   2.308748e+00   2.701332e+00   6.900181e+00     3.3459e-01   8.465208e-03   1.345756e+00
   3.583647e-03   2.305903e+00   2.696385e+00   6.890168e+00     3.3467e-01   8.419414e-03   1.337010e+00
   3.601523e-03   2.303058e+00   2.691437e+00   6.880169e+00     3.3474e-01   8.375088e-03   1.328525e+00
   3.619399e-03   2.300213e+00   2.686490e+00   6.870177e+00     3.3481e-01   8.332244e-03   1.320292e+00
   3.637275e-03   2.297370e+00   2.681545e+00   6.860189e+00     3.3488e-01   8.290878e-03   1.312304e+00
   3.655150e-03   2.294529e+00   2.676603e+00   6.850246e+00     3.3496e-01   8.250694e-03   1.304555e+00
   3.673026e-03   2.291690e+00   2.671664e+00   6.840293e+00     3.3503e-01   8.212004e-03   1.297037e+00
   3.690902e-03   2.288853e+00   2.666731e+00   6.830398e+00     3.3510e-01   8.174367e-03   1.289744e+00
   3.708778e-03   2.286019e+00   2.661804e+00   6.820511e+00     3.3517e-01   8.138054e-03   1.282669e+00
   3.726653e-03   2.283189e+00   2.656885e+00   6.810670e+00     3.3524e-01   8.102804e-03   1.275805e+00
   3.744529e-03   2.280362e+00   2.651973e+00   6.800832e+00     3.3531e-01   8.068847e-03   1.269147e+00
   3.762405e-03   2.277539e+00   2.647073e+00   6.791106e+00     3.3537e-01   8.035525e-03   1.262690e+00
   3.780281e-03   2.274720e+00   2.642181e+00   6.781397e+00     3.3544e-01   8.003363e-03   1.256427e+00
   3.798156e-03   2.271906e+00   2.637301e+00   6.771785e+00     3.3550e-01   7.971897e-03   1.250357e+00
   3.816032e-03   2.269097e+00   2.632421e+00   6.762261e+00     3.3555e-01   7.941169e-03   1.244477e+00
   3.833908e-03   2.266294e+00   2.627437e+00   6.760006e+00     3.3525e-01   7.869959e-03   1.238898e+00
   3.851784e-03   2.263496e+00   2.622563e+00   6.750073e+00     3.3533e-01   7.844176e-03   1.233389e+00
   3.869659e-03   2.260704e+00   2.617705e+00   6.740212e+00     3.3541e-01   7.819102e-03   1.228048e+00
   3.887535e-03   2.257918e+00   2.612868e+00   6.730484e+00     3.3548e-01   7.794350e-03   1.222869e+00
   3.905411e-03   2.255138e+00   2.608050e+00   6.720866e+00     3.3554e-01   7.770040e-03   1.217847e+00
   3.923287e-03   2.252365e+00   2.603249e+00   6.711355e+00     3.3561e-01   7.746179e-03   1.212979e+00
   3.941162e-03   2.249599e+00   2.598437e+00   6.702031e+00     3.3566e-01   7.722347e-03   1.208272e+00
   3.959038e-03   2.246840e+00   2.593541e+00   6.700004e+00     3.3535e-01   7.658541e-03   1.203842e+00
   3.976914e-03   2.244089e+00   2.588753e+00   6.690132e+00     3.3543e-01   7.640152e-03   1.199456e+00
   3.994790e-03   2.241345e+00   2.583993e+00   6.680430e+00     3.3551e-01   7.621745e-03   1.195205e+00
   4.012665e-03   2.238608e+00   2.579261e+00   6.670934e+00     3.3558e-01   7.603099e-03   1.191083e+00
   4.030541e-03   2.235880e+00   2.574520e+00   6.661604e+00     3.3564e-01   7.584448e-03   1.187092e+00
   4.048417e-03   2.233160e+00   2.569794e+00   6.652570e+00     3.3568e-01   7.565196e-03   1.183250e+00
   4.066293e-03   2.230449e+00   2.564988e+00   6.650117e+00     3.3540e-01   7.510482e-03   1.179674e+00
   4.084168e-03   2.227746e+00   2.560308e+00   6.640486e+00     3.3548e-01   7.496580e-03   1.176097e+00
   4.102044e-03   2.225051e+00   2.555644e+00   6.631153e+00     3.3555e-01   7.481830e-03   1.172632e+00
   4.119920e-03   2.222366e+00   2.550978e+00   6.622096e+00     3.3560e-01   7.466437e-03   1.169289e+00
   4.137796e-03   2.219689e+00   2.546240e+00   6.620053e+00     3.3530e-01   7.413431e-03   1.166203e+00
   4.155671e-03   2.217022e+00   2.541622e+00   6.610381e+00     3.3538e-01   7.403438e-03   1.163119e+00
   4.173547e-03   2.214364e+00   2.537023e+00   6.601097e+00     3.3545e-01   7.392020e-03   1.160131e+00
   4.191423e-03   2.211716e+00   2.532425e+00   6.592133e+00     3.3551e-01   7.379654e-03   1.157251e+00
   4.209299e-03   2.209077e+00   2.527760e+00   6.590078e+00     3.3521e-01   7.330496e-03   1.154623e+00
   4.227174e-03   2.206448e+00   2.523222e+00   6.580510e+00     3.3530e-01   7.323311e-03   1.151981e+00
   4.245050e-03   2.203829e+00   2.518678e+00   6.571419e+00     3.3537e-01   7.314170e-03   1.149423e+00
   4.262926e-03   2.201220e+00   2.514155e+00   6.562688e+00     3.3541e-01   7.303893e-03   1.146977e+00
   4.280802e-03   2.198621e+00   2.509574e+00   6.560260e+00     3.3514e-01   7.260339e-03   1.144772e+00
   4.298677e-03   2.196032e+00   2.505095e+00   6.550999e+00     3.3522e-01   7.254567e-03   1.142523e+00
   4.316553e-03   2.193453e+00   2.500630e+00   6.542298e+00     3.3527e-01   7.246478e-03   1.140369e+00
   4.334429e-03   2.190885e+00   2.496103e+00   6.540163e+00     3.3499e-01   7.203789e-03   1.138452e+00
   4.352305e-03   2.188327e+00   2.491685e+00   6.530858e+00     3.3507e-01   7.200588e-03   1.136493e+00
   4.370180e-03   2.185780e+00   2.487273e+00   6.522085e+00     3.3514e-01   7.195111e-03   1.134609e+00
   4.388056e-03   2.183243e+00   2.482809e+00   6.520147e+00     3.3485e-01   7.153750e-03   1.132970e+00
   4.405932e-03   2.180718e+00   2.478445e+00   6.510851e+00     3.3494e-01   7.152685e-03   1.131279e+00
   4.423808e-03   2.178202e+00   2.474096e+00   6.502242e+00     3.3499e-01   7.148506e-03   1.129662e+00
   4.441683e-03   2.175698e+00   2.469696e+00   6.500211e+00     3.3471e-01   7.109909e-03   1.128280e+00
   4.459559e-03   2.173205e+00   2.465387e+00   6.491097e+00     3.3480e-01   7.109928e-03   1.126837e+00
   4.495311e-03   2.168251e+00   2.456771e+00   6.480379e+00     3.3459e-01   7.071834e-03   1.124332e+00
   4.513186e-03   2.165791e+00   2.452509e+00   6.471507e+00     3.3467e-01   7.072486e-03   1.123117e+00
   4.531062e-03   2.163342e+00   2.448209e+00   6.470049e+00     3.3436e-01   7.034275e-03   1.122120e+00
   4.548938e-03   2.160905e+00   2.444008e+00   6.460766e+00     3.3447e-01   7.038601e-03   1.121081e+00
   4.566814e-03   2.158478e+00   2.439822e+00   6.452298e+00     3.3453e-01   7.039012e-03   1.120094e+00
   4.584689e-03   2.156063e+00   2.435595e+00   6.450300e+00     3.3426e-01   7.005784e-03   1.119329e+00
   4.602565e-03   2.153659e+00   2.431439e+00   6.441445e+00     3.3434e-01   7.009538e-03   1.118484e+00
   4.620441e-03   2.151266e+00   2.427245e+00   6.440055e+00     3.3404e-01   6.974252e-03   1.117849e+00
   4.638317e-03   2.148885e+00   2.423144e+00   6.430878e+00     3.3415e-01   6.981077e-03   1.117162e+00
   4.656192e-03   2.146516e+00   2.419066e+00   6.422630e+00     3.3421e-01   6.983394e-03   1.116528e+00
   4.674068e-03   2.144157e+00   2.414940e+00   6.420497e+00     3.3396e-01   6.954026e-03   1.116105e+00
   4.691944e-03   2.141811e+00   2.410894e+00   6.411981e+00     3.3403e-01   6.958905e-03   1.115592e+00
   4.709820e-03   2.139475e+00   2.406817e+00   6.410247e+00     3.3376e-01   6.928606e-03   1.115301e+00
   4.727695e-03   2.137152e+00   2.402807e+00   6.401488e+00     3.3385e-01   6.935957e-03   1.114918e+00
   4.745571e-03   2.134839e+00   2.398768e+00   6.400114e+00     3.3356e-01   6.904849e-03   1.114745e+00
   4.763447e-03   2.132539e+00   2.394808e+00   6.391160e+00     3.3367e-01   6.914413e-03   1.114495e+00
   4.781323e-03   2.130250e+00   2.390808e+00   6.390047e+00     3.3337e-01   6.882973e-03   1.114429e+00
   4.799198e-03   2.127972e+00   2.386896e+00   6.380945e+00     3.3349e-01   6.894479e-03   1.114309e+00
   4.817074e-03   2.125706e+00   2.382936e+00   6.380015e+00     3.3318e-01   6.863102e-03   1.114349e+00
   4.834950e-03   2.123452e+00   2.379067e+00   6.370772e+00     3.3331e-01   6.876458e-03   1.114350e+00
   4.852826e-03   2.121209e+00   2.375151e+00   6.370005e+00     3.3300e-01   6.845251e-03   1.114498e+00
   4.870701e-03   2.118978e+00   2.371328e+00   6.360747e+00     3.3313e-01   6.859758e-03   1.114617e+00
   4.888577e-03   2.116759e+00   2.367452e+00   6.360001e+00     3.3282e-01   6.829451e-03   1.114869e+00
   4.906453e-03   2.114551e+00   2.363669e+00   6.350689e+00     3.3296e-01   6.845261e-03   1.115096e+00
   4.942204e-03   2.110170e+00   2.356099e+00   6.340758e+00     3.3279e-01   6.832085e-03   1.115786e+00
   4.960080e-03   2.107997e+00   2.352309e+00   6.340007e+00     3.3249e-01   6.803828e-03   1.116249e+00
   4.977956e-03   2.105835e+00   2.348610e+00   6.330797e+00     3.3263e-01   6.821000e-03   1.116674e+00
   4.995832e-03   2.103685e+00   2.344866e+00   6.330021e+00     3.3233e-01   6.793882e-03   1.117245e+00
   5.013707e-03   2.101547e+00   2.341208e+00   6.320968e+00     3.3247e-01   6.811109e-03   1.117761e+00
   5.031583e-03   2.099420e+00   2.337509e+00   6.320058e+00     3.3218e-01   6.785690e-03   1.118436e+00
   5.049459e-03   2.097305e+00   2.333893e+00   6.311237e+00     3.3231e-01   6.802546e-03   1.119037e+00
   5.067335e-03   2.095201e+00   2.330240e+00   6.310138e+00     3.3204e-01   6.779105e-03   1.119815e+00
   5.085210e-03   2.093109e+00   2.326663e+00   6.301567e+00     3.3216e-01   6.795454e-03   1.120496e+00
   5.103086e-03   2.091029e+00   2.323060e+00   6.300285e+00     3.3189e-01   6.773933e-03   1.121375e+00
   5.120962e-03   2.088960e+00   2.319519e+00   6.292043e+00     3.3200e-01   6.789367e-03   1.122138e+00
   5.138838e-03   2.086902e+00   2.315948e+00   6.290517e+00     3.3175e-01   6.770033e-03   1.123107e+00
   5.156713e-03   2.084856e+00   2.312388e+00   6.290000e+00     3.3146e-01   6.745473e-03   1.124073e+00
   5.174589e-03   2.082821e+00   2.308921e+00   6.280826e+00     3.3162e-01   6.767385e-03   1.125004e+00
   5.192465e-03   2.080797e+00   2.305411e+00   6.280062e+00     3.3133e-01   6.745102e-03   1.126077e+00
   5.210341e-03   2.078785e+00   2.301985e+00   6.271390e+00     3.3147e-01   6.765039e-03   1.127067e+00
   5.228216e-03   2.076785e+00   2.298526e+00   6.270246e+00     3.3121e-01   6.745698e-03   1.128239e+00
   5.246092e-03   2.074796e+00   2.295135e+00   6.262111e+00     3.3133e-01   6.763498e-03   1.129295e+00
   5.263968e-03   2.072818e+00   2.291709e+00   6.260622e+00     3.3109e-01   6.746822e-03   1.130551e+00
   5.281844e-03   2.070851e+00   2.288295e+00   6.260014e+00     3.3081e-01   6.725630e-03   1.131811e+00
   5.299719e-03   2.068895e+00   2.284976e+00   6.251219e+00     3.3096e-01   6.748287e-03   1.133009e+00
   5.317595e-03   2.066951e+00   2.281617e+00   6.250216e+00     3.3070e-01   6.730117e-03   1.134371e+00
   5.335471e-03   2.065018e+00   2.278331e+00   6.242053e+00     3.3082e-01   6.750025e-03   1.135617e+00
   5.353347e-03   2.063097e+00   2.275008e+00   6.240648e+00     3.3059e-01   6.734810e-03   1.137064e+00
   5.371222e-03   2.061186e+00   2.271697e+00   6.240038e+00     3.3032e-01   6.715521e-03   1.138515e+00
   5.389098e-03   2.059286e+00   2.268480e+00   6.231412e+00     3.3047e-01   6.739149e-03   1.139888e+00
   5.406974e-03   2.057398e+00   2.265228e+00   6.230339e+00     3.3022e-01   6.723214e-03   1.141439e+00
   5.424850e-03   2.055521e+00   2.262040e+00   6.222521e+00     3.3034e-01   6.743147e-03   1.142863e+00
   5.442725e-03   2.053654e+00   2.258816e+00   6.221014e+00     3.3012e-01   6.730231e-03   1.144479e+00
   5.460601e-03   2.051799e+00   2.255612e+00   6.220158e+00     3.2986e-01   6.714114e-03   1.146121e+00
   5.478477e-03   2.049954e+00   2.252493e+00   6.212086e+00     3.2999e-01   6.736503e-03   1.147650e+00
   5.496353e-03   2.048121e+00   2.249332e+00   6.210742e+00     3.2977e-01   6.723756e-03   1.149371e+00
   5.514228e-03   2.046298e+00   2.246181e+00   6.210088e+00     3.2951e-01   6.707515e-03   1.151103e+00
   5.532104e-03   2.044486e+00   2.243126e+00   6.201800e+00     3.2966e-01   6.732142e-03   1.152735e+00
   5.549980e-03   2.042686e+00   2.240028e+00   6.200606e+00     3.2943e-01   6.719588e-03   1.154554e+00
   5.567856e-03   2.040895e+00   2.236931e+00   6.200051e+00     3.2917e-01   6.703753e-03   1.156376e+00
   5.585731e-03   2.039116e+00   2.233935e+00   6.191633e+00     3.2933e-01   6.730105e-03   1.158103e+00
   5.603607e-03   2.037347e+00   2.230899e+00   6.190572e+00     3.2910e-01   6.717803e-03   1.160018e+00
   5.621483e-03   2.035589e+00   2.227858e+00   6.190044e+00     3.2885e-01   6.702753e-03   1.161930e+00
   5.639359e-03   2.033842e+00   2.224923e+00   6.181685e+00     3.2901e-01   6.729803e-03   1.163750e+00
   5.657234e-03   2.032105e+00   2.221943e+00   6.180606e+00     3.2879e-01   6.718504e-03   1.165751e+00
   5.675110e-03   2.030379e+00   2.218960e+00   6.180063e+00     3.2854e-01   6.704457e-03   1.167755e+00
   5.692986e-03   2.028663e+00   2.216083e+00   6.171863e+00     3.2870e-01   6.731605e-03   1.169659e+00
   5.710862e-03   2.026958e+00   2.213159e+00   6.170744e+00     3.2848e-01   6.721404e-03   1.171745e+00
   5.728737e-03   2.025263e+00   2.210235e+00   6.170125e+00     3.2824e-01   6.708675e-03   1.173839e+00
   5.746613e-03   2.023578e+00   2.207414e+00   6.162121e+00     3.2839e-01   6.735662e-03   1.175817e+00
   5.764489e-03   2.021904e+00   2.204542e+00   6.160920e+00     3.2818e-01   6.726759e-03   1.177984e+00
   5.782365e-03   2.020241e+00   2.201681e+00   6.160242e+00     3.2795e-01   6.715256e-03   1.180170e+00
   5.818116e-03   2.016944e+00   2.196097e+00   6.151312e+00     3.2789e-01   6.733547e-03   1.184465e+00
   5.835992e-03   2.015311e+00   2.193300e+00   6.150455e+00     3.2767e-01   6.723875e-03   1.186737e+00
   5.853868e-03   2.013688e+00   2.190506e+00   6.150039e+00     3.2743e-01   6.711921e-03   1.189006e+00
   5.871743e-03   2.012075e+00   2.187820e+00   6.141876e+00     3.2760e-01   6.741924e-03   1.191179e+00
   5.889619e-03   2.010472e+00   2.185081e+00   6.140839e+00     3.2739e-01   6.734040e-03   1.193527e+00
   5.907495e-03   2.008880e+00   2.182340e+00   6.140216e+00     3.2717e-01   6.724084e-03   1.195887e+00
   5.925371e-03   2.007297e+00   2.179705e+00   6.132632e+00     3.2731e-01   6.751753e-03   1.198123e+00
   5.943246e-03   2.005724e+00   2.177016e+00   6.131404e+00     3.2712e-01   6.745609e-03   1.200531e+00
   5.961122e-03   2.004162e+00   2.174345e+00   6.130575e+00     3.2691e-01   6.737610e-03   1.202976e+00
   5.978998e-03   2.002609e+00   2.171675e+00   6.130107e+00     3.2668e-01   6.727766e-03   1.205423e+00
   5.996874e-03   2.001065e+00   2.169117e+00   6.122293e+00     3.2685e-01   6.757811e-03   1.207755e+00
   6.014749e-03   1.999532e+00   2.166501e+00   6.121200e+00     3.2666e-01   6.751964e-03   1.210263e+00
   6.032625e-03   1.998008e+00   2.163891e+00   6.120463e+00     3.2645e-01   6.744413e-03   1.212796e+00
   6.050501e-03   1.996495e+00   2.161297e+00   6.120064e+00     3.2622e-01   6.735129e-03   1.215329e+00
   6.068377e-03   1.994990e+00   2.158811e+00   6.112183e+00     3.2640e-01   6.766640e-03   1.217754e+00
   6.086253e-03   1.993496e+00   2.156264e+00   6.111124e+00     3.2621e-01   6.761550e-03   1.220349e+00
   6.104128e-03   1.992010e+00   2.153721e+00   6.110450e+00     3.2600e-01   6.754593e-03   1.222970e+00
   6.122004e-03   1.990535e+00   2.151197e+00   6.110076e+00     3.2578e-01   6.746096e-03   1.225590e+00
   6.139880e-03   1.989069e+00   2.148780e+00   6.102272e+00     3.2596e-01   6.778220e-03   1.228099e+00
   6.157756e-03   1.987612e+00   2.146304e+00   6.101273e+00     3.2577e-01   6.773713e-03   1.230778e+00
   6.175631e-03   1.986165e+00   2.143827e+00   6.100549e+00     3.2557e-01   6.767924e-03   1.233482e+00
   6.193507e-03   1.984727e+00   2.141369e+00   6.100133e+00     3.2536e-01   6.760569e-03   1.236189e+00
   6.211383e-03   1.983298e+00   2.139021e+00   6.092592e+00     3.2553e-01   6.792248e-03   1.238776e+00
   6.229259e-03   1.981879e+00   2.136609e+00   6.091522e+00     3.2535e-01   6.788955e-03   1.241525e+00
   6.247134e-03   1.980469e+00   2.134206e+00   6.090779e+00     3.2516e-01   6.784159e-03   1.244312e+00
   6.265010e-03   1.979068e+00   2.131811e+00   6.090285e+00     3.2495e-01   6.778122e-03   1.247105e+00
   6.282886e-03   1.977676e+00   2.129446e+00   6.090030e+00     3.2474e-01   6.770860e-03   1.249898e+00
   6.300762e-03   1.976293e+00   2.127180e+00   6.082035e+00     3.2494e-01   6.806287e-03   1.252585e+00
   6.318637e-03   1.974919e+00   2.124852e+00   6.081181e+00     3.2476e-01   6.802911e-03   1.255442e+00
   6.336513e-03   1.973554e+00   2.122517e+00   6.080561e+00     3.2457e-01   6.798431e-03   1.258317e+00
   6.354389e-03   1.972199e+00   2.120209e+00   6.080172e+00     3.2437e-01   6.792786e-03   1.261196e+00
   6.372265e-03   1.970852e+00   2.117931e+00   6.080006e+00     3.2415e-01   6.786003e-03   1.264076e+00
   6.390140e-03   1.969514e+00   2.115745e+00   6.071865e+00     3.2437e-01   6.823469e-03   1.266862e+00
   6.408016e-03   1.968185e+00   2.113487e+00   6.071085e+00     3.2419e-01   6.820662e-03   1.269807e+00
   6.425892e-03   1.966864e+00   2.111234e+00   6.070507e+00     3.2400e-01   6.816910e-03   1.272767e+00
   6.443768e-03   1.965553e+00   2.109007e+00   6.070165e+00     3.2381e-01   6.811950e-03   1.275732e+00
   6.461643e-03   1.964250e+00   2.106809e+00   6.070007e+00     3.2360e-01   6.806073e-03   1.278697e+00
   6.479519e-03   1.962955e+00   2.104703e+00   6.061975e+00     3.2381e-01   6.844075e-03   1.281569e+00
   6.497395e-03   1.961670e+00   2.102519e+00   6.061177e+00     3.2365e-01   6.842282e-03   1.284592e+00
   6.515271e-03   1.960393e+00   2.100344e+00   6.060602e+00     3.2346e-01   6.839437e-03   1.287635e+00
   6.533146e-03   1.959124e+00   2.098193e+00   6.060236e+00     3.2328e-01   6.835547e-03   1.290683e+00
   6.551022e-03   1.957864e+00   2.096068e+00   6.060035e+00     3.2308e-01   6.830824e-03   1.293733e+00
   6.568898e-03   1.956612e+00   2.094041e+00   6.052317e+00     3.2328e-01   6.868122e-03   1.296675e+00
   6.586774e-03   1.955369e+00   2.091938e+00   6.051522e+00     3.2312e-01   6.867189e-03   1.299771e+00
   6.604649e-03   1.954134e+00   2.089836e+00   6.050840e+00     3.2295e-01   6.865816e-03   1.302889e+00
   6.622525e-03   1.952908e+00   2.087757e+00   6.050429e+00     3.2277e-01   6.863078e-03   1.306021e+00
   6.640401e-03   1.951689e+00   2.085701e+00   6.050149e+00     3.2259e-01   6.859705e-03   1.309154e+00
   6.658277e-03   1.950479e+00   2.083668e+00   6.050009e+00     3.2239e-01   6.855637e-03   1.312290e+00
   6.676152e-03   1.949277e+00   2.081728e+00   6.042101e+00     3.2262e-01   6.895262e-03   1.315319e+00
   6.694028e-03   1.948084e+00   2.079704e+00   6.041418e+00     3.2245e-01   6.894733e-03   1.318507e+00
   6.711904e-03   1.946898e+00   2.077693e+00   6.040863e+00     3.2229e-01   6.893649e-03   1.321712e+00
   6.729780e-03   1.945721e+00   2.075701e+00   6.040424e+00     3.2212e-01   6.892038e-03   1.324925e+00
   6.747655e-03   1.944551e+00   2.073732e+00   6.040167e+00     3.2194e-01   6.889500e-03   1.328142e+00
   6.765531e-03   1.943389e+00   2.071785e+00   6.040022e+00     3.2175e-01   6.886424e-03   1.331362e+00
   6.783407e-03   1.942236e+00   2.069932e+00   6.032286e+00     3.2197e-01   6.926257e-03   1.334466e+00
   6.801283e-03   1.941090e+00   2.067992e+00   6.031597e+00     3.2182e-01   6.926691e-03   1.337728e+00
   6.819158e-03   1.939952e+00   2.066067e+00   6.031080e+00     3.2166e-01   6.926339e-03   1.341013e+00
   6.837034e-03   1.938822e+00   2.064159e+00   6.030608e+00     3.2150e-01   6.925850e-03   1.344304e+00
   6.854910e-03   1.937700e+00   2.062271e+00   6.030314e+00     3.2133e-01   6.924458e-03   1.347603e+00
   6.872786e-03   1.936585e+00   2.060402e+00   6.030104e+00     3.2115e-01   6.922688e-03   1.350904e+00
   6.890661e-03   1.935478e+00   2.058554e+00   6.030009e+00     3.2097e-01   6.920359e-03   1.354209e+00
   6.908537e-03   1.934379e+00   2.056785e+00   6.022191e+00     3.2121e-01   6.962026e-03   1.357404e+00
   6.926413e-03   1.933287e+00   2.054941e+00   6.021537e+00     3.2106e-01   6.963283e-03   1.360748e+00
   6.944289e-03   1.932203e+00   2.053113e+00   6.021052e+00     3.2091e-01   6.963761e-03   1.364113e+00
   6.962164e-03   1.931127e+00   2.051301e+00   6.020651e+00     3.2075e-01   6.963875e-03   1.367487e+00
   6.980040e-03   1.930057e+00   2.049507e+00   6.020357e+00     3.2059e-01   6.963481e-03   1.370867e+00
   6.997916e-03   1.928996e+00   2.047731e+00   6.020136e+00     3.2042e-01   6.962764e-03   1.374250e+00
   7.015792e-03   1.927942e+00   2.045973e+00   6.020031e+00     3.2025e-01   6.961475e-03   1.377635e+00
   7.033667e-03   1.926895e+00   2.044299e+00   6.012500e+00     3.2048e-01   7.002738e-03   1.380900e+00
   7.051543e-03   1.925855e+00   2.042549e+00   6.011881e+00     3.2034e-01   7.004743e-03   1.384315e+00
   7.069419e-03   1.924823e+00   2.040813e+00   6.011405e+00     3.2020e-01   7.006113e-03   1.387752e+00
   7.087295e-03   1.923798e+00   2.039091e+00   6.010971e+00     3.2005e-01   7.007362e-03   1.391199e+00
   7.105170e-03   1.922780e+00   2.037385e+00   6.010624e+00     3.1990e-01   7.008221e-03   1.394653e+00
   7.123046e-03   1.921769e+00   2.035695e+00   6.010361e+00     3.1974e-01   7.008697e-03   1.398113e+00
   7.140922e-03   1.920766e+00   2.034021e+00   6.010169e+00     3.1959e-01   7.008846e-03   1.401576e+00
   7.158798e-03   1.919769e+00   2.032363e+00   6.010045e+00     3.1943e-01   7.008699e-03   1.405042e+00
   7.176673e-03   1.918780e+00   2.030723e+00   6.010002e+00     3.1926e-01   7.008177e-03   1.408513e+00
   7.194549e-03   1.917798e+00   2.029139e+00   6.002146e+00     3.1952e-01   7.052888e-03   1.411870e+00
   7.212425e-03   1.916822e+00   2.027502e+00   6.001612e+00     3.1938e-01   7.055558e-03   1.415372e+00
   7.230301e-03   1.915854e+00   2.025881e+00   6.001228e+00     3.1924e-01   7.057521e-03   1.418894e+00
   7.248176e-03   1.914892e+00   2.024273e+00   6.000904e+00     3.1910e-01   7.059243e-03   1.422423e+00
   7.266052e-03   1.913937e+00   2.022679e+00   6.000606e+00     3.1896e-01   7.060906e-03   1.425956e+00
   7.283928e-03   1.912990e+00   2.021099e+00   6.000380e+00     3.1881e-01   7.062243e-03   1.429493e+00
   7.301804e-03   1.912048e+00   2.019534e+00   6.000191e+00     3.1866e-01   7.063451e-03   1.433034e+00
   7.319679e-03   1.911114e+00   2.017984e+00   6.000073e+00     3.1852e-01   7.064329e-03   1.436578e+00
   7.337555e-03   1.910186e+00   2.016449e+00   6.000006e+00     3.1836e-01   7.064996e-03   1.440126e+00
   7.355431e-03   1.909265e+00   2.014973e+00   5.992474e+00     3.1861e-01   7.109259e-03   1.443552e+00
   7.373307e-03   1.908351e+00   2.013445e+00   5.991998e+00     3.1848e-01   7.112613e-03   1.447122e+00
   7.391182e-03   1.907443e+00   2.011929e+00   5.991589e+00     3.1835e-01   7.115717e-03   1.450707e+00
   7.409058e-03   1.906542e+00   2.010426e+00   5.991251e+00     3.1822e-01   7.118530e-03   1.454303e+00
   7.426934e-03   1.905647e+00   2.008935e+00   5.990916e+00     3.1809e-01   7.121414e-03   1.457903e+00
   7.444810e-03   1.904759e+00   2.007458e+00   5.990679e+00     3.1795e-01   7.123823e-03   1.461511e+00
   7.462685e-03   1.903877e+00   2.005993e+00   5.990434e+00     3.1782e-01   7.126360e-03   1.465121e+00
   7.480561e-03   1.903002e+00   2.004542e+00   5.990288e+00     3.1768e-01   7.128405e-03   1.468736e+00
   7.498437e-03   1.902133e+00   2.003103e+00   5.990145e+00     3.1754e-01   7.130509e-03   1.472353e+00
   7.516313e-03   1.901270e+00   2.001679e+00   5.990064e+00     3.1740e-01   7.132329e-03   1.475973e+00
   7.534188e-03   1.900414e+00   2.000267e+00   5.990016e+00     3.1726e-01   7.134031e-03   1.479596e+00
   7.552064e-03   1.899563e+00   1.998904e+00   5.982613e+00     3.1751e-01   7.179182e-03   1.483096e+00
   7.569940e-03   1.898720e+00   1.997500e+00   5.982180e+00     3.1740e-01   7.183411e-03   1.486732e+00
   7.587816e-03   1.897882e+00   1.996108e+00   5.981831e+00     3.1727e-01   7.187282e-03   1.490384e+00
   7.605691e-03   1.897050e+00   1.994725e+00   5.981470e+00     3.1715e-01   7.191313e-03   1.494041e+00
   7.623567e-03   1.896225e+00   1.993356e+00   5.981216e+00     3.1703e-01   7.194830e-03   1.497709e+00
   7.641443e-03   1.895406e+00   1.991997e+00   5.980964e+00     3.1691e-01   7.198411e-03   1.501380e+00
   7.659319e-03   1.894592e+00   1.990650e+00   5.980735e+00     3.1678e-01   7.201945e-03   1.505055e+00
   7.677194e-03   1.893785e+00   1.989314e+00   5.980553e+00     3.1666e-01   7.205275e-03   1.508734e+00
   7.695070e-03   1.892984e+00   1.987990e+00   5.980394e+00     3.1653e-01   7.208545e-03   1.512416e+00
   7.712946e-03   1.892188e+00   1.986677e+00   5.980260e+00     3.1641e-01   7.211747e-03   1.516099e+00
   7.730822e-03   1.891399e+00   1.985377e+00   5.980165e+00     3.1628e-01   7.214786e-03   1.519786e+00
   7.748697e-03   1.890615e+00   1.984087e+00   5.980076e+00     3.1615e-01   7.217861e-03   1.523474e+00
   7.766573e-03   1.889838e+00   1.982808e+00   5.980038e+00     3.1602e-01   7.220710e-03   1.527164e+00
   7.784449e-03   1.889066e+00   1.981529e+00   5.980005e+00     3.1590e-01   7.223603e-03   1.530858e+00
   7.802325e-03   1.888300e+00   1.980309e+00   5.972579e+00     3.1616e-01   7.270789e-03   1.534423e+00
   7.820200e-03   1.887539e+00   1.979050e+00   5.972202e+00     3.1605e-01   7.275950e-03   1.538122e+00
   7.838076e-03   1.886785e+00   1.977802e+00   5.971951e+00     3.1594e-01   7.280492e-03   1.541839e+00
   7.855952e-03   1.886036e+00   1.976563e+00   5.971670e+00     3.1583e-01   7.285283e-03   1.545556e+00
   7.873828e-03   1.885292e+00   1.975336e+00   5.971467e+00     3.1572e-01   7.289705e-03   1.549281e+00
   7.891703e-03   1.884555e+00   1.974119e+00   5.971279e+00     3.1560e-01   7.294108e-03   1.553010e+00
   7.909579e-03   1.883822e+00   1.972910e+00   5.971058e+00     3.1549e-01   7.298783e-03   1.556739e+00
   7.927455e-03   1.883096e+00   1.971712e+00   5.970887e+00     3.1538e-01   7.303229e-03   1.560472e+00
   7.945331e-03   1.882375e+00   1.970524e+00   5.970714e+00     3.1527e-01   7.307759e-03   1.564206e+00
   7.963206e-03   1.881659e+00   1.969347e+00   5.970587e+00     3.1515e-01   7.312081e-03   1.567944e+00
   7.981082e-03   1.880949e+00   1.968179e+00   5.970461e+00     3.1504e-01   7.316472e-03   1.571682e+00
   7.998958e-03   1.880244e+00   1.967021e+00   5.970360e+00     3.1493e-01   7.320768e-03   1.575422e+00
   8.016834e-03   1.879545e+00   1.965872e+00   5.970245e+00     3.1482e-01   7.325222e-03   1.579163e+00
   8.034709e-03   1.878851e+00   1.964735e+00   5.970190e+00     3.1471e-01   7.329372e-03   1.582905e+00
   8.052585e-03   1.878162e+00   1.963603e+00   5.970134e+00     3.1459e-01   7.333592e-03   1.586648e+00
   8.070461e-03   1.877479e+00   1.962475e+00   5.970074e+00     3.1448e-01   7.337900e-03   1.590392e+00
   8.088337e-03   1.876800e+00   1.961357e+00   5.970047e+00     3.1437e-01   7.342075e-03   1.594138e+00
   8.106212e-03   1.876127e+00   1.960249e+00   5.970017e+00     3.1426e-01   7.346327e-03   1.597884e+00
   8.124088e-03   1.875460e+00   1.959151e+00   5.970003e+00     3.1415e-01   7.350552e-03   1.601632e+00
   8.141964e-03   1.874797e+00   1.958114e+00   5.962605e+00     3.1443e-01   7.399849e-03   1.605241e+00
   8.159840e-03   1.874140e+00   1.957034e+00   5.962428e+00     3.1432e-01   7.405269e-03   1.608998e+00
   8.177715e-03   1.873487e+00   1.955962e+00   5.962232e+00     3.1423e-01   7.410864e-03   1.612754e+00
   8.195591e-03   1.872840e+00   1.954898e+00   5.961997e+00     3.1413e-01   7.416752e-03   1.616508e+00
   8.213467e-03   1.872198e+00   1.953844e+00   5.961868e+00     3.1403e-01   7.422091e-03   1.620272e+00
   8.231343e-03   1.871561e+00   1.952797e+00   5.961683e+00     3.1393e-01   7.427813e-03   1.624032e+00
   8.249218e-03   1.870928e+00   1.951760e+00   5.961566e+00     3.1383e-01   7.433201e-03   1.627798e+00
   8.267094e-03   1.870301e+00   1.950731e+00   5.961406e+00     3.1373e-01   7.438904e-03   1.631561e+00
   8.284970e-03   1.869679e+00   1.949711e+00   5.961295e+00     3.1364e-01   7.444369e-03   1.635327e+00
   8.302846e-03   1.869061e+00   1.948700e+00   5.961178e+00     3.1354e-01   7.449931e-03   1.639093e+00
   8.320721e-03   1.868449e+00   1.947694e+00   5.960992e+00     3.1345e-01   7.455959e-03   1.642855e+00
   8.338597e-03   1.867841e+00   1.946701e+00   5.960934e+00     3.1335e-01   7.461282e-03   1.646623e+00
   8.356473e-03   1.867238e+00   1.945714e+00   5.960852e+00     3.1325e-01   7.466800e-03   1.650390e+00
   8.374349e-03   1.866640e+00   1.944735e+00   5.960748e+00     3.1316e-01   7.472505e-03   1.654155e+00
   8.392224e-03   1.866046e+00   1.943766e+00   5.960676e+00     3.1306e-01   7.478069e-03   1.657921e+00
   8.410100e-03   1.865458e+00   1.942804e+00   5.960612e+00     3.1296e-01   7.483638e-03   1.661686e+00
   8.427976e-03   1.864874e+00   1.941849e+00   5.960516e+00     3.1287e-01   7.489456e-03   1.665449e+00
   8.445852e-03   1.864294e+00   1.940904e+00   5.960468e+00     3.1278e-01   7.495030e-03   1.669213e+00
   8.463727e-03   1.863720e+00   1.939963e+00   5.960425e+00     3.1268e-01   7.500625e-03   1.672976e+00
   8.481603e-03   1.863149e+00   1.939028e+00   5.960403e+00     3.1259e-01   7.506144e-03   1.676739e+00
   8.499479e-03   1.862584e+00   1.938102e+00   5.960343e+00     3.1250e-01   7.511941e-03   1.680499e+00
   8.517355e-03   1.862023e+00   1.937183e+00   5.960290e+00     3.1240e-01   7.517749e-03   1.684258e+00
   8.535230e-03   1.861466e+00   1.936272e+00   5.960251e+00     3.1231e-01   7.523519e-03   1.688017e+00
   8.553106e-03   1.860914e+00   1.935369e+00   5.960226e+00     3.1222e-01   7.529251e-03   1.691774e+00
   8.570982e-03   1.860367e+00   1.934473e+00   5.960183e+00     3.1213e-01   7.535146e-03   1.695530e+00
   8.588858e-03   1.859824e+00   1.933586e+00   5.960165e+00     3.1204e-01   7.540926e-03   1.699285e+00
   8.606733e-03   1.859285e+00   1.932706e+00   5.960144e+00     3.1195e-01   7.546779e-03   1.703038e+00
   8.624609e-03   1.858751e+00   1.931833e+00   5.960129e+00     3.1186e-01   7.552638e-03   1.706789e+00
   8.642485e-03   1.858221e+00   1.930968e+00   5.960112e+00     3.1178e-01   7.558554e-03   1.710539e+00
   8.660361e-03   1.857695e+00   1.930111e+00   5.960090e+00     3.1169e-01   7.564548e-03   1.714287e+00
   8.678236e-03   1.857174e+00   1.929260e+00   5.960063e+00     3.1160e-01   7.570621e-03   1.718033e+00
   8.696112e-03   1.856657e+00   1.928417e+00   5.960064e+00     3.1152e-01   7.576557e-03   1.721778e+00
   8.713988e-03   1.856144e+00   1.927582e+00   5.960044e+00     3.1143e-01   7.582674e-03   1.725521e+00
   8.731864e-03   1.855635e+00   1.926753e+00   5.960043e+00     3.1135e-01   7.588716e-03   1.729261e+00
   8.749739e-03   1.855131e+00   1.925932e+00   5.960029e+00     3.1126e-01   7.594881e-03   1.732999e+00
   8.767615e-03   1.854631e+00   1.925117e+00   5.960029e+00     3.1118e-01   7.601000e-03   1.736736e+00
   8.785491e-03   1.854135e+00   1.924310e+00   5.960022e+00     3.1110e-01   7.607202e-03   1.740470e+00
   8.803367e-03   1.853643e+00   1.923510e+00   5.960014e+00     3.1101e-01   7.613457e-03   1.744201e+00
   8.821242e-03   1.853155e+00   1.922716e+00   5.960014e+00     3.1093e-01   7.619703e-03   1.747931e+00
   8.839118e-03   1.852671e+00   1.921930e+00   5.960010e+00     3.1085e-01   7.626007e-03   1.751657e+00
   8.856994e-03   1.852192e+00   1.921150e+00   5.960007e+00     3.1077e-01   7.632352e-03   1.755381e+00
   8.874870e-03   1.851716e+00   1.920377e+00   5.960004e+00     3.1069e-01   7.638740e-03   1.759103e+00
   8.892745e-03   1.851244e+00   1.919610e+00   5.960004e+00     3.1061e-01   7.645139e-03   1.762821e+00
   8.910621e-03   1.850777e+00   1.918850e+00   5.960003e+00     3.1053e-01   7.651589e-03   1.766537e+00
   8.946373e-03   1.849853e+00   1.917351e+00   5.960001e+00     3.1038e-01   7.664599e-03   1.773960e+00
   8.982124e-03   1.848945e+00   1.915877e+00   5.960000e+00     3.1023e-01   7.677745e-03   1.781370e+00
   9.000000e-03   1.848497e+00   1.915149e+00   5.960000e+00     3.1015e-01   7.684372e-03   1.785070e+00
