           rhoc              M             Mb              R              C             kl            lam
   9.787575e-05   8.085977e-02   8.088481e-02   1.976007e+01     4.0921e-03   1.946000e-02   1.130660e+10
   1.336273e-04   8.139675e-02   8.142416e-02   1.787059e+01     4.5548e-03   1.929626e-02   6.562065e+09
   1.693788e-04   8.178074e-02   8.181002e-02   1.655146e+01     4.9410e-03   1.917217e-02   4.340164e+09
   1.872545e-04   8.199518e-02   8.202559e-02   1.587015e+01     5.1666e-03   1.910956e-02   3.460369e+09
   2.051303e-04   8.401693e-02   8.405875e-02   1.428210e+01     5.8827e-03   1.974942e-02   1.868916e+09
   2.230060e-04   9.004722e-02   9.012900e-02   1.263059e+01     7.1293e-03   2.243668e-02   8.121459e+08
   2.408818e-04   1.006599e-01   1.008282e-01   1.125217e+01     8.9458e-03   2.807636e-02   3.266997e+08
   2.587575e-04   1.156367e-01   1.159591e-01   1.026096e+01     1.1270e-02   3.669950e-02   1.345953e+08
   2.766333e-04   1.346038e-01   1.351713e-01   9.590058e+00     1.4036e-02   4.806609e-02   5.882565e+07
   2.945090e-04   1.572631e-01   1.581934e-01   9.133185e+00     1.7219e-02   6.203644e-02   2.732327e+07
   3.123848e-04   1.834129e-01   1.848537e-01   8.851086e+00     2.0722e-02   7.675117e-02   1.339144e+07
   3.302605e-04   2.129157e-01   2.150481e-01   8.671355e+00     2.4554e-02   9.202744e-02   6.874207e+06
   3.481363e-04   2.456667e-01   2.487067e-01   8.570475e+00     2.8664e-02   1.066387e-01   3.673813e+06
   3.660120e-04   2.815722e-01   2.857746e-01   8.520662e+00     3.3046e-02   1.202703e-01   2.034628e+06
   3.838878e-04   3.205364e-01   3.261940e-01   8.510269e+00     3.7665e-02   1.322770e-01   1.163384e+06
   4.017635e-04   3.624537e-01   3.699004e-01   8.521237e+00     4.2535e-02   1.430095e-01   6.847381e+05
   4.196393e-04   4.072047e-01   4.168158e-01   8.552155e+00     4.7614e-02   1.519060e-01   4.138069e+05
   4.375150e-04   4.546540e-01   4.668443e-01   8.600875e+00     5.2861e-02   1.586338e-01   2.562196e+05
   4.732665e-04   5.570268e-01   5.757728e-01   8.720401e+00     6.3876e-02   1.673124e-01   1.048911e+05
   4.911423e-04   6.116022e-01   6.344029e-01   8.782340e+00     6.9640e-02   1.698651e-01   6.913833e+04
   5.090180e-04   6.681831e-01   6.955948e-01   8.851779e+00     7.5486e-02   1.705934e-01   4.640303e+04
   5.268938e-04   7.265657e-01   7.591756e-01   8.921241e+00     8.1442e-02   1.702396e-01   3.167533e+04
   5.447695e-04   7.865381e-01   8.249575e-01   8.990604e+00     8.7484e-02   1.688648e-01   2.196815e+04
   5.626453e-04   8.478828e-01   8.927434e-01   9.060111e+00     9.3584e-02   1.665169e-01   1.546520e+04
   5.805210e-04   9.103789e-01   9.623320e-01   9.121466e+00     9.9806e-02   1.640268e-01   1.104170e+04
   5.983968e-04   9.738046e-01   1.033491e+00   9.190008e+00     1.0596e-01   1.600913e-01   7.989085e+03
   6.162725e-04   1.037939e+00   1.106028e+00   9.250007e+00     1.1221e-01   1.561953e-01   5.853657e+03
   6.341483e-04   1.102566e+00   1.179713e+00   9.301607e+00     1.1853e-01   1.523578e-01   4.340508e+03
   6.520240e-04   1.167472e+00   1.254319e+00   9.360105e+00     1.2473e-01   1.473992e-01   3.255179e+03
   6.698998e-04   1.232453e+00   1.329633e+00   9.410171e+00     1.3097e-01   1.426395e-01   2.467655e+03
   6.877756e-04   1.297312e+00   1.405458e+00   9.452523e+00     1.3725e-01   1.380437e-01   1.889915e+03
   7.056513e-04   1.361861e+00   1.481548e+00   9.500310e+00     1.4335e-01   1.327111e-01   1.461641e+03
   7.235271e-04   1.425925e+00   1.557719e+00   9.540324e+00     1.4946e-01   1.276554e-01   1.140984e+03
   7.414028e-04   1.489339e+00   1.633798e+00   9.572571e+00     1.5558e-01   1.228829e-01   8.986175e+02
   7.592786e-04   1.551951e+00   1.709534e+00   9.610257e+00     1.6149e-01   1.175883e-01   7.137699e+02
   7.771543e-04   1.613619e+00   1.784809e+00   9.640205e+00     1.6738e-01   1.126495e-01   5.715627e+02
   7.950301e-04   1.674218e+00   1.859445e+00   9.662183e+00     1.7328e-01   1.080723e-01   4.612532e+02
   8.129058e-04   1.733024e+00   1.932484e+00   9.690105e+00     1.7884e-01   1.031409e-01   3.758024e+02
   8.307816e-04   1.783372e+00   1.995552e+00   9.702290e+00     1.8381e-01   9.944370e-02   3.159712e+02
   8.486573e-04   1.832054e+00   2.056980e+00   9.720377e+00     1.8848e-01   9.543874e-02   2.675208e+02
   8.665331e-04   1.879075e+00   2.116764e+00   9.730794e+00     1.9311e-01   9.181855e-02   2.279607e+02
   8.844088e-04   1.924450e+00   2.174884e+00   9.740502e+00     1.9757e-01   8.824362e-02   1.954184e+02
   9.022846e-04   1.968200e+00   2.231324e+00   9.750026e+00     2.0187e-01   8.470609e-02   1.684635e+02
   9.201603e-04   2.010349e+00   2.286116e+00   9.750717e+00     2.0617e-01   8.158270e-02   1.459931e+02
   9.380361e-04   2.050922e+00   2.339223e+00   9.751271e+00     2.1032e-01   7.849565e-02   1.271494e+02
   9.559118e-04   2.089949e+00   2.390669e+00   9.751201e+00     2.1433e-01   7.547689e-02   1.112589e+02
   9.737876e-04   2.127458e+00   2.440444e+00   9.750543e+00     2.1819e-01   7.253369e-02   9.778833e+01
   9.916633e-04   2.163482e+00   2.488566e+00   9.750007e+00     2.2190e-01   6.964753e-02   8.631224e+01
   1.009539e-03   2.198053e+00   2.535097e+00   9.740587e+00     2.2566e-01   6.713620e-02   7.648926e+01
   1.027415e-03   2.231204e+00   2.579993e+00   9.731333e+00     2.2928e-01   6.467198e-02   6.804406e+01
   1.045291e-03   2.262969e+00   2.623297e+00   9.721759e+00     2.3277e-01   6.227703e-02   6.075297e+01
   1.063166e-03   2.293384e+00   2.665026e+00   9.711629e+00     2.3615e-01   5.996215e-02   5.443299e+01
   1.081042e-03   2.322484e+00   2.705185e+00   9.700952e+00     2.3941e-01   5.772870e-02   4.893381e+01
   1.098918e-03   2.350303e+00   2.743807e+00   9.690262e+00     2.4254e-01   5.556229e-02   4.413131e+01
   1.116794e-03   2.376879e+00   2.780982e+00   9.672097e+00     2.4575e-01   5.367061e-02   3.992203e+01
   1.134669e-03   2.402247e+00   2.816639e+00   9.660384e+00     2.4867e-01   5.166230e-02   3.622145e+01
   1.152545e-03   2.426443e+00   2.850884e+00   9.641521e+00     2.5167e-01   4.990641e-02   3.295659e+01
   1.170421e-03   2.449502e+00   2.883648e+00   9.630012e+00     2.5436e-01   4.802354e-02   3.006823e+01
   1.188297e-03   2.471460e+00   2.915071e+00   9.610196e+00     2.5717e-01   4.640932e-02   2.750471e+01
   1.206172e-03   2.492352e+00   2.945117e+00   9.590422e+00     2.5988e-01   4.484880e-02   2.522328e+01
   1.224048e-03   2.512211e+00   2.973851e+00   9.570557e+00     2.6249e-01   4.334490e-02   2.318739e+01
   1.241924e-03   2.531074e+00   3.001296e+00   9.550533e+00     2.6502e-01   4.189841e-02   2.136586e+01
   1.259800e-03   2.548972e+00   3.027451e+00   9.530418e+00     2.6746e-01   4.050678e-02   1.973199e+01
   1.277675e-03   2.565940e+00   3.052389e+00   9.510187e+00     2.6981e-01   3.916943e-02   1.826288e+01
   1.295551e-03   2.582008e+00   3.076130e+00   9.490023e+00     2.7208e-01   3.788134e-02   1.693879e+01
   1.313427e-03   2.597210e+00   3.098744e+00   9.462091e+00     2.7449e-01   3.679284e-02   1.574245e+01
   1.331303e-03   2.611576e+00   3.120144e+00   9.441049e+00     2.7662e-01   3.561469e-02   1.465973e+01
   1.349178e-03   2.625136e+00   3.140458e+00   9.420315e+00     2.7867e-01   3.447698e-02   1.367748e+01
   1.384930e-03   2.649956e+00   3.177952e+00   9.371161e+00     2.8278e-01   3.246734e-02   1.197096e+01
   1.402806e-03   2.661273e+00   3.195134e+00   9.350230e+00     2.8462e-01   3.146003e-02   1.122877e+01
   1.420681e-03   2.671897e+00   3.211389e+00   9.322044e+00     2.8662e-01   3.061143e-02   1.054992e+01
   1.438557e-03   2.681856e+00   3.226624e+00   9.300539e+00     2.8835e-01   2.968998e-02   9.928464e+00
   1.456433e-03   2.691174e+00   3.240952e+00   9.280000e+00     2.9000e-01   2.879078e-02   9.358213e+00
   1.474309e-03   2.699877e+00   3.254430e+00   9.250816e+00     2.9185e-01   2.805877e-02   8.834002e+00
   1.492184e-03   2.707989e+00   3.266998e+00   9.230026e+00     2.9339e-01   2.723216e-02   8.351624e+00
   1.510060e-03   2.715533e+00   3.278802e+00   9.200995e+00     2.9513e-01   2.655760e-02   7.906717e+00
   1.527936e-03   2.722531e+00   3.289732e+00   9.180056e+00     2.9657e-01   2.579672e-02   7.496096e+00
   1.545812e-03   2.729006e+00   3.299917e+00   9.151121e+00     2.9822e-01   2.517625e-02   7.116203e+00
   1.563687e-03   2.734979e+00   3.309290e+00   9.130063e+00     2.9956e-01   2.447565e-02   6.764594e+00
   1.581563e-03   2.740470e+00   3.318016e+00   9.101111e+00     3.0111e-01   2.390666e-02   6.438351e+00
   1.599439e-03   2.745498e+00   3.325975e+00   9.080063e+00     3.0237e-01   2.326002e-02   6.135604e+00
   1.617315e-03   2.750083e+00   3.333312e+00   9.051118e+00     3.0384e-01   2.273824e-02   5.853927e+00
   1.635190e-03   2.752296e+00   3.336812e+00   9.040315e+00     3.0445e-01   2.242145e-02   5.714971e+00
   1.653066e-03   2.754107e+00   3.339699e+00   9.030126e+00     3.0499e-01   2.215614e-02   5.597163e+00
   1.670942e-03   2.755737e+00   3.342306e+00   9.020022e+00     3.0551e-01   2.190207e-02   5.485835e+00
   1.688818e-03   2.757188e+00   3.344704e+00   9.002384e+00     3.0627e-01   2.174952e-02   5.380399e+00
   1.706693e-03   2.758460e+00   3.346736e+00   8.991903e+00     3.0677e-01   2.152119e-02   5.280802e+00
   1.724569e-03   2.759558e+00   3.348491e+00   8.981489e+00     3.0725e-01   2.130196e-02   5.186476e+00
   1.742445e-03   2.760487e+00   3.349976e+00   8.971117e+00     3.0771e-01   2.109148e-02   5.097063e+00
   1.760321e-03   2.761252e+00   3.351204e+00   8.960917e+00     3.0814e-01   2.088775e-02   5.012244e+00
   1.778196e-03   2.761860e+00   3.352178e+00   8.950709e+00     3.0856e-01   2.069233e-02   4.931705e+00
   1.796072e-03   2.762315e+00   3.352911e+00   8.940582e+00     3.0896e-01   2.050375e-02   4.855174e+00
   1.813948e-03   2.762624e+00   3.353407e+00   8.930434e+00     3.0935e-01   2.032277e-02   4.782392e+00
   1.831824e-03   2.762794e+00   3.353680e+00   8.920361e+00     3.0972e-01   2.014793e-02   4.713127e+00
   1.849699e-03   2.762828e+00   3.353736e+00   8.910297e+00     3.1007e-01   1.997962e-02   4.647159e+00
   1.867575e-03   2.762734e+00   3.353584e+00   8.900231e+00     3.1041e-01   1.981765e-02   4.584288e+00
   1.885451e-03   2.762517e+00   3.353234e+00   8.890201e+00     3.1074e-01   1.966130e-02   4.524329e+00
   1.903327e-03   2.762182e+00   3.352693e+00   8.880155e+00     3.1105e-01   1.951088e-02   4.467110e+00
   1.921202e-03   2.761735e+00   3.351971e+00   8.870162e+00     3.1135e-01   1.936536e-02   4.412473e+00
   1.939078e-03   2.761180e+00   3.351076e+00   8.860157e+00     3.1164e-01   1.922522e-02   4.360270e+00
   1.956954e-03   2.760523e+00   3.350009e+00   8.850146e+00     3.1192e-01   1.909019e-02   4.310364e+00
   1.974830e-03   2.759769e+00   3.348770e+00   8.840147e+00     3.1219e-01   1.895984e-02   4.262628e+00
   1.992705e-03   2.758921e+00   3.347379e+00   8.830170e+00     3.1244e-01   1.883388e-02   4.216944e+00
   2.010581e-03   2.757984e+00   3.345845e+00   8.820209e+00     3.1269e-01   1.871220e-02   4.173201e+00
   2.028457e-03   2.756963e+00   3.344171e+00   8.810235e+00     3.1293e-01   1.859494e-02   4.131297e+00
   2.046333e-03   2.755861e+00   3.342367e+00   8.800280e+00     3.1316e-01   1.848158e-02   4.091136e+00
   2.064208e-03   2.754682e+00   3.340439e+00   8.790346e+00     3.1338e-01   1.837197e-02   4.052628e+00
   2.082084e-03   2.753431e+00   3.338393e+00   8.780442e+00     3.1359e-01   1.826587e-02   4.015691e+00
   2.099960e-03   2.752109e+00   3.336233e+00   8.770536e+00     3.1379e-01   1.816347e-02   3.980244e+00
   2.117836e-03   2.750722e+00   3.333968e+00   8.760645e+00     3.1399e-01   1.806446e-02   3.946215e+00
   2.135711e-03   2.749272e+00   3.331603e+00   8.750848e+00     3.1417e-01   1.796795e-02   3.913538e+00
   2.153587e-03   2.747762e+00   3.329142e+00   8.741039e+00     3.1435e-01   1.787487e-02   3.882145e+00
   2.171463e-03   2.746195e+00   3.326591e+00   8.731299e+00     3.1452e-01   1.778434e-02   3.851978e+00
   2.189339e-03   2.744574e+00   3.323951e+00   8.721570e+00     3.1469e-01   1.769680e-02   3.822978e+00
   2.207214e-03   2.742902e+00   3.321205e+00   8.711921e+00     3.1484e-01   1.761150e-02   3.795098e+00
   2.225090e-03   2.741182e+00   3.318381e+00   8.702380e+00     3.1499e-01   1.752811e-02   3.768294e+00
   2.242966e-03   2.739415e+00   3.315381e+00   8.700004e+00     3.1488e-01   1.737652e-02   3.742653e+00
   2.260842e-03   2.737605e+00   3.312409e+00   8.690037e+00     3.1503e-01   1.730329e-02   3.717850e+00
   2.278717e-03   2.735753e+00   3.309377e+00   8.680150e+00     3.1517e-01   1.723192e-02   3.693976e+00
   2.296593e-03   2.733862e+00   3.306287e+00   8.670325e+00     3.1531e-01   1.716250e-02   3.670989e+00
   2.314469e-03   2.731934e+00   3.303140e+00   8.660569e+00     3.1545e-01   1.709488e-02   3.648851e+00
   2.332345e-03   2.729970e+00   3.299905e+00   8.650894e+00     3.1557e-01   1.702889e-02   3.627526e+00
   2.350220e-03   2.727974e+00   3.296624e+00   8.641371e+00     3.1569e-01   1.696382e-02   3.606988e+00
   2.368096e-03   2.725946e+00   3.293294e+00   8.631920e+00     3.1580e-01   1.690038e-02   3.587205e+00
   2.385972e-03   2.723888e+00   3.289918e+00   8.622565e+00     3.1590e-01   1.683832e-02   3.568154e+00
   2.403848e-03   2.721802e+00   3.286420e+00   8.620048e+00     3.1575e-01   1.671280e-02   3.549962e+00
   2.421723e-03   2.719690e+00   3.282969e+00   8.610244e+00     3.1587e-01   1.665970e-02   3.532288e+00
   2.439599e-03   2.717553e+00   3.279439e+00   8.600515e+00     3.1598e-01   1.660790e-02   3.515245e+00
   2.457475e-03   2.715393e+00   3.275883e+00   8.590959e+00     3.1608e-01   1.655644e-02   3.498812e+00
   2.475351e-03   2.713210e+00   3.272300e+00   8.581561e+00     3.1617e-01   1.650543e-02   3.482969e+00
   2.493226e-03   2.711008e+00   3.268691e+00   8.572360e+00     3.1625e-01   1.645455e-02   3.467712e+00
   2.511102e-03   2.708785e+00   3.264986e+00   8.570048e+00     3.1608e-01   1.634052e-02   3.453170e+00
   2.528978e-03   2.706545e+00   3.261285e+00   8.560259e+00     3.1618e-01   1.629922e-02   3.439014e+00
   2.546854e-03   2.704288e+00   3.257564e+00   8.550650e+00     3.1627e-01   1.625794e-02   3.425354e+00
   2.564729e-03   2.702015e+00   3.253833e+00   8.541259e+00     3.1635e-01   1.621631e-02   3.412178e+00
   2.582605e-03   2.699727e+00   3.250086e+00   8.532086e+00     3.1642e-01   1.617436e-02   3.399482e+00
   2.600481e-03   2.697426e+00   3.246251e+00   8.530030e+00     3.1623e-01   1.606775e-02   3.387423e+00
   2.618357e-03   2.695111e+00   3.242421e+00   8.520263e+00     3.1632e-01   1.603500e-02   3.375663e+00
   2.636232e-03   2.692786e+00   3.238595e+00   8.510766e+00     3.1640e-01   1.600123e-02   3.364314e+00
   2.654108e-03   2.690449e+00   3.234767e+00   8.501511e+00     3.1647e-01   1.596672e-02   3.353368e+00
   2.671984e-03   2.688103e+00   3.230932e+00   8.492585e+00     3.1652e-01   1.593077e-02   3.342842e+00
   2.689860e-03   2.685747e+00   3.226971e+00   8.490140e+00     3.1634e-01   1.583656e-02   3.332870e+00
   2.707735e-03   2.683383e+00   3.223077e+00   8.480557e+00     3.1642e-01   1.580985e-02   3.323113e+00
   2.725611e-03   2.681011e+00   3.219194e+00   8.471317e+00     3.1648e-01   1.578132e-02   3.313701e+00
   2.743487e-03   2.678633e+00   3.215311e+00   8.462414e+00     3.1653e-01   1.575113e-02   3.304652e+00
   2.761363e-03   2.676249e+00   3.211299e+00   8.460130e+00     3.1634e-01   1.566179e-02   3.296120e+00
   2.779238e-03   2.673859e+00   3.207368e+00   8.450624e+00     3.1641e-01   1.564010e-02   3.287757e+00
   2.797114e-03   2.671464e+00   3.203454e+00   8.441485e+00     3.1647e-01   1.561626e-02   3.279693e+00
   2.814990e-03   2.669066e+00   3.199459e+00   8.440001e+00     3.1624e-01   1.552390e-02   3.272094e+00
   2.832866e-03   2.666663e+00   3.195485e+00   8.430208e+00     3.1632e-01   1.550896e-02   3.264689e+00
   2.850741e-03   2.664258e+00   3.191543e+00   8.420884e+00     3.1639e-01   1.549083e-02   3.257544e+00
   2.868617e-03   2.661850e+00   3.187620e+00   8.411982e+00     3.1644e-01   1.547002e-02   3.250672e+00
   2.886493e-03   2.659441e+00   3.183571e+00   8.410061e+00     3.1622e-01   1.538729e-02   3.244254e+00
   2.904369e-03   2.657029e+00   3.179608e+00   8.400547e+00     3.1629e-01   1.537468e-02   3.237955e+00
   2.922244e-03   2.654617e+00   3.175675e+00   8.391518e+00     3.1635e-01   1.535869e-02   3.231886e+00
   2.940120e-03   2.652205e+00   3.171641e+00   8.390014e+00     3.1611e-01   1.527598e-02   3.226236e+00
   2.957996e-03   2.649792e+00   3.167666e+00   8.380351e+00     3.1619e-01   1.526830e-02   3.220708e+00
   2.975872e-03   2.647380e+00   3.163733e+00   8.371304e+00     3.1624e-01   1.525596e-02   3.215383e+00
   2.993747e-03   2.644968e+00   3.159817e+00   8.362698e+00     3.1628e-01   1.524075e-02   3.210297e+00
   3.011623e-03   2.642557e+00   3.155738e+00   8.360329e+00     3.1608e-01   1.517079e-02   3.205617e+00
   3.029499e-03   2.640148e+00   3.151812e+00   8.351215e+00     3.1614e-01   1.516233e-02   3.200970e+00
   3.065251e-03   2.635336e+00   3.143839e+00   8.340344e+00     3.1597e-01   1.508286e-02   3.192509e+00
   3.083126e-03   2.632933e+00   3.139931e+00   8.331346e+00     3.1603e-01   1.507648e-02   3.188489e+00
   3.101002e-03   2.630534e+00   3.135919e+00   8.330008e+00     3.1579e-01   1.500267e-02   3.184823e+00
   3.118878e-03   2.628137e+00   3.131985e+00   8.320473e+00     3.1586e-01   1.500330e-02   3.181233e+00
   3.136754e-03   2.625744e+00   3.128102e+00   8.311622e+00     3.1591e-01   1.499854e-02   3.177787e+00
   3.154629e-03   2.623354e+00   3.124091e+00   8.310054e+00     3.1568e-01   1.492998e-02   3.174699e+00
   3.172505e-03   2.620968e+00   3.120193e+00   8.300722e+00     3.1575e-01   1.493157e-02   3.171646e+00
   3.190381e-03   2.618587e+00   3.116340e+00   8.292044e+00     3.1580e-01   1.492805e-02   3.168729e+00
   3.208257e-03   2.616209e+00   3.112332e+00   8.290203e+00     3.1558e-01   1.486497e-02   3.166184e+00
   3.226132e-03   2.613837e+00   3.108476e+00   8.281102e+00     3.1564e-01   1.486712e-02   3.163617e+00
   3.244008e-03   2.611469e+00   3.104526e+00   8.280003e+00     3.1539e-01   1.479917e-02   3.161361e+00
   3.261884e-03   2.609106e+00   3.100657e+00   8.270514e+00     3.1547e-01   1.480669e-02   3.159152e+00
   3.279760e-03   2.606748e+00   3.096848e+00   8.261819e+00     3.1552e-01   1.480776e-02   3.157046e+00
   3.297635e-03   2.604396e+00   3.092890e+00   8.260135e+00     3.1530e-01   1.474787e-02   3.155284e+00
   3.315511e-03   2.602050e+00   3.089083e+00   8.251114e+00     3.1536e-01   1.475361e-02   3.153494e+00
   3.333387e-03   2.599709e+00   3.085179e+00   8.250007e+00     3.1512e-01   1.469019e-02   3.151988e+00
   3.351263e-03   2.597374e+00   3.081364e+00   8.240547e+00     3.1519e-01   1.470157e-02   3.150509e+00
   3.369138e-03   2.595045e+00   3.077611e+00   8.232052e+00     3.1524e-01   1.470497e-02   3.149121e+00
   3.387014e-03   2.592722e+00   3.073701e+00   8.230271e+00     3.1502e-01   1.465021e-02   3.148066e+00
   3.404890e-03   2.590405e+00   3.069959e+00   8.221426e+00     3.1508e-01   1.465830e-02   3.146948e+00
   3.422766e-03   2.588095e+00   3.066089e+00   8.220068e+00     3.1485e-01   1.460134e-02   3.146135e+00
   3.440641e-03   2.585792e+00   3.062355e+00   8.210961e+00     3.1492e-01   1.461334e-02   3.145289e+00
   3.458517e-03   2.583495e+00   3.058533e+00   8.210008e+00     3.1468e-01   1.455428e-02   3.144698e+00
   3.476393e-03   2.581205e+00   3.054802e+00   8.200618e+00     3.1476e-01   1.457034e-02   3.144115e+00
   3.494269e-03   2.578922e+00   3.051124e+00   8.192350e+00     3.1480e-01   1.457702e-02   3.143609e+00
   3.512144e-03   2.576646e+00   3.047304e+00   8.190405e+00     3.1459e-01   1.452911e-02   3.143407e+00
   3.530020e-03   2.574378e+00   3.043659e+00   8.181887e+00     3.1464e-01   1.453939e-02   3.143120e+00
   3.547896e-03   2.572116e+00   3.039860e+00   8.180247e+00     3.1443e-01   1.449025e-02   3.143142e+00
   3.565772e-03   2.569862e+00   3.036235e+00   8.171566e+00     3.1449e-01   1.450336e-02   3.143076e+00
   3.583647e-03   2.567615e+00   3.032470e+00   8.170157e+00     3.1427e-01   1.445357e-02   3.143304e+00
   3.601523e-03   2.565375e+00   3.028863e+00   8.161296e+00     3.1433e-01   1.446962e-02   3.143452e+00
   3.619399e-03   2.563144e+00   3.025134e+00   8.160100e+00     3.1411e-01   1.441930e-02   3.143877e+00
   3.637275e-03   2.560919e+00   3.021547e+00   8.151131e+00     3.1418e-01   1.443763e-02   3.144232e+00
   3.655150e-03   2.558703e+00   3.017852e+00   8.150052e+00     3.1395e-01   1.438758e-02   3.144846e+00
   3.673026e-03   2.556494e+00   3.014289e+00   8.141086e+00     3.1402e-01   1.440719e-02   3.145402e+00
   3.690902e-03   2.554293e+00   3.010625e+00   8.140044e+00     3.1379e-01   1.435808e-02   3.146195e+00
   3.708778e-03   2.552099e+00   3.007085e+00   8.131004e+00     3.1387e-01   1.437958e-02   3.146937e+00
   3.726653e-03   2.549914e+00   3.003453e+00   8.130042e+00     3.1364e-01   1.433102e-02   3.147910e+00
   3.744529e-03   2.547736e+00   2.999941e+00   8.121043e+00     3.1372e-01   1.435338e-02   3.148832e+00
   3.762405e-03   2.545567e+00   2.996334e+00   8.120039e+00     3.1349e-01   1.430640e-02   3.149977e+00
   3.780281e-03   2.543405e+00   2.992852e+00   8.111049e+00     3.1357e-01   1.432984e-02   3.151065e+00
   3.798156e-03   2.541252e+00   2.989272e+00   8.110050e+00     3.1335e-01   1.428404e-02   3.152382e+00
   3.816032e-03   2.539106e+00   2.985822e+00   8.101157e+00     3.1343e-01   1.430775e-02   3.153629e+00
   3.833908e-03   2.536969e+00   2.982266e+00   8.100090e+00     3.1320e-01   1.426372e-02   3.155113e+00
   3.851784e-03   2.534840e+00   2.978850e+00   8.091316e+00     3.1328e-01   1.428747e-02   3.156511e+00
   3.869659e-03   2.532719e+00   2.975317e+00   8.090136e+00     3.1306e-01   1.424559e-02   3.158156e+00
   3.887535e-03   2.530606e+00   2.971938e+00   8.081537e+00     3.1313e-01   1.426887e-02   3.159697e+00
   3.905411e-03   2.528501e+00   2.968427e+00   8.080234e+00     3.1292e-01   1.422920e-02   3.161498e+00
   3.923287e-03   2.526405e+00   2.965085e+00   8.071840e+00     3.1299e-01   1.425172e-02   3.163179e+00
   3.941162e-03   2.524317e+00   2.961597e+00   8.070358e+00     3.1279e-01   1.421471e-02   3.165128e+00
   3.959038e-03   2.522237e+00   2.958282e+00   8.062200e+00     3.1285e-01   1.423618e-02   3.166946e+00
   3.976914e-03   2.520165e+00   2.954826e+00   8.060540e+00     3.1265e-01   1.420177e-02   3.169033e+00
   3.994790e-03   2.518102e+00   2.951435e+00   8.060000e+00     3.1242e-01   1.415785e-02   3.171135e+00
   4.012665e-03   2.516047e+00   2.948117e+00   8.050801e+00     3.1252e-01   1.419016e-02   3.173204e+00
   4.030541e-03   2.514000e+00   2.944737e+00   8.050032e+00     3.1230e-01   1.414933e-02   3.175457e+00
   4.048417e-03   2.511962e+00   2.941470e+00   8.041196e+00     3.1239e-01   1.417935e-02   3.177632e+00
   4.066293e-03   2.509931e+00   2.938102e+00   8.040137e+00     3.1218e-01   1.414213e-02   3.180031e+00
   4.084168e-03   2.507909e+00   2.934884e+00   8.031735e+00     3.1225e-01   1.416924e-02   3.182313e+00
   4.102044e-03   2.505896e+00   2.931532e+00   8.030381e+00     3.1205e-01   1.413559e-02   3.184845e+00
   4.119920e-03   2.503890e+00   2.928346e+00   8.022306e+00     3.1212e-01   1.416073e-02   3.187233e+00
   4.137796e-03   2.501893e+00   2.925025e+00   8.020703e+00     3.1193e-01   1.413021e-02   3.189887e+00
   4.155671e-03   2.499905e+00   2.921754e+00   8.020025e+00     3.1171e-01   1.409188e-02   3.192558e+00
   4.173547e-03   2.497924e+00   2.918583e+00   8.011183e+00     3.1180e-01   1.412523e-02   3.195151e+00
   4.191423e-03   2.495952e+00   2.915318e+00   8.010182e+00     3.1160e-01   1.409075e-02   3.197963e+00
   4.209299e-03   2.493988e+00   2.912202e+00   8.001841e+00     3.1168e-01   1.412050e-02   3.200637e+00
   4.227174e-03   2.492033e+00   2.908952e+00   8.000511e+00     3.1148e-01   1.408983e-02   3.203573e+00
   4.245050e-03   2.490085e+00   2.905766e+00   8.000003e+00     3.1126e-01   1.405217e-02   3.206504e+00
   4.262926e-03   2.488146e+00   2.902652e+00   7.991024e+00     3.1137e-01   1.408898e-02   3.209381e+00
   4.280802e-03   2.486215e+00   2.899467e+00   7.990128e+00     3.1116e-01   1.405569e-02   3.212449e+00
   4.298677e-03   2.484292e+00   2.896418e+00   7.981791e+00     3.1124e-01   1.408759e-02   3.215391e+00
   4.316553e-03   2.482378e+00   2.893242e+00   7.980480e+00     3.1106e-01   1.405885e-02   3.218577e+00
   4.334429e-03   2.480472e+00   2.890129e+00   7.980004e+00     3.1084e-01   1.402298e-02   3.221760e+00
   4.352305e-03   2.478573e+00   2.887087e+00   7.971103e+00     3.1094e-01   1.406119e-02   3.224884e+00
   4.370180e-03   2.476683e+00   2.883971e+00   7.970169e+00     3.1074e-01   1.403028e-02   3.228198e+00
   4.388056e-03   2.474801e+00   2.880995e+00   7.961954e+00     3.1083e-01   1.406312e-02   3.231372e+00
   4.405932e-03   2.472928e+00   2.877890e+00   7.960620e+00     3.1065e-01   1.403658e-02   3.234798e+00
   4.423808e-03   2.471062e+00   2.874839e+00   7.960033e+00     3.1043e-01   1.400368e-02   3.238225e+00
   4.441683e-03   2.469204e+00   2.871879e+00   7.951369e+00     3.1054e-01   1.404173e-02   3.241557e+00
   4.459559e-03   2.467355e+00   2.868827e+00   7.950323e+00     3.1035e-01   1.401377e-02   3.245110e+00
   4.477435e-03   2.465513e+00   2.865931e+00   7.942524e+00     3.1042e-01   1.404492e-02   3.248507e+00
   4.495311e-03   2.463680e+00   2.862893e+00   7.940996e+00     3.1025e-01   1.402189e-02   3.252139e+00
   4.513186e-03   2.461854e+00   2.859896e+00   7.940170e+00     3.1005e-01   1.399304e-02   3.255802e+00
   4.531062e-03   2.460037e+00   2.857027e+00   7.932040e+00     3.1014e-01   1.402822e-02   3.259326e+00
   4.548938e-03   2.458227e+00   2.854036e+00   7.930731e+00     3.0996e-01   1.400439e-02   3.263089e+00
   4.566814e-03   2.456425e+00   2.851092e+00   7.930069e+00     3.0976e-01   1.397510e-02   3.266860e+00
   4.584689e-03   2.454632e+00   2.848250e+00   7.921638e+00     3.0986e-01   1.401404e-02   3.270508e+00
   4.602565e-03   2.452846e+00   2.845306e+00   7.920537e+00     3.0968e-01   1.398943e-02   3.274394e+00
   4.620441e-03   2.451068e+00   2.842413e+00   7.920026e+00     3.0948e-01   1.395981e-02   3.278270e+00
   4.638317e-03   2.449297e+00   2.839598e+00   7.911429e+00     3.0959e-01   1.400131e-02   3.282046e+00
   4.656192e-03   2.447535e+00   2.836700e+00   7.910425e+00     3.0941e-01   1.397685e-02   3.286039e+00
   4.674068e-03   2.445780e+00   2.833854e+00   7.910003e+00     3.0920e-01   1.394741e-02   3.290020e+00
   4.691944e-03   2.444033e+00   2.831070e+00   7.901333e+00     3.0932e-01   1.399063e-02   3.293915e+00
   4.709820e-03   2.442294e+00   2.828216e+00   7.900370e+00     3.0914e-01   1.396677e-02   3.298011e+00
   4.727695e-03   2.440563e+00   2.825413e+00   7.900003e+00     3.0893e-01   1.393780e-02   3.302094e+00
   4.745571e-03   2.438839e+00   2.822662e+00   7.891259e+00     3.0906e-01   1.398269e-02   3.306096e+00
   4.763447e-03   2.437122e+00   2.819850e+00   7.890355e+00     3.0887e-01   1.395925e-02   3.310296e+00
   4.799198e-03   2.433713e+00   2.814375e+00   7.881274e+00     3.0880e-01   1.397681e-02   3.318581e+00
   4.817074e-03   2.432019e+00   2.811603e+00   7.880396e+00     3.0862e-01   1.395407e-02   3.322881e+00
   4.834950e-03   2.430333e+00   2.808878e+00   7.880008e+00     3.0842e-01   1.392713e-02   3.327166e+00
   4.852826e-03   2.428655e+00   2.806206e+00   7.871381e+00     3.0854e-01   1.397290e-02   3.331356e+00
   4.870701e-03   2.426984e+00   2.803471e+00   7.870432e+00     3.0837e-01   1.395167e-02   3.335752e+00
   4.888577e-03   2.425320e+00   2.800781e+00   7.870021e+00     3.0817e-01   1.392583e-02   3.340137e+00
   4.906453e-03   2.423664e+00   2.798155e+00   7.861611e+00     3.0829e-01   1.397060e-02   3.344413e+00
   4.924329e-03   2.422015e+00   2.795455e+00   7.860551e+00     3.0812e-01   1.395122e-02   3.348898e+00
   4.942204e-03   2.420373e+00   2.792797e+00   7.860063e+00     3.0793e-01   1.392694e-02   3.353381e+00
   4.960080e-03   2.418739e+00   2.790217e+00   7.851828e+00     3.0805e-01   1.397101e-02   3.357727e+00
   4.977956e-03   2.417112e+00   2.787553e+00   7.850735e+00     3.0788e-01   1.395278e-02   3.362305e+00
   4.995832e-03   2.415492e+00   2.784925e+00   7.850133e+00     3.0770e-01   1.393038e-02   3.366886e+00
   5.013707e-03   2.413880e+00   2.782396e+00   7.842306e+00     3.0780e-01   1.397173e-02   3.371316e+00
   5.031583e-03   2.412275e+00   2.779767e+00   7.841073e+00     3.0765e-01   1.395551e-02   3.375965e+00
   5.049459e-03   2.410677e+00   2.777168e+00   7.840315e+00     3.0747e-01   1.393532e-02   3.380638e+00
   5.067335e-03   2.409086e+00   2.774612e+00   7.840007e+00     3.0728e-01   1.391128e-02   3.385298e+00
   5.085210e-03   2.407502e+00   2.772091e+00   7.831452e+00     3.0741e-01   1.396031e-02   3.389862e+00
   5.103086e-03   2.405925e+00   2.769521e+00   7.830542e+00     3.0725e-01   1.394229e-02   3.394624e+00
   5.120962e-03   2.404355e+00   2.766988e+00   7.830069e+00     3.0707e-01   1.392054e-02   3.399379e+00
   5.138838e-03   2.402792e+00   2.764527e+00   7.821977e+00     3.0718e-01   1.396621e-02   3.403995e+00
   5.156713e-03   2.401237e+00   2.761988e+00   7.820923e+00     3.0703e-01   1.395024e-02   3.408834e+00
   5.174589e-03   2.399688e+00   2.759478e+00   7.820234e+00     3.0686e-01   1.393122e-02   3.413681e+00
   5.192465e-03   2.398146e+00   2.757011e+00   7.820003e+00     3.0667e-01   1.390824e-02   3.418516e+00
   5.210341e-03   2.396611e+00   2.754565e+00   7.811452e+00     3.0681e-01   1.395917e-02   3.423260e+00
   5.228216e-03   2.395083e+00   2.752081e+00   7.810560e+00     3.0665e-01   1.394273e-02   3.428191e+00
   5.246092e-03   2.393561e+00   2.749630e+00   7.810078e+00     3.0647e-01   1.392277e-02   3.433119e+00
   5.263968e-03   2.392047e+00   2.747250e+00   7.802168e+00     3.0659e-01   1.396871e-02   3.437902e+00
   5.281844e-03   2.390539e+00   2.744794e+00   7.801078e+00     3.0644e-01   1.395473e-02   3.442900e+00
   5.299719e-03   2.389038e+00   2.742363e+00   7.800323e+00     3.0627e-01   1.393798e-02   3.447915e+00
   5.317595e-03   2.387543e+00   2.739971e+00   7.800022e+00     3.0609e-01   1.391730e-02   3.452922e+00
   5.335471e-03   2.386055e+00   2.737617e+00   7.791802e+00     3.0623e-01   1.396706e-02   3.457806e+00
   5.353347e-03   2.384574e+00   2.735210e+00   7.790818e+00     3.0607e-01   1.395307e-02   3.462895e+00
   5.371222e-03   2.383100e+00   2.732832e+00   7.790225e+00     3.0591e-01   1.393576e-02   3.467991e+00
   5.389098e-03   2.381632e+00   2.730492e+00   7.790002e+00     3.0573e-01   1.391525e-02   3.473075e+00
   5.406974e-03   2.380171e+00   2.728164e+00   7.781499e+00     3.0588e-01   1.396854e-02   3.478050e+00
   5.424850e-03   2.378716e+00   2.725808e+00   7.780699e+00     3.0572e-01   1.395381e-02   3.483228e+00
   5.442725e-03   2.377267e+00   2.723479e+00   7.780163e+00     3.0555e-01   1.393684e-02   3.488402e+00
   5.460601e-03   2.375825e+00   2.721226e+00   7.772628e+00     3.0567e-01   1.398217e-02   3.493416e+00
   5.478477e-03   2.374390e+00   2.718896e+00   7.771489e+00     3.0553e-01   1.397103e-02   3.498633e+00
   5.496353e-03   2.372961e+00   2.716584e+00   7.770653e+00     3.0537e-01   1.395744e-02   3.503882e+00
   5.514228e-03   2.371538e+00   2.714301e+00   7.770151e+00     3.0521e-01   1.394101e-02   3.509132e+00
   5.532104e-03   2.370122e+00   2.712085e+00   7.762559e+00     3.0533e-01   1.398776e-02   3.514218e+00
   5.549980e-03   2.368711e+00   2.709799e+00   7.761472e+00     3.0519e-01   1.397701e-02   3.519514e+00
   5.567856e-03   2.367308e+00   2.707531e+00   7.760670e+00     3.0504e-01   1.396394e-02   3.524841e+00
   5.585731e-03   2.365910e+00   2.705290e+00   7.760160e+00     3.0488e-01   1.394839e-02   3.530166e+00
   5.603607e-03   2.364519e+00   2.703117e+00   7.752658e+00     3.0499e-01   1.399526e-02   3.535324e+00
   5.621483e-03   2.363133e+00   2.700875e+00   7.751604e+00     3.0486e-01   1.398501e-02   3.540693e+00
   5.639359e-03   2.361754e+00   2.698649e+00   7.750750e+00     3.0471e-01   1.397319e-02   3.546089e+00
   5.657234e-03   2.360381e+00   2.696448e+00   7.750233e+00     3.0456e-01   1.395850e-02   3.551489e+00
   5.692986e-03   2.357654e+00   2.692117e+00   7.741813e+00     3.0454e-01   1.399554e-02   3.562147e+00
   5.710862e-03   2.356299e+00   2.689931e+00   7.740925e+00     3.0440e-01   1.398480e-02   3.567611e+00
   5.728737e-03   2.354950e+00   2.687769e+00   7.740362e+00     3.0424e-01   1.397130e-02   3.573085e+00
   5.746613e-03   2.353607e+00   2.685633e+00   7.740049e+00     3.0408e-01   1.395564e-02   3.578549e+00
   5.764489e-03   2.352270e+00   2.683525e+00   7.732151e+00     3.0422e-01   1.400806e-02   3.583868e+00
   5.782365e-03   2.350940e+00   2.681379e+00   7.731244e+00     3.0408e-01   1.399823e-02   3.589395e+00
   5.800240e-03   2.349615e+00   2.679250e+00   7.730539e+00     3.0394e-01   1.398675e-02   3.594936e+00
   5.818116e-03   2.348295e+00   2.677148e+00   7.730146e+00     3.0378e-01   1.397256e-02   3.600475e+00
   5.835992e-03   2.346982e+00   2.675040e+00   7.730002e+00     3.0362e-01   1.395624e-02   3.606005e+00
   5.853868e-03   2.345674e+00   2.672983e+00   7.721565e+00     3.0378e-01   1.401460e-02   3.611417e+00
   5.871743e-03   2.344373e+00   2.670892e+00   7.720867e+00     3.0364e-01   1.400381e-02   3.617030e+00
   5.889619e-03   2.343077e+00   2.668820e+00   7.720309e+00     3.0350e-01   1.399186e-02   3.622639e+00
   5.907495e-03   2.341786e+00   2.666765e+00   7.720051e+00     3.0334e-01   1.397729e-02   3.628241e+00
   5.925371e-03   2.340502e+00   2.664749e+00   7.712215e+00     3.0348e-01   1.403100e-02   3.633694e+00
   5.943246e-03   2.339223e+00   2.662691e+00   7.711291e+00     3.0335e-01   1.402289e-02   3.639349e+00
   5.961122e-03   2.337949e+00   2.660650e+00   7.710608e+00     3.0321e-01   1.401278e-02   3.645025e+00
   5.978998e-03   2.336682e+00   2.658634e+00   7.710228e+00     3.0306e-01   1.400004e-02   3.650700e+00
   5.996874e-03   2.335420e+00   2.656609e+00   7.710014e+00     3.0291e-01   1.398587e-02   3.656366e+00
   6.014749e-03   2.334163e+00   2.654644e+00   7.701945e+00     3.0306e-01   1.404270e-02   3.661893e+00
   6.032625e-03   2.332912e+00   2.652638e+00   7.701163e+00     3.0293e-01   1.403416e-02   3.667625e+00
   6.050501e-03   2.331666e+00   2.650647e+00   7.700533e+00     3.0279e-01   1.402437e-02   3.673364e+00
   6.068377e-03   2.330426e+00   2.648679e+00   7.700168e+00     3.0265e-01   1.401228e-02   3.679101e+00
   6.086253e-03   2.329192e+00   2.646691e+00   7.700007e+00     3.0249e-01   1.399842e-02   3.684830e+00
   6.104128e-03   2.327962e+00   2.644775e+00   7.691879e+00     3.0265e-01   1.405677e-02   3.690428e+00
   6.122004e-03   2.326738e+00   2.642814e+00   7.691090e+00     3.0252e-01   1.404906e-02   3.696220e+00
   6.139880e-03   2.325520e+00   2.640872e+00   7.690546e+00     3.0239e-01   1.403929e-02   3.702024e+00
   6.157756e-03   2.324307e+00   2.638944e+00   7.690176e+00     3.0224e-01   1.402801e-02   3.707823e+00
   6.175631e-03   2.323099e+00   2.637000e+00   7.690007e+00     3.0209e-01   1.401499e-02   3.713613e+00
   6.193507e-03   2.321896e+00   2.635132e+00   7.681905e+00     3.0226e-01   1.407401e-02   3.719266e+00
   6.211383e-03   2.320699e+00   2.633217e+00   7.681172e+00     3.0213e-01   1.406657e-02   3.725121e+00
   6.229259e-03   2.319507e+00   2.631318e+00   7.680599e+00     3.0200e-01   1.405780e-02   3.730984e+00
   6.247134e-03   2.318320e+00   2.629432e+00   7.680209e+00     3.0186e-01   1.404746e-02   3.736844e+00
   6.265010e-03   2.317138e+00   2.627532e+00   7.680016e+00     3.0171e-01   1.403540e-02   3.742696e+00
   6.282886e-03   2.315962e+00   2.625711e+00   7.672175e+00     3.0187e-01   1.409295e-02   3.748404e+00
   6.300762e-03   2.314790e+00   2.623838e+00   7.671345e+00     3.0175e-01   1.408709e-02   3.754304e+00
   6.318637e-03   2.313624e+00   2.621981e+00   7.670743e+00     3.0162e-01   1.407931e-02   3.760225e+00
   6.336513e-03   2.312462e+00   2.620141e+00   7.670302e+00     3.0148e-01   1.407017e-02   3.766145e+00
   6.354389e-03   2.311306e+00   2.618282e+00   7.670081e+00     3.0134e-01   1.405910e-02   3.772059e+00
   6.372265e-03   2.310155e+00   2.616503e+00   7.662511e+00     3.0149e-01   1.411501e-02   3.777807e+00
   6.390140e-03   2.309009e+00   2.614673e+00   7.661699e+00     3.0137e-01   1.410968e-02   3.783758e+00
   6.408016e-03   2.307868e+00   2.612855e+00   7.661005e+00     3.0125e-01   1.410344e-02   3.789727e+00
   6.425892e-03   2.306731e+00   2.611054e+00   7.660517e+00     3.0112e-01   1.409543e-02   3.795706e+00
   6.443768e-03   2.305600e+00   2.609244e+00   7.660177e+00     3.0099e-01   1.408616e-02   3.801679e+00
   6.461643e-03   2.304474e+00   2.607441e+00   7.660023e+00     3.0084e-01   1.407525e-02   3.807646e+00
   6.479519e-03   2.303352e+00   2.605718e+00   7.652236e+00     3.0100e-01   1.413420e-02   3.813469e+00
   6.497395e-03   2.302235e+00   2.603938e+00   7.651431e+00     3.0089e-01   1.412961e-02   3.819476e+00
   6.515271e-03   2.301123e+00   2.602172e+00   7.650839e+00     3.0077e-01   1.412323e-02   3.825505e+00
   6.533146e-03   2.300016e+00   2.600414e+00   7.650402e+00     3.0064e-01   1.411554e-02   3.831537e+00
   6.551022e-03   2.298914e+00   2.598646e+00   7.650121e+00     3.0051e-01   1.410648e-02   3.837563e+00
   6.568898e-03   2.297816e+00   2.596896e+00   7.650011e+00     3.0037e-01   1.409593e-02   3.843583e+00
   6.586774e-03   2.296723e+00   2.595223e+00   7.642028e+00     3.0054e-01   1.415764e-02   3.849456e+00
   6.604649e-03   2.295635e+00   2.593496e+00   7.641407e+00     3.0042e-01   1.415218e-02   3.855532e+00
   6.622525e-03   2.294552e+00   2.591777e+00   7.640806e+00     3.0030e-01   1.414664e-02   3.861611e+00
   6.640401e-03   2.293473e+00   2.590057e+00   7.640389e+00     3.0018e-01   1.413951e-02   3.867694e+00
   6.658277e-03   2.292399e+00   2.588338e+00   7.640137e+00     3.0005e-01   1.413093e-02   3.873772e+00
   6.676152e-03   2.291330e+00   2.586636e+00   7.640013e+00     2.9991e-01   1.412124e-02   3.879845e+00
   6.694028e-03   2.290265e+00   2.585013e+00   7.632121e+00     3.0008e-01   1.418307e-02   3.885770e+00
   6.711904e-03   2.289204e+00   2.583330e+00   7.631425e+00     2.9997e-01   1.417901e-02   3.891887e+00
   6.729780e-03   2.288148e+00   2.581658e+00   7.630864e+00     2.9985e-01   1.417384e-02   3.898018e+00
   6.747655e-03   2.287097e+00   2.579982e+00   7.630468e+00     2.9973e-01   1.416724e-02   3.904152e+00
   6.765531e-03   2.286050e+00   2.578308e+00   7.630184e+00     2.9961e-01   1.415967e-02   3.910281e+00
   6.783407e-03   2.285008e+00   2.576651e+00   7.630032e+00     2.9948e-01   1.415096e-02   3.916405e+00
   6.801283e-03   2.283970e+00   2.575076e+00   7.622423e+00     2.9964e-01   1.421110e-02   3.922378e+00
   6.819158e-03   2.282937e+00   2.573437e+00   7.621669e+00     2.9953e-01   1.420824e-02   3.928529e+00
   6.837034e-03   2.281908e+00   2.571809e+00   7.621068e+00     2.9942e-01   1.420413e-02   3.934703e+00
   6.854910e-03   2.280883e+00   2.570179e+00   7.620638e+00     2.9930e-01   1.419854e-02   3.940885e+00
   6.872786e-03   2.279863e+00   2.568548e+00   7.620288e+00     2.9918e-01   1.419229e-02   3.947064e+00
   6.890661e-03   2.278847e+00   2.566933e+00   7.620102e+00     2.9906e-01   1.418458e-02   3.953238e+00
   6.908537e-03   2.277836e+00   2.565331e+00   7.620005e+00     2.9893e-01   1.417612e-02   3.959408e+00
   6.926413e-03   2.276829e+00   2.563808e+00   7.612061e+00     2.9911e-01   1.424039e-02   3.965431e+00
   6.944289e-03   2.275826e+00   2.562221e+00   7.611403e+00     2.9900e-01   1.423746e-02   3.971641e+00
   6.962164e-03   2.274827e+00   2.560641e+00   7.610958e+00     2.9889e-01   1.423269e-02   3.977869e+00
   6.980040e-03   2.273832e+00   2.559051e+00   7.610537e+00     2.9877e-01   1.422776e-02   3.984094e+00
   6.997916e-03   2.272842e+00   2.557474e+00   7.610241e+00     2.9866e-01   1.422175e-02   3.990317e+00
   7.015792e-03   2.271856e+00   2.555911e+00   7.610063e+00     2.9853e-01   1.421471e-02   3.996535e+00
   7.051543e-03   2.269897e+00   2.552890e+00   7.602009e+00     2.9859e-01   1.427239e-02   4.008822e+00
   7.069419e-03   2.268923e+00   2.551354e+00   7.601441e+00     2.9849e-01   1.426937e-02   4.015081e+00
   7.087295e-03   2.267954e+00   2.549810e+00   7.600920e+00     2.9838e-01   1.426602e-02   4.021345e+00
   7.105170e-03   2.266989e+00   2.548271e+00   7.600545e+00     2.9827e-01   1.426140e-02   4.027615e+00
   7.123046e-03   2.266027e+00   2.546744e+00   7.600270e+00     2.9815e-01   1.425591e-02   4.033881e+00
   7.140922e-03   2.265070e+00   2.545229e+00   7.600087e+00     2.9803e-01   1.424962e-02   4.040142e+00
   7.158798e-03   2.264117e+00   2.543728e+00   7.600003e+00     2.9791e-01   1.424248e-02   4.046399e+00
   7.176673e-03   2.263168e+00   2.542307e+00   7.592181e+00     2.9809e-01   1.430759e-02   4.052509e+00
   7.194549e-03   2.262223e+00   2.540817e+00   7.591560e+00     2.9799e-01   1.430575e-02   4.058800e+00
   7.212425e-03   2.261282e+00   2.539317e+00   7.591071e+00     2.9789e-01   1.430281e-02   4.065105e+00
   7.230301e-03   2.260345e+00   2.537825e+00   7.590675e+00     2.9778e-01   1.429908e-02   4.071414e+00
   7.248176e-03   2.259412e+00   2.536343e+00   7.590347e+00     2.9767e-01   1.429478e-02   4.077721e+00
   7.266052e-03   2.258482e+00   2.534873e+00   7.590139e+00     2.9755e-01   1.428941e-02   4.084025e+00
   7.283928e-03   2.257557e+00   2.533416e+00   7.590033e+00     2.9744e-01   1.428316e-02   4.090324e+00
   7.301804e-03   2.256635e+00   2.532047e+00   7.582558e+00     2.9761e-01   1.434593e-02   4.096463e+00
   7.319679e-03   2.255718e+00   2.530602e+00   7.581913e+00     2.9751e-01   1.434496e-02   4.102780e+00
   7.337555e-03   2.254804e+00   2.529149e+00   7.581390e+00     2.9741e-01   1.434299e-02   4.109117e+00
   7.355431e-03   2.253894e+00   2.527701e+00   7.580948e+00     2.9731e-01   1.434035e-02   4.115462e+00
   7.373307e-03   2.252988e+00   2.526263e+00   7.580598e+00     2.9720e-01   1.433693e-02   4.121808e+00
   7.391182e-03   2.252086e+00   2.524834e+00   7.580305e+00     2.9710e-01   1.433302e-02   4.128151e+00
   7.409058e-03   2.251187e+00   2.523418e+00   7.580119e+00     2.9699e-01   1.432818e-02   4.134491e+00
   7.426934e-03   2.250292e+00   2.522013e+00   7.580025e+00     2.9687e-01   1.432253e-02   4.140827e+00
   7.444810e-03   2.249401e+00   2.520696e+00   7.572493e+00     2.9705e-01   1.438683e-02   4.146997e+00
   7.462685e-03   2.248514e+00   2.519293e+00   7.571878e+00     2.9696e-01   1.438632e-02   4.153352e+00
   7.480561e-03   2.247630e+00   2.517889e+00   7.571418e+00     2.9686e-01   1.438448e-02   4.159728e+00
   7.498437e-03   2.246750e+00   2.516492e+00   7.571002e+00     2.9676e-01   1.438232e-02   4.166107e+00
   7.516313e-03   2.245874e+00   2.515104e+00   7.570632e+00     2.9666e-01   1.437978e-02   4.172486e+00
   7.534188e-03   2.245001e+00   2.513726e+00   7.570371e+00     2.9655e-01   1.437628e-02   4.178865e+00
   7.552064e-03   2.244132e+00   2.512358e+00   7.570178e+00     2.9644e-01   1.437221e-02   4.185239e+00
   7.569940e-03   2.243267e+00   2.511001e+00   7.570044e+00     2.9633e-01   1.436762e-02   4.191610e+00
   7.587816e-03   2.242405e+00   2.509734e+00   7.562653e+00     2.9651e-01   1.443153e-02   4.197798e+00
   7.605691e-03   2.241547e+00   2.508376e+00   7.562083e+00     2.9642e-01   1.443129e-02   4.204185e+00
   7.623567e-03   2.240692e+00   2.507021e+00   7.561619e+00     2.9632e-01   1.443016e-02   4.210590e+00
   7.641443e-03   2.239841e+00   2.505672e+00   7.561174e+00     2.9623e-01   1.442894e-02   4.216997e+00
   7.659319e-03   2.238994e+00   2.504332e+00   7.560856e+00     2.9613e-01   1.442660e-02   4.223411e+00
   7.677194e-03   2.238150e+00   2.503001e+00   7.560552e+00     2.9603e-01   1.442419e-02   4.229821e+00
   7.695070e-03   2.237309e+00   2.501677e+00   7.560282e+00     2.9593e-01   1.442151e-02   4.236228e+00
   7.712946e-03   2.236472e+00   2.500364e+00   7.560133e+00     2.9582e-01   1.441773e-02   4.242633e+00
   7.730822e-03   2.235638e+00   2.499061e+00   7.560033e+00     2.9572e-01   1.441354e-02   4.249033e+00
   7.748697e-03   2.234808e+00   2.497838e+00   7.552618e+00     2.9590e-01   1.447874e-02   4.255259e+00
   7.766573e-03   2.233981e+00   2.496530e+00   7.552123e+00     2.9581e-01   1.447853e-02   4.261680e+00
   7.784449e-03   2.233158e+00   2.495228e+00   7.551677e+00     2.9572e-01   1.447795e-02   4.268110e+00
   7.802325e-03   2.232338e+00   2.493932e+00   7.551230e+00     2.9563e-01   1.447745e-02   4.274541e+00
   7.820200e-03   2.231522e+00   2.492643e+00   7.550867e+00     2.9553e-01   1.447624e-02   4.280979e+00
   7.838076e-03   2.230708e+00   2.491363e+00   7.550560e+00     2.9544e-01   1.447455e-02   4.287416e+00
   7.855952e-03   2.229899e+00   2.490091e+00   7.550346e+00     2.9534e-01   1.447204e-02   4.293852e+00
   7.873828e-03   2.229092e+00   2.488828e+00   7.550173e+00     2.9524e-01   1.446918e-02   4.300284e+00
   7.891703e-03   2.228289e+00   2.487575e+00   7.550068e+00     2.9513e-01   1.446573e-02   4.306713e+00
   7.909579e-03   2.227489e+00   2.486330e+00   7.550008e+00     2.9503e-01   1.446190e-02   4.313139e+00
   7.927455e-03   2.226692e+00   2.485141e+00   7.542362e+00     2.9522e-01   1.453045e-02   4.319402e+00
   7.945331e-03   2.225899e+00   2.483889e+00   7.541908e+00     2.9514e-01   1.453061e-02   4.325851e+00
   7.963206e-03   2.225109e+00   2.482643e+00   7.541462e+00     2.9505e-01   1.453077e-02   4.332304e+00
   7.981082e-03   2.224322e+00   2.481404e+00   7.541102e+00     2.9496e-01   1.453020e-02   4.338764e+00
   7.998958e-03   2.223538e+00   2.480172e+00   7.540792e+00     2.9487e-01   1.452921e-02   4.345226e+00
   8.016834e-03   2.222758e+00   2.478947e+00   7.540525e+00     2.9477e-01   1.452786e-02   4.351686e+00
   8.034709e-03   2.221981e+00   2.477730e+00   7.540297e+00     2.9468e-01   1.452620e-02   4.358143e+00
   8.052585e-03   2.221207e+00   2.476521e+00   7.540157e+00     2.9458e-01   1.452374e-02   4.364598e+00
   8.070461e-03   2.220436e+00   2.475321e+00   7.540067e+00     2.9448e-01   1.452086e-02   4.371049e+00
   8.088337e-03   2.219668e+00   2.474130e+00   7.540009e+00     2.9439e-01   1.451771e-02   4.377497e+00
   8.106212e-03   2.218904e+00   2.472984e+00   7.532408e+00     2.9458e-01   1.458690e-02   4.383780e+00
   8.124088e-03   2.218142e+00   2.471786e+00   7.531982e+00     2.9450e-01   1.458750e-02   4.390249e+00
   8.141964e-03   2.217384e+00   2.470593e+00   7.531551e+00     2.9441e-01   1.458822e-02   4.396720e+00
   8.159840e-03   2.216629e+00   2.469405e+00   7.531134e+00     2.9433e-01   1.458888e-02   4.403194e+00
   8.177715e-03   2.215876e+00   2.468227e+00   7.530889e+00     2.9424e-01   1.458796e-02   4.409679e+00
   8.195591e-03   2.215127e+00   2.467053e+00   7.530625e+00     2.9415e-01   1.458728e-02   4.416158e+00
   8.213467e-03   2.214381e+00   2.465886e+00   7.530393e+00     2.9406e-01   1.458633e-02   4.422635e+00
   8.231343e-03   2.213638e+00   2.464728e+00   7.530255e+00     2.9397e-01   1.458453e-02   4.429110e+00
   8.249218e-03   2.212898e+00   2.463576e+00   7.530105e+00     2.9387e-01   1.458289e-02   4.435581e+00
   8.267094e-03   2.212161e+00   2.462433e+00   7.530036e+00     2.9378e-01   1.458052e-02   4.442049e+00
   8.284970e-03   2.211427e+00   2.461298e+00   7.530005e+00     2.9368e-01   1.457784e-02   4.448514e+00
   8.302846e-03   2.210696e+00   2.460193e+00   7.522304e+00     2.9389e-01   1.464911e-02   4.454812e+00
   8.320721e-03   2.209968e+00   2.459051e+00   7.521935e+00     2.9380e-01   1.464990e-02   4.461300e+00
   8.338597e-03   2.209243e+00   2.457914e+00   7.521577e+00     2.9372e-01   1.465065e-02   4.467791e+00
   8.356473e-03   2.208521e+00   2.456782e+00   7.521228e+00     2.9364e-01   1.465136e-02   4.474281e+00
   8.374349e-03   2.207801e+00   2.455656e+00   7.520898e+00     2.9356e-01   1.465196e-02   4.480773e+00
   8.392224e-03   2.207085e+00   2.454537e+00   7.520680e+00     2.9347e-01   1.465154e-02   4.487268e+00
   8.410100e-03   2.206372e+00   2.453424e+00   7.520469e+00     2.9338e-01   1.465108e-02   4.493759e+00
   8.427976e-03   2.205661e+00   2.452317e+00   7.520287e+00     2.9329e-01   1.465040e-02   4.500247e+00
   8.445852e-03   2.204953e+00   2.451218e+00   7.520153e+00     2.9321e-01   1.464929e-02   4.506732e+00
   8.463727e-03   2.204248e+00   2.450128e+00   7.520076e+00     2.9312e-01   1.464768e-02   4.513214e+00
   8.481603e-03   2.203546e+00   2.449043e+00   7.520021e+00     2.9302e-01   1.464590e-02   4.519693e+00
   8.499479e-03   2.202847e+00   2.447990e+00   7.512635e+00     2.9322e-01   1.471520e-02   4.526000e+00
   8.517355e-03   2.202151e+00   2.446899e+00   7.512190e+00     2.9314e-01   1.471737e-02   4.532482e+00
   8.535230e-03   2.201457e+00   2.445815e+00   7.511879e+00     2.9306e-01   1.471833e-02   4.538984e+00
   8.553106e-03   2.200767e+00   2.444734e+00   7.511527e+00     2.9299e-01   1.471974e-02   4.545481e+00
   8.570982e-03   2.200079e+00   2.443659e+00   7.511209e+00     2.9291e-01   1.472087e-02   4.551981e+00
   8.588858e-03   2.199393e+00   2.442590e+00   7.510940e+00     2.9283e-01   1.472160e-02   4.558483e+00
   8.606733e-03   2.198711e+00   2.441527e+00   7.510708e+00     2.9274e-01   1.472200e-02   4.564984e+00
   8.624609e-03   2.198031e+00   2.440469e+00   7.510485e+00     2.9266e-01   1.472237e-02   4.571482e+00
   8.642485e-03   2.197354e+00   2.439419e+00   7.510339e+00     2.9258e-01   1.472203e-02   4.577978e+00
   8.660361e-03   2.196680e+00   2.438374e+00   7.510205e+00     2.9249e-01   1.472162e-02   4.584471e+00
   8.678236e-03   2.196009e+00   2.437335e+00   7.510102e+00     2.9241e-01   1.472095e-02   4.590961e+00
   8.696112e-03   2.195340e+00   2.436298e+00   7.510032e+00     2.9232e-01   1.472000e-02   4.597447e+00
   8.713988e-03   2.194674e+00   2.435256e+00   7.510010e+00     2.9223e-01   1.471862e-02   4.603931e+00
   8.731864e-03   2.194010e+00   2.434264e+00   7.502447e+00     2.9244e-01   1.479084e-02   4.610235e+00
   8.749739e-03   2.193349e+00   2.433233e+00   7.502081e+00     2.9237e-01   1.479299e-02   4.616730e+00
   8.767615e-03   2.192691e+00   2.432207e+00   7.501769e+00     2.9229e-01   1.479468e-02   4.623232e+00
   8.785491e-03   2.192035e+00   2.431186e+00   7.501501e+00     2.9221e-01   1.479601e-02   4.629737e+00
   8.803367e-03   2.191383e+00   2.430167e+00   7.501166e+00     2.9214e-01   1.479803e-02   4.636236e+00
   8.821242e-03   2.190732e+00   2.429156e+00   7.500927e+00     2.9206e-01   1.479917e-02   4.642739e+00
   8.839118e-03   2.190084e+00   2.428150e+00   7.500748e+00     2.9198e-01   1.479977e-02   4.649244e+00
   8.856994e-03   2.189439e+00   2.427149e+00   7.500561e+00     2.9190e-01   1.480049e-02   4.655743e+00
   8.874870e-03   2.188797e+00   2.426153e+00   7.500382e+00     2.9182e-01   1.480117e-02   4.662240e+00
   8.892745e-03   2.188157e+00   2.425163e+00   7.500263e+00     2.9174e-01   1.480131e-02   4.668734e+00
   8.910621e-03   2.187519e+00   2.424179e+00   7.500142e+00     2.9166e-01   1.480150e-02   4.675224e+00
   8.928497e-03   2.186884e+00   2.423189e+00   7.500076e+00     2.9158e-01   1.480119e-02   4.681711e+00
   8.946373e-03   2.186252e+00   2.422203e+00   7.500031e+00     2.9150e-01   1.480071e-02   4.688195e+00
   8.964248e-03   2.185622e+00   2.421222e+00   7.500005e+00     2.9142e-01   1.480010e-02   4.694677e+00
   8.982124e-03   2.184995e+00   2.420294e+00   7.492397e+00     2.9163e-01   1.487398e-02   4.700974e+00
   9.000000e-03   2.184370e+00   2.419322e+00   7.492103e+00     2.9156e-01   1.487616e-02   4.707470e+00
