           rhoc              M             Mb              R              C             kl            lam
   2.766333e-04   1.245010e-01   1.255091e-01   1.717671e+01     7.2482e-03   2.602901e-03   8.673658e+07
   2.945090e-04   1.333867e-01   1.345558e-01   1.558844e+01     8.5568e-03   4.129484e-03   6.001435e+07
   3.123848e-04   1.423009e-01   1.436446e-01   1.444311e+01     9.8525e-03   5.970383e-03   4.287226e+07
   3.302605e-04   1.512805e-01   1.528117e-01   1.353112e+01     1.1180e-02   8.204841e-03   3.131350e+07
   3.481363e-04   1.603783e-01   1.621119e-01   1.283144e+01     1.2499e-02   1.063487e-02   2.324288e+07
   3.660120e-04   1.696695e-01   1.716226e-01   1.222457e+01     1.3879e-02   1.348211e-02   1.745082e+07
   3.838878e-04   1.792333e-01   1.814269e-01   1.175050e+01     1.5253e-02   1.635674e-02   1.320666e+07
   4.017635e-04   1.891516e-01   1.916092e-01   1.131143e+01     1.6722e-02   1.970619e-02   1.004729e+07
   4.196393e-04   1.995004e-01   2.022496e-01   1.094294e+01     1.8231e-02   2.316853e-02   7.669357e+06
   4.375150e-04   2.103519e-01   2.134248e-01   1.062089e+01     1.9805e-02   2.681326e-02   5.865850e+06
   4.553908e-04   2.217791e-01   2.252126e-01   1.033210e+01     2.1465e-02   3.069428e-02   4.490618e+06
   4.732665e-04   2.338553e-01   2.376922e-01   1.007319e+01     2.3216e-02   3.477997e-02   3.438244e+06
   4.911423e-04   2.466397e-01   2.509282e-01   9.840911e+00     2.5063e-02   3.904183e-02   2.632087e+06
   5.090180e-04   2.601754e-01   2.649699e-01   9.630771e+00     2.7015e-02   4.348773e-02   2.014884e+06
   5.268938e-04   2.745013e-01   2.798625e-01   9.460025e+00     2.9017e-02   4.760249e-02   1.542685e+06
   5.447695e-04   2.896525e-01   2.956486e-01   9.291987e+00     3.1172e-02   5.217111e-02   1.181669e+06
   5.805210e-04   3.225330e-01   3.300299e-01   9.013351e+00     3.5784e-02   6.118471e-02   6.952041e+05
   5.983968e-04   3.402744e-01   3.486507e-01   8.900400e+00     3.8231e-02   6.548992e-02   5.345452e+05
   6.162725e-04   3.588732e-01   3.682261e-01   8.792929e+00     4.0814e-02   6.998835e-02   4.120001e+05
   6.341483e-04   3.783128e-01   3.887432e-01   8.701140e+00     4.3479e-02   7.422356e-02   3.184758e+05
   6.520240e-04   3.985698e-01   4.101873e-01   8.621800e+00     4.6228e-02   7.822462e-02   2.470132e+05
   6.698998e-04   4.196140e-01   4.325334e-01   8.552954e+00     4.9061e-02   8.199124e-02   1.923122e+05
   6.877756e-04   4.414088e-01   4.557493e-01   8.491265e+00     5.1984e-02   8.561070e-02   1.503466e+05
   7.056513e-04   4.639119e-01   4.797985e-01   8.440262e+00     5.4964e-02   8.883864e-02   1.180627e+05
   7.235271e-04   4.870765e-01   5.046412e-01   8.391340e+00     5.8045e-02   9.206502e-02   9.314809e+04
   7.414028e-04   5.108521e-01   5.302269e-01   8.350990e+00     6.1173e-02   9.489521e-02   7.385281e+04
   7.771543e-04   5.600171e-01   5.834230e-01   8.290003e+00     6.7553e-02   9.948019e-02   4.714248e+04
   7.950301e-04   5.852909e-01   6.109252e-01   8.261748e+00     7.0843e-02   1.016126e-01   3.796271e+04
   8.129058e-04   6.109488e-01   6.389484e-01   8.240918e+00     7.4136e-02   1.032401e-01   3.073344e+04
   8.307816e-04   6.369391e-01   6.674476e-01   8.221619e+00     7.7471e-02   1.047010e-01   2.501248e+04
   8.486573e-04   6.632111e-01   6.963706e-01   8.203739e+00     8.0843e-02   1.059883e-01   2.046290e+04
   8.665331e-04   6.897144e-01   7.256619e-01   8.192067e+00     8.4193e-02   1.067784e-01   1.682726e+04
   8.844088e-04   7.163994e-01   7.552739e-01   8.181381e+00     8.7565e-02   1.073969e-01   1.390777e+04
   9.022846e-04   7.432177e-01   7.851569e-01   8.171223e+00     9.0955e-02   1.078690e-01   1.155210e+04
   9.201603e-04   7.701219e-01   8.152625e-01   8.162384e+00     9.4350e-02   1.081398e-01   9.642327e+03
   9.380361e-04   7.970664e-01   8.455306e-01   8.160033e+00     9.7679e-02   1.078655e-01   8.086832e+03
   9.559118e-04   8.240072e-01   8.759301e-01   8.150665e+00     1.0110e-01   1.079405e-01   6.814022e+03
   9.737876e-04   8.509063e-01   9.064063e-01   8.150003e+00     1.0441e-01   1.073277e-01   5.767674e+03
   9.916633e-04   8.777302e-01   9.369334e-01   8.141143e+00     1.0781e-01   1.071460e-01   4.903503e+03
   1.009539e-03   9.044474e-01   9.674606e-01   8.140120e+00     1.1111e-01   1.063440e-01   4.186577e+03
   1.027415e-03   9.310284e-01   9.979740e-01   8.132296e+00     1.1449e-01   1.058857e-01   3.589198e+03
   1.081042e-03   1.009686e+00   1.089024e+00   8.122473e+00     1.2431e-01   1.030714e-01   2.315024e+03
   1.098918e-03   1.035464e+00   1.119115e+00   8.120925e+00     1.2751e-01   1.018620e-01   2.014991e+03
   1.116794e-03   1.060986e+00   1.149037e+00   8.120257e+00     1.3066e-01   1.005293e-01   1.759959e+03
   1.134669e-03   1.086232e+00   1.178778e+00   8.112758e+00     1.3389e-01   9.955329e-02   1.542391e+03
   1.152545e-03   1.111186e+00   1.208284e+00   8.110836e+00     1.3700e-01   9.817463e-02   1.356132e+03
   1.170421e-03   1.135834e+00   1.237556e+00   8.110210e+00     1.4005e-01   9.666746e-02   1.196121e+03
   1.188297e-03   1.160163e+00   1.266590e+00   8.103114e+00     1.4317e-01   9.549770e-02   1.058197e+03
   1.224048e-03   1.207818e+00   1.323784e+00   8.100112e+00     1.4911e-01   9.238001e-02   8.354766e+02
   1.241924e-03   1.231125e+00   1.351955e+00   8.091964e+00     1.5214e-01   9.114998e-02   7.454600e+02
   1.259800e-03   1.254074e+00   1.379788e+00   8.090353e+00     1.5501e-01   8.952337e-02   6.669094e+02
   1.277675e-03   1.276658e+00   1.407317e+00   8.082153e+00     1.5796e-01   8.823709e-02   5.981671e+02
   1.295551e-03   1.298871e+00   1.434483e+00   8.080446e+00     1.6074e-01   8.657691e-02   5.378449e+02
   1.313427e-03   1.320709e+00   1.461325e+00   8.072166e+00     1.6361e-01   8.525308e-02   4.847680e+02
   1.331303e-03   1.342167e+00   1.487784e+00   8.070226e+00     1.6631e-01   8.358279e-02   4.379473e+02
   1.349178e-03   1.363242e+00   1.513902e+00   8.061344e+00     1.6911e-01   8.226321e-02   3.965402e+02
   1.367054e-03   1.383931e+00   1.539626e+00   8.060009e+00     1.7170e-01   8.055408e-02   3.598336e+02
   1.384930e-03   1.404231e+00   1.564985e+00   8.050441e+00     1.7443e-01   7.925457e-02   3.272193e+02
   1.402806e-03   1.424138e+00   1.589960e+00   8.041579e+00     1.7710e-01   7.791489e-02   2.981776e+02
   1.420681e-03   1.443651e+00   1.614539e+00   8.033059e+00     1.7971e-01   7.655679e-02   2.722617e+02
   1.438557e-03   1.462767e+00   1.638683e+00   8.030277e+00     1.8216e-01   7.493199e-02   2.490884e+02
   1.474309e-03   1.499805e+00   1.685801e+00   8.011887e+00     1.8720e-01   7.230206e-02   2.096811e+02
   1.492184e-03   1.517728e+00   1.708734e+00   8.002684e+00     1.8965e-01   7.099700e-02   1.929114e+02
   1.510060e-03   1.535253e+00   1.731245e+00   7.993539e+00     1.9206e-01   6.969838e-02   1.777983e+02
   1.527936e-03   1.552382e+00   1.753299e+00   7.990156e+00     1.9429e-01   6.816462e-02   1.641538e+02
   1.545812e-03   1.569118e+00   1.774959e+00   7.980444e+00     1.9662e-01   6.691746e-02   1.518120e+02
   1.563687e-03   1.585461e+00   1.796191e+00   7.970582e+00     1.9891e-01   6.568942e-02   1.406295e+02
   1.581563e-03   1.601415e+00   1.816996e+00   7.960861e+00     2.0116e-01   6.446969e-02   1.304802e+02
   1.599439e-03   1.616983e+00   1.837374e+00   7.951134e+00     2.0337e-01   6.326559e-02   1.212534e+02
   1.617315e-03   1.632169e+00   1.857320e+00   7.941144e+00     2.0553e-01   6.208811e-02   1.128515e+02
   1.635190e-03   1.646975e+00   1.876841e+00   7.931290e+00     2.0766e-01   6.092234e-02   1.051888e+02
   1.670942e-03   1.675466e+00   1.914601e+00   7.911128e+00     2.1179e-01   5.866191e-02   9.178650e+01
   1.688818e-03   1.689159e+00   1.932846e+00   7.901050e+00     2.1379e-01   5.755953e-02   8.592060e+01
   1.706693e-03   1.702490e+00   1.950667e+00   7.890786e+00     2.1576e-01   5.648318e-02   8.053903e+01
   1.724569e-03   1.715464e+00   1.968071e+00   7.880595e+00     2.1768e-01   5.542381e-02   7.559489e+01
   1.742445e-03   1.728085e+00   1.985059e+00   7.870372e+00     2.1957e-01   5.438545e-02   7.104646e+01
   1.760321e-03   1.740359e+00   2.001636e+00   7.860218e+00     2.2141e-01   5.336491e-02   6.685649e+01
   1.778196e-03   1.752291e+00   2.017805e+00   7.850037e+00     2.2322e-01   5.236569e-02   6.299170e+01
   1.796072e-03   1.763886e+00   2.033613e+00   7.833247e+00     2.2518e-01   5.160392e-02   5.942213e+01
   1.813948e-03   1.775150e+00   2.048974e+00   7.822490e+00     2.2693e-01   5.066073e-02   5.612156e+01
   1.831824e-03   1.786089e+00   2.063937e+00   7.811733e+00     2.2864e-01   4.973758e-02   5.306576e+01
   1.849699e-03   1.796709e+00   2.078509e+00   7.801119e+00     2.3031e-01   4.882990e-02   5.023319e+01
   1.867575e-03   1.807014e+00   2.092693e+00   7.790631e+00     2.3195e-01   4.793845e-02   4.760449e+01
   1.885451e-03   1.817012e+00   2.106498e+00   7.780277e+00     2.3354e-01   4.706306e-02   4.516222e+01
   1.903327e-03   1.826707e+00   2.119928e+00   7.770044e+00     2.3510e-01   4.620418e-02   4.289063e+01
   1.921202e-03   1.836107e+00   2.133033e+00   7.752640e+00     2.3684e-01   4.557547e-02   4.077539e+01
   1.939078e-03   1.845216e+00   2.145719e+00   7.741669e+00     2.3835e-01   4.477441e-02   3.880387e+01
   1.956954e-03   1.854042e+00   2.158046e+00   7.730924e+00     2.3982e-01   4.398580e-02   3.696410e+01
   1.974830e-03   1.862591e+00   2.170023e+00   7.720443e+00     2.4125e-01   4.320861e-02   3.524541e+01
   1.992705e-03   1.870869e+00   2.181655e+00   7.710071e+00     2.4265e-01   4.244712e-02   3.363813e+01
   2.010581e-03   1.878883e+00   2.192999e+00   7.692757e+00     2.4424e-01   4.189251e-02   3.213337e+01
   2.046333e-03   1.894145e+00   2.214578e+00   7.670884e+00     2.4693e-01   4.048441e-02   2.940072e+01
   2.064208e-03   1.901404e+00   2.224887e+00   7.660356e+00     2.4821e-01   3.979538e-02   2.815879e+01
   2.082084e-03   1.908425e+00   2.234885e+00   7.650038e+00     2.4947e-01   3.911794e-02   2.699154e+01
   2.099960e-03   1.915211e+00   2.244629e+00   7.632552e+00     2.5093e-01   3.863807e-02   2.589342e+01
   2.117836e-03   1.921771e+00   2.254012e+00   7.621583e+00     2.5215e-01   3.800726e-02   2.485956e+01
   2.135711e-03   1.928108e+00   2.263098e+00   7.610702e+00     2.5334e-01   3.738984e-02   2.388522e+01
   2.153587e-03   1.934229e+00   2.271900e+00   7.600193e+00     2.5450e-01   3.677871e-02   2.296617e+01
   2.171463e-03   1.940140e+00   2.280481e+00   7.583068e+00     2.5585e-01   3.634072e-02   2.209847e+01
   2.189339e-03   1.945845e+00   2.288723e+00   7.572033e+00     2.5698e-01   3.576980e-02   2.127879e+01
   2.207214e-03   1.951350e+00   2.296691e+00   7.561082e+00     2.5808e-01   3.521106e-02   2.050369e+01
   2.225090e-03   1.956660e+00   2.304397e+00   7.550466e+00     2.5914e-01   3.465851e-02   1.977019e+01
   2.242966e-03   1.961780e+00   2.311848e+00   7.540077e+00     2.6018e-01   3.411458e-02   1.907551e+01
   2.278717e-03   1.971470e+00   2.326053e+00   7.511674e+00     2.6245e-01   3.323522e-02   1.779261e+01
   2.296593e-03   1.976050e+00   2.332755e+00   7.500910e+00     2.6344e-01   3.273687e-02   1.719990e+01
   2.314469e-03   1.980459e+00   2.339223e+00   7.490326e+00     2.6440e-01   3.224703e-02   1.663692e+01
   2.332345e-03   1.984702e+00   2.345467e+00   7.480044e+00     2.6533e-01   3.176295e-02   1.610179e+01
   2.350220e-03   1.988783e+00   2.351542e+00   7.462285e+00     2.6651e-01   3.144790e-02   1.559276e+01
   2.368096e-03   1.992706e+00   2.357332e+00   7.451445e+00     2.6743e-01   3.099711e-02   1.510831e+01
   2.385972e-03   1.996476e+00   2.362908e+00   7.440825e+00     2.6831e-01   3.055288e-02   1.464689e+01
   2.403848e-03   2.000098e+00   2.368275e+00   7.430288e+00     2.6918e-01   3.011793e-02   1.420712e+01
   2.421723e-03   2.003574e+00   2.373442e+00   7.420021e+00     2.7002e-01   2.968826e-02   1.378771e+01
   2.439599e-03   2.006909e+00   2.378471e+00   7.402358e+00     2.7112e-01   2.941555e-02   1.338745e+01
   2.457475e-03   2.010107e+00   2.383235e+00   7.391506e+00     2.7195e-01   2.901635e-02   1.300531e+01
   2.475351e-03   2.013171e+00   2.387808e+00   7.380875e+00     2.7276e-01   2.862259e-02   1.264019e+01
   2.493226e-03   2.016105e+00   2.392198e+00   7.370424e+00     2.7354e-01   2.823494e-02   1.229113e+01
   2.511102e-03   2.018913e+00   2.396408e+00   7.360074e+00     2.7431e-01   2.785476e-02   1.195725e+01
   2.528978e-03   2.021598e+00   2.400509e+00   7.342748e+00     2.7532e-01   2.761447e-02   1.163765e+01
   2.546854e-03   2.024163e+00   2.404364e+00   7.331884e+00     2.7608e-01   2.726050e-02   1.133166e+01
   2.564729e-03   2.026611e+00   2.408050e+00   7.321216e+00     2.7681e-01   2.691142e-02   1.103848e+01
   2.582605e-03   2.028946e+00   2.411574e+00   7.310782e+00     2.7753e-01   2.656643e-02   1.075742e+01
   2.600481e-03   2.031171e+00   2.414934e+00   7.300298e+00     2.7823e-01   2.623057e-02   1.048785e+01
   2.618357e-03   2.033289e+00   2.418145e+00   7.290092e+00     2.7891e-01   2.589777e-02   1.022917e+01
   2.636232e-03   2.035302e+00   2.421272e+00   7.272816e+00     2.7985e-01   2.569729e-02   9.980779e+00
   2.654108e-03   2.037214e+00   2.424174e+00   7.262100e+00     2.8053e-01   2.538764e-02   9.742241e+00
   2.671984e-03   2.039027e+00   2.426929e+00   7.251482e+00     2.8119e-01   2.508357e-02   9.512999e+00
   2.707735e-03   2.042367e+00   2.432018e+00   7.230591e+00     2.8246e-01   2.449087e-02   9.080578e+00
   2.743487e-03   2.045342e+00   2.436571e+00   7.210093e+00     2.8368e-01   2.391898e-02   8.680129e+00
   2.761363e-03   2.046699e+00   2.438656e+00   7.200004e+00     2.8426e-01   2.364033e-02   8.490941e+00
   2.779238e-03   2.047972e+00   2.440680e+00   7.182380e+00     2.8514e-01   2.349085e-02   8.308619e+00
   2.797114e-03   2.049164e+00   2.442509e+00   7.171864e+00     2.8572e-01   2.323057e-02   8.132897e+00
   2.832866e-03   2.051311e+00   2.445810e+00   7.151008e+00     2.8686e-01   2.272495e-02   7.799924e+00
   2.868617e-03   2.053157e+00   2.448660e+00   7.130487e+00     2.8794e-01   2.223681e-02   7.489727e+00
   2.904369e-03   2.054718e+00   2.451078e+00   7.110140e+00     2.8898e-01   2.176769e-02   7.200297e+00
   2.922244e-03   2.055396e+00   2.452134e+00   7.100047e+00     2.8949e-01   2.153972e-02   7.062799e+00
   2.957996e-03   2.056558e+00   2.454016e+00   7.072554e+00     2.9078e-01   2.120794e-02   6.801177e+00
   2.975872e-03   2.057044e+00   2.454771e+00   7.062207e+00     2.9127e-01   2.099757e-02   6.676705e+00
   3.029499e-03   2.058145e+00   2.456485e+00   7.031400e+00     2.9271e-01   2.039029e-02   6.326467e+00
   3.047375e-03   2.058398e+00   2.456881e+00   7.021234e+00     2.9317e-01   2.019511e-02   6.216921e+00
   3.065251e-03   2.058597e+00   2.457192e+00   7.011090e+00     2.9362e-01   2.000382e-02   6.110731e+00
   3.083126e-03   2.058742e+00   2.457418e+00   7.000929e+00     2.9407e-01   1.981688e-02   6.007762e+00
   3.101002e-03   2.058836e+00   2.457564e+00   6.990760e+00     2.9451e-01   1.963404e-02   5.907884e+00
   3.118878e-03   2.058879e+00   2.457632e+00   6.980691e+00     2.9494e-01   1.945371e-02   5.810976e+00
   3.136754e-03   2.058873e+00   2.457624e+00   6.970631e+00     2.9536e-01   1.927707e-02   5.716921e+00
   3.154629e-03   2.058820e+00   2.457539e+00   6.960515e+00     2.9579e-01   1.910492e-02   5.625609e+00
   3.172505e-03   2.058719e+00   2.457381e+00   6.950464e+00     2.9620e-01   1.893552e-02   5.536932e+00
   3.190381e-03   2.058574e+00   2.457153e+00   6.940443e+00     2.9661e-01   1.876925e-02   5.450792e+00
   3.208257e-03   2.058384e+00   2.456856e+00   6.930447e+00     2.9701e-01   1.860612e-02   5.367092e+00
   3.226132e-03   2.058151e+00   2.456487e+00   6.920388e+00     2.9740e-01   1.844723e-02   5.285740e+00
   3.244008e-03   2.057876e+00   2.456053e+00   6.910373e+00     2.9780e-01   1.829103e-02   5.206650e+00
   3.279760e-03   2.057205e+00   2.454991e+00   6.890349e+00     2.9856e-01   1.798819e-02   5.054925e+00
   3.315511e-03   2.056378e+00   2.453681e+00   6.870388e+00     2.9931e-01   1.769684e-02   4.911296e+00
   3.333387e-03   2.055908e+00   2.452938e+00   6.860450e+00     2.9968e-01   1.755506e-02   4.842338e+00
   3.351263e-03   2.055403e+00   2.452133e+00   6.850410e+00     3.0004e-01   1.741745e-02   4.775195e+00
   3.369138e-03   2.054863e+00   2.451276e+00   6.840506e+00     3.0040e-01   1.728093e-02   4.709804e+00
   3.387014e-03   2.054288e+00   2.450363e+00   6.830582e+00     3.0075e-01   1.714741e-02   4.646104e+00
   3.404890e-03   2.053680e+00   2.449396e+00   6.820662e+00     3.0110e-01   1.701653e-02   4.584038e+00
   3.422766e-03   2.053040e+00   2.448376e+00   6.810769e+00     3.0144e-01   1.688794e-02   4.523549e+00
   3.440641e-03   2.052368e+00   2.447303e+00   6.800839e+00     3.0178e-01   1.676239e-02   4.464585e+00
   3.458517e-03   2.051665e+00   2.446181e+00   6.790950e+00     3.0212e-01   1.663885e-02   4.407094e+00
   3.476393e-03   2.050932e+00   2.445011e+00   6.781099e+00     3.0245e-01   1.651730e-02   4.351028e+00
   3.494269e-03   2.050170e+00   2.443796e+00   6.771339e+00     3.0277e-01   1.639707e-02   4.296340e+00
   3.512144e-03   2.049379e+00   2.442530e+00   6.761469e+00     3.0310e-01   1.628052e-02   4.242985e+00
   3.530020e-03   2.048560e+00   2.441223e+00   6.751754e+00     3.0341e-01   1.616444e-02   4.190919e+00
   3.547896e-03   2.047714e+00   2.439871e+00   6.742077e+00     3.0372e-01   1.605017e-02   4.140101e+00
   3.565772e-03   2.046841e+00   2.438475e+00   6.732366e+00     3.0403e-01   1.593855e-02   4.090491e+00
   3.583647e-03   2.045943e+00   2.437040e+00   6.722959e+00     3.0432e-01   1.582551e-02   4.042051e+00
   3.601523e-03   2.045019e+00   2.435469e+00   6.720007e+00     3.0432e-01   1.563944e-02   3.994775e+00
   3.619399e-03   2.044070e+00   2.433941e+00   6.710058e+00     3.0463e-01   1.553744e-02   3.948574e+00
   3.637275e-03   2.043098e+00   2.432375e+00   6.700166e+00     3.0493e-01   1.543678e-02   3.903440e+00
   3.655150e-03   2.042102e+00   2.430770e+00   6.690248e+00     3.0524e-01   1.533841e-02   3.859338e+00
   3.673026e-03   2.041084e+00   2.429133e+00   6.680501e+00     3.0553e-01   1.524002e-02   3.816237e+00
   3.690902e-03   2.040043e+00   2.427456e+00   6.670687e+00     3.0582e-01   1.514430e-02   3.774109e+00
   3.708778e-03   2.038980e+00   2.425746e+00   6.660950e+00     3.0611e-01   1.504958e-02   3.732922e+00
   3.726653e-03   2.037896e+00   2.424002e+00   6.651312e+00     3.0639e-01   1.495558e-02   3.692650e+00
   3.762405e-03   2.035667e+00   2.420414e+00   6.632268e+00     3.0693e-01   1.477039e-02   3.614738e+00
   3.798156e-03   2.033360e+00   2.416598e+00   6.620046e+00     3.0715e-01   1.451730e-02   3.540203e+00
   3.816032e-03   2.032178e+00   2.414683e+00   6.610183e+00     3.0743e-01   1.443484e-02   3.504124e+00
   3.833908e-03   2.030978e+00   2.412738e+00   6.600359e+00     3.0771e-01   1.435358e-02   3.468814e+00
   3.851784e-03   2.029760e+00   2.410769e+00   6.590683e+00     3.0797e-01   1.427230e-02   3.434249e+00
   3.869659e-03   2.028524e+00   2.408770e+00   6.581064e+00     3.0824e-01   1.419198e-02   3.400409e+00
   3.887535e-03   2.027272e+00   2.406745e+00   6.571552e+00     3.0849e-01   1.411205e-02   3.367274e+00
   3.905411e-03   2.026004e+00   2.404698e+00   6.562358e+00     3.0873e-01   1.403024e-02   3.334820e+00
   3.923287e-03   2.024719e+00   2.402611e+00   6.552799e+00     3.0899e-01   1.395385e-02   3.303037e+00
   3.941162e-03   2.023418e+00   2.400410e+00   6.550076e+00     3.0892e-01   1.380678e-02   3.271931e+00
   3.976914e-03   2.020772e+00   2.396108e+00   6.530601e+00     3.0943e-01   1.366556e-02   3.211555e+00
   3.994790e-03   2.019427e+00   2.393926e+00   6.521074e+00     3.0968e-01   1.359484e-02   3.182273e+00
   4.012665e-03   2.018068e+00   2.391720e+00   6.511641e+00     3.0992e-01   1.352449e-02   3.153574e+00
   4.030541e-03   2.016695e+00   2.389490e+00   6.502346e+00     3.1015e-01   1.345406e-02   3.125442e+00
   4.048417e-03   2.015309e+00   2.387149e+00   6.500020e+00     3.1005e-01   1.331343e-02   3.097880e+00
   4.066293e-03   2.013909e+00   2.384863e+00   6.490191e+00     3.1030e-01   1.325138e-02   3.070847e+00
   4.084168e-03   2.012497e+00   2.382562e+00   6.480524e+00     3.1055e-01   1.318893e-02   3.044339e+00
   4.102044e-03   2.011072e+00   2.380243e+00   6.471049e+00     3.1078e-01   1.312575e-02   3.018342e+00
   4.137796e-03   2.008186e+00   2.375544e+00   6.452359e+00     3.1123e-01   1.300042e-02   2.967830e+00
   4.155671e-03   2.006726e+00   2.373076e+00   6.450054e+00     3.1112e-01   1.286919e-02   2.943312e+00
   4.173547e-03   2.005254e+00   2.370669e+00   6.440317e+00     3.1136e-01   1.281366e-02   2.919244e+00
   4.191423e-03   2.003772e+00   2.368247e+00   6.430727e+00     3.1159e-01   1.275778e-02   2.895628e+00
   4.209299e-03   2.002279e+00   2.365812e+00   6.421377e+00     3.1181e-01   1.270065e-02   2.872451e+00
   4.227174e-03   2.000776e+00   2.363364e+00   6.412300e+00     3.1202e-01   1.264193e-02   2.849702e+00
   4.245050e-03   1.999262e+00   2.360803e+00   6.410024e+00     3.1190e-01   1.251778e-02   2.827391e+00
   4.262926e-03   1.997739e+00   2.358305e+00   6.400284e+00     3.1213e-01   1.246797e-02   2.805480e+00
   4.280802e-03   1.996206e+00   2.355794e+00   6.390714e+00     3.1236e-01   1.241752e-02   2.783968e+00
   4.298677e-03   1.994663e+00   2.353276e+00   6.381393e+00     3.1257e-01   1.236570e-02   2.762846e+00
   4.316553e-03   1.993112e+00   2.350741e+00   6.372206e+00     3.1278e-01   1.231359e-02   2.742104e+00
   4.334429e-03   1.991552e+00   2.348101e+00   6.370058e+00     3.1264e-01   1.219499e-02   2.721753e+00
   4.352305e-03   1.989983e+00   2.345524e+00   6.360389e+00     3.1287e-01   1.214971e-02   2.701756e+00
   4.370180e-03   1.988406e+00   2.342940e+00   6.350924e+00     3.1309e-01   1.210345e-02   2.682114e+00
   4.388056e-03   1.986821e+00   2.340350e+00   6.341774e+00     3.1329e-01   1.205514e-02   2.662817e+00
   4.405932e-03   1.985228e+00   2.337741e+00   6.332683e+00     3.1349e-01   1.200722e-02   2.643858e+00
   4.423808e-03   1.983627e+00   2.335020e+00   6.330180e+00     3.1336e-01   1.189824e-02   2.625258e+00
   4.441683e-03   1.982019e+00   2.332381e+00   6.320683e+00     3.1358e-01   1.185619e-02   2.606966e+00
   4.513186e-03   1.975515e+00   2.321618e+00   6.290580e+00     3.1404e-01   1.162376e-02   2.536922e+00
   4.548938e-03   1.972224e+00   2.316223e+00   6.272374e+00     3.1443e-01   1.154221e-02   2.503666e+00
   4.566814e-03   1.970569e+00   2.313408e+00   6.270115e+00     3.1428e-01   1.144014e-02   2.487481e+00
   4.584689e-03   1.968908e+00   2.310674e+00   6.260585e+00     3.1449e-01   1.140549e-02   2.471555e+00
   4.602565e-03   1.967241e+00   2.307938e+00   6.251355e+00     3.1469e-01   1.136890e-02   2.455895e+00
   4.620441e-03   1.965569e+00   2.305195e+00   6.242482e+00     3.1487e-01   1.132985e-02   2.440492e+00
   4.638317e-03   1.963892e+00   2.302339e+00   6.240174e+00     3.1472e-01   1.123242e-02   2.425368e+00
   4.656192e-03   1.962209e+00   2.299566e+00   6.230672e+00     3.1493e-01   1.120076e-02   2.410482e+00
   4.674068e-03   1.960521e+00   2.296798e+00   6.221662e+00     3.1511e-01   1.116541e-02   2.395839e+00
   4.691944e-03   1.958829e+00   2.294012e+00   6.212713e+00     3.1529e-01   1.113027e-02   2.381433e+00
   4.709820e-03   1.957131e+00   2.291121e+00   6.210293e+00     3.1514e-01   1.103779e-02   2.367290e+00
   4.727695e-03   1.955430e+00   2.288319e+00   6.200960e+00     3.1534e-01   1.100769e-02   2.353361e+00
   4.745571e-03   1.953723e+00   2.285514e+00   6.191976e+00     3.1553e-01   1.097519e-02   2.339655e+00
   4.781323e-03   1.950298e+00   2.279775e+00   6.180558e+00     3.1555e-01   1.085475e-02   2.312929e+00
   4.799198e-03   1.948579e+00   2.276947e+00   6.171458e+00     3.1574e-01   1.082550e-02   2.299881e+00
   4.834950e-03   1.945130e+00   2.271168e+00   6.160302e+00     3.1575e-01   1.070771e-02   2.274426e+00
   4.870701e-03   1.941667e+00   2.265463e+00   6.142174e+00     3.1612e-01   1.065350e-02   2.249766e+00
   4.888577e-03   1.939931e+00   2.262505e+00   6.140118e+00     3.1594e-01   1.056695e-02   2.237745e+00
   4.906453e-03   1.938191e+00   2.259632e+00   6.130746e+00     3.1614e-01   1.054422e-02   2.225904e+00
   4.924329e-03   1.936449e+00   2.256765e+00   6.121951e+00     3.1631e-01   1.051714e-02   2.214245e+00
   4.942204e-03   1.934703e+00   2.253792e+00   6.120047e+00     3.1613e-01   1.043184e-02   2.202784e+00
   4.960080e-03   1.932955e+00   2.250898e+00   6.110532e+00     3.1633e-01   1.041225e-02   2.191495e+00
   4.977956e-03   1.931203e+00   2.248017e+00   6.101748e+00     3.1650e-01   1.038704e-02   2.180378e+00
   5.013707e-03   1.927694e+00   2.242124e+00   6.090487e+00     3.1651e-01   1.028513e-02   2.158681e+00
   5.031583e-03   1.925935e+00   2.239222e+00   6.081458e+00     3.1669e-01   1.026387e-02   2.148079e+00
   5.049459e-03   1.924175e+00   2.236233e+00   6.080004e+00     3.1648e-01   1.017961e-02   2.137651e+00
   5.067335e-03   1.922412e+00   2.233309e+00   6.070432e+00     3.1668e-01   1.016413e-02   2.127378e+00
   5.085210e-03   1.920647e+00   2.230395e+00   6.061423e+00     3.1686e-01   1.014450e-02   2.117262e+00
   5.103086e-03   1.918880e+00   2.227396e+00   6.060002e+00     3.1665e-01   1.006226e-02   2.107310e+00
   5.120962e-03   1.917112e+00   2.224461e+00   6.050433e+00     3.1686e-01   1.004846e-02   2.097506e+00
   5.138838e-03   1.915342e+00   2.221536e+00   6.041434e+00     3.1703e-01   1.003048e-02   2.087850e+00
   5.156713e-03   1.913570e+00   2.218527e+00   6.040004e+00     3.1682e-01   9.950518e-03   2.078351e+00
   5.174589e-03   1.911797e+00   2.215584e+00   6.030477e+00     3.1702e-01   9.938033e-03   2.068991e+00
   5.192465e-03   1.910022e+00   2.212652e+00   6.021572e+00     3.1720e-01   9.920939e-03   2.059771e+00
   5.210341e-03   1.908246e+00   2.209632e+00   6.020029e+00     3.1698e-01   9.844027e-03   2.050702e+00
   5.228216e-03   1.906469e+00   2.206684e+00   6.010610e+00     3.1718e-01   9.832251e-03   2.041765e+00
   5.246092e-03   1.904691e+00   2.203748e+00   6.001879e+00     3.1735e-01   9.815356e-03   2.032959e+00
   5.263968e-03   1.902911e+00   2.200715e+00   6.000072e+00     3.1715e-01   9.742634e-03   2.024298e+00
   5.281844e-03   1.901131e+00   2.197764e+00   5.990790e+00     3.1734e-01   9.731292e-03   2.015762e+00
   5.299719e-03   1.899350e+00   2.194822e+00   5.982103e+00     3.1751e-01   9.715596e-03   2.007348e+00
   5.317595e-03   1.897568e+00   2.191783e+00   5.980185e+00     3.1731e-01   9.645727e-03   1.999078e+00
   5.335471e-03   1.895786e+00   2.188828e+00   5.971022e+00     3.1750e-01   9.634930e-03   1.990922e+00
   5.371222e-03   1.892219e+00   2.182837e+00   5.960361e+00     3.1747e-01   9.553199e-03   1.974984e+00
   5.389098e-03   1.890435e+00   2.179886e+00   5.951513e+00     3.1764e-01   9.541330e-03   1.967188e+00
   5.406974e-03   1.888650e+00   2.176850e+00   5.950025e+00     3.1742e-01   9.471200e-03   1.959520e+00
   5.424850e-03   1.886866e+00   2.173882e+00   5.940598e+00     3.1762e-01   9.464906e-03   1.951961e+00
   5.442725e-03   1.885081e+00   2.170934e+00   5.931987e+00     3.1778e-01   9.452568e-03   1.944509e+00
   5.460601e-03   1.883296e+00   2.167888e+00   5.930159e+00     3.1758e-01   9.386913e-03   1.937184e+00
   5.478477e-03   1.881510e+00   2.164928e+00   5.921063e+00     3.1777e-01   9.379380e-03   1.929959e+00
   5.496353e-03   1.879725e+00   2.161979e+00   5.912616e+00     3.1792e-01   9.367130e-03   1.922833e+00
   5.514228e-03   1.877940e+00   2.158927e+00   5.910468e+00     3.1773e-01   9.305708e-03   1.915838e+00
   5.532104e-03   1.876155e+00   2.155976e+00   5.901776e+00     3.1790e-01   9.296336e-03   1.908930e+00
   5.549980e-03   1.874371e+00   2.152932e+00   5.900089e+00     3.1769e-01   9.232455e-03   1.902136e+00
   5.567856e-03   1.872586e+00   2.149970e+00   5.890963e+00     3.1787e-01   9.227374e-03   1.895436e+00
   5.603607e-03   1.869019e+00   2.143972e+00   5.880412e+00     3.1784e-01   9.158386e-03   1.882341e+00
   5.621483e-03   1.867235e+00   2.141024e+00   5.871737e+00     3.1800e-01   9.151060e-03   1.875934e+00
   5.639359e-03   1.865453e+00   2.137983e+00   5.870100e+00     3.1779e-01   9.089535e-03   1.869634e+00
   5.657234e-03   1.863671e+00   2.135024e+00   5.860985e+00     3.1798e-01   9.086467e-03   1.863420e+00
   5.675110e-03   1.861890e+00   2.132083e+00   5.852642e+00     3.1813e-01   9.077803e-03   1.857289e+00
   5.692986e-03   1.860109e+00   2.129035e+00   5.850530e+00     3.1794e-01   9.021491e-03   1.851276e+00
   5.710862e-03   1.858329e+00   2.126090e+00   5.841827e+00     3.1811e-01   9.016453e-03   1.845332e+00
   5.728737e-03   1.856550e+00   2.123054e+00   5.840192e+00     3.1789e-01   8.957504e-03   1.839491e+00
   5.746613e-03   1.854772e+00   2.120105e+00   5.831212e+00     3.1808e-01   8.955405e-03   1.833728e+00
   5.764489e-03   1.852995e+00   2.117085e+00   5.830025e+00     3.1784e-01   8.894075e-03   1.828058e+00
   5.782365e-03   1.851219e+00   2.114126e+00   5.820681e+00     3.1804e-01   8.895519e-03   1.822468e+00
   5.800240e-03   1.849444e+00   2.111197e+00   5.812326e+00     3.1819e-01   8.889791e-03   1.816953e+00
   5.818116e-03   1.847670e+00   2.108160e+00   5.810369e+00     3.1800e-01   8.835759e-03   1.811542e+00
   5.853868e-03   1.844126e+00   2.102205e+00   5.800156e+00     3.1794e-01   8.776998e-03   1.800942e+00
   5.871743e-03   1.842356e+00   2.099267e+00   5.791163e+00     3.1813e-01   8.777653e-03   1.795759e+00
   5.889619e-03   1.840588e+00   2.096260e+00   5.790030e+00     3.1789e-01   8.719321e-03   1.790660e+00
   5.907495e-03   1.838820e+00   2.093319e+00   5.780800e+00     3.1809e-01   8.722479e-03   1.785633e+00
   5.925371e-03   1.837054e+00   2.090403e+00   5.772509e+00     3.1824e-01   8.718911e-03   1.780673e+00
   5.943246e-03   1.835290e+00   2.087381e+00   5.770505e+00     3.1805e-01   8.668464e-03   1.775811e+00
   5.961122e-03   1.833527e+00   2.084468e+00   5.761978e+00     3.1821e-01   8.667411e-03   1.771004e+00
   5.978998e-03   1.831766e+00   2.081456e+00   5.760293e+00     3.1800e-01   8.615458e-03   1.766285e+00
   5.996874e-03   1.830006e+00   2.078547e+00   5.751693e+00     3.1817e-01   8.615660e-03   1.761625e+00
   6.014749e-03   1.828248e+00   2.075543e+00   5.750133e+00     3.1795e-01   8.563676e-03   1.757046e+00
   6.032625e-03   1.826491e+00   2.072631e+00   5.741230e+00     3.1814e-01   8.566832e-03   1.752530e+00
   6.050501e-03   1.824737e+00   2.069643e+00   5.740033e+00     3.1790e-01   8.513031e-03   1.748089e+00
   6.068377e-03   1.822984e+00   2.066730e+00   5.730909e+00     3.1810e-01   8.518486e-03   1.743711e+00
   6.086253e-03   1.821233e+00   2.063838e+00   5.722766e+00     3.1824e-01   8.516987e-03   1.739389e+00
   6.104128e-03   1.819484e+00   2.060842e+00   5.720671e+00     3.1805e-01   8.471054e-03   1.735161e+00
   6.122004e-03   1.817737e+00   2.057959e+00   5.712446e+00     3.1821e-01   8.470842e-03   1.730974e+00
   6.139880e-03   1.815992e+00   2.054971e+00   5.710541e+00     3.1801e-01   8.424326e-03   1.726873e+00
   6.157756e-03   1.814249e+00   2.052091e+00   5.702096e+00     3.1817e-01   8.426404e-03   1.722818e+00
   6.193507e-03   1.810769e+00   2.046240e+00   5.691931e+00     3.1813e-01   8.382045e-03   1.714912e+00
   6.211383e-03   1.809032e+00   2.043270e+00   5.690309e+00     3.1791e-01   8.335048e-03   1.711059e+00
   6.229259e-03   1.807297e+00   2.040399e+00   5.681626e+00     3.1810e-01   8.340152e-03   1.707254e+00
   6.265010e-03   1.803835e+00   2.034581e+00   5.671632e+00     3.1805e-01   8.297389e-03   1.699835e+00
   6.282886e-03   1.802107e+00   2.031628e+00   5.670163e+00     3.1782e-01   8.250826e-03   1.696217e+00
   6.300762e-03   1.800381e+00   2.028776e+00   5.661590e+00     3.1800e-01   8.256346e-03   1.692648e+00
   6.318637e-03   1.798658e+00   2.025831e+00   5.660121e+00     3.1778e-01   8.210556e-03   1.689146e+00
   6.336513e-03   1.796937e+00   2.022982e+00   5.651376e+00     3.1796e-01   8.217927e-03   1.685691e+00
   6.354389e-03   1.795218e+00   2.020050e+00   5.650102e+00     3.1773e-01   8.171462e-03   1.682300e+00
   6.372265e-03   1.793502e+00   2.017208e+00   5.641282e+00     3.1792e-01   8.179959e-03   1.678957e+00
   6.390140e-03   1.791789e+00   2.014286e+00   5.640093e+00     3.1769e-01   8.133612e-03   1.675675e+00
   6.408016e-03   1.790078e+00   2.011452e+00   5.631261e+00     3.1788e-01   8.142776e-03   1.672439e+00
   6.425892e-03   1.788369e+00   2.008539e+00   5.630087e+00     3.1765e-01   8.097043e-03   1.669264e+00
   6.443768e-03   1.786663e+00   2.005713e+00   5.621247e+00     3.1784e-01   8.106828e-03   1.666134e+00
   6.461643e-03   1.784960e+00   2.002809e+00   5.620085e+00     3.1760e-01   8.061714e-03   1.663063e+00
   6.479519e-03   1.783259e+00   1.999993e+00   5.611293e+00     3.1780e-01   8.071715e-03   1.660035e+00
   6.497395e-03   1.781561e+00   1.997098e+00   5.610120e+00     3.1756e-01   8.027378e-03   1.657066e+00
   6.515271e-03   1.779866e+00   1.994292e+00   5.601379e+00     3.1775e-01   8.037564e-03   1.654139e+00
   6.533146e-03   1.778173e+00   1.991403e+00   5.600089e+00     3.1753e-01   7.994742e-03   1.651269e+00
   6.568898e-03   1.774796e+00   1.985730e+00   5.590145e+00     3.1749e-01   7.962701e-03   1.645668e+00
   6.586774e-03   1.773112e+00   1.982947e+00   5.581593e+00     3.1767e-01   7.972621e-03   1.642934e+00
   6.604649e-03   1.771430e+00   1.980075e+00   5.580197e+00     3.1745e-01   7.931877e-03   1.640257e+00
   6.640401e-03   1.768076e+00   1.974440e+00   5.570261e+00     3.1741e-01   7.902140e-03   1.635032e+00
   6.658277e-03   1.766403e+00   1.971677e+00   5.561817e+00     3.1759e-01   7.912353e-03   1.632482e+00
   6.694028e-03   1.763067e+00   1.966074e+00   5.552023e+00     3.1755e-01   7.883279e-03   1.627527e+00
   6.729780e-03   1.759742e+00   1.960489e+00   5.542170e+00     3.1752e-01   7.855765e-03   1.622749e+00
   6.747655e-03   1.758084e+00   1.957660e+00   5.540610e+00     3.1731e-01   7.818676e-03   1.620434e+00
   6.783407e-03   1.754778e+00   1.952110e+00   5.530808e+00     3.1727e-01   7.792505e-03   1.615913e+00
   6.801283e-03   1.753129e+00   1.949311e+00   5.530016e+00     3.1702e-01   7.750979e-03   1.613717e+00
   6.837034e-03   1.749842e+00   1.943788e+00   5.520078e+00     3.1700e-01   7.727435e-03   1.609445e+00
   6.854910e-03   1.748203e+00   1.941080e+00   5.511500e+00     3.1719e-01   7.741331e-03   1.607365e+00
   6.872786e-03   1.746567e+00   1.938288e+00   5.510164e+00     3.1697e-01   7.704776e-03   1.605334e+00
   6.890661e-03   1.744934e+00   1.935593e+00   5.501738e+00     3.1716e-01   7.718096e-03   1.603331e+00
   6.908537e-03   1.743305e+00   1.932814e+00   5.500358e+00     3.1694e-01   7.682409e-03   1.601380e+00
   6.944289e-03   1.740056e+00   1.927362e+00   5.490580e+00     3.1692e-01   7.660879e-03   1.597580e+00
   6.962164e-03   1.738436e+00   1.924693e+00   5.482668e+00     3.1708e-01   7.671549e-03   1.595724e+00
   6.980040e-03   1.736820e+00   1.921933e+00   5.480833e+00     3.1689e-01   7.640150e-03   1.593931e+00
   6.997916e-03   1.735207e+00   1.919195e+00   5.480052e+00     3.1664e-01   7.601719e-03   1.592163e+00
   7.015792e-03   1.733597e+00   1.916536e+00   5.471428e+00     3.1685e-01   7.618033e-03   1.590427e+00
   7.033667e-03   1.731991e+00   1.913798e+00   5.470207e+00     3.1662e-01   7.583198e-03   1.588735e+00
   7.051543e-03   1.730389e+00   1.911153e+00   5.461807e+00     3.1682e-01   7.598419e-03   1.587068e+00
   7.069419e-03   1.728789e+00   1.908427e+00   5.460422e+00     3.1660e-01   7.565237e-03   1.585449e+00
   7.087295e-03   1.727193e+00   1.905796e+00   5.452348e+00     3.1678e-01   7.578646e-03   1.583848e+00
   7.105170e-03   1.725601e+00   1.903081e+00   5.450756e+00     3.1658e-01   7.547424e-03   1.582302e+00
   7.123046e-03   1.724012e+00   1.900386e+00   5.450022e+00     3.1633e-01   7.510573e-03   1.580782e+00
   7.140922e-03   1.722426e+00   1.897763e+00   5.441243e+00     3.1655e-01   7.529496e-03   1.579291e+00
   7.158798e-03   1.720844e+00   1.895070e+00   5.440174e+00     3.1632e-01   7.495457e-03   1.577841e+00
   7.194549e-03   1.717691e+00   1.889783e+00   5.430443e+00     3.1631e-01   7.480477e-03   1.575032e+00
   7.230301e-03   1.714551e+00   1.884524e+00   5.420853e+00     3.1629e-01   7.465441e-03   1.572352e+00
   7.248176e-03   1.712987e+00   1.881868e+00   5.420031e+00     3.1605e-01   7.430987e-03   1.571062e+00
   7.266052e-03   1.711426e+00   1.879292e+00   5.411487e+00     3.1626e-01   7.449776e-03   1.569798e+00
   7.283928e-03   1.709869e+00   1.876642e+00   5.410302e+00     3.1604e-01   7.418281e-03   1.568574e+00
   7.301804e-03   1.708316e+00   1.874080e+00   5.402003e+00     3.1624e-01   7.435822e-03   1.567368e+00
   7.319679e-03   1.706766e+00   1.871442e+00   5.400660e+00     3.1603e-01   7.405880e-03   1.566208e+00
   7.337555e-03   1.705220e+00   1.868823e+00   5.400013e+00     3.1578e-01   7.371461e-03   1.565072e+00
   7.355431e-03   1.703677e+00   1.866275e+00   5.391351e+00     3.1600e-01   7.392067e-03   1.563961e+00
   7.373307e-03   1.702139e+00   1.863656e+00   5.390209e+00     3.1578e-01   7.361482e-03   1.562887e+00
   7.391182e-03   1.700603e+00   1.861127e+00   5.381937e+00     3.1598e-01   7.379851e-03   1.561832e+00
   7.426934e-03   1.697544e+00   1.855935e+00   5.380017e+00     3.1553e-01   7.317384e-03   1.559830e+00
   7.444810e-03   1.696020e+00   1.853417e+00   5.371323e+00     3.1575e-01   7.339190e-03   1.558864e+00
   7.462685e-03   1.694500e+00   1.850831e+00   5.370218e+00     3.1554e-01   7.309516e-03   1.557935e+00
   7.480561e-03   1.692983e+00   1.848334e+00   5.361990e+00     3.1574e-01   7.328569e-03   1.557021e+00
   7.498437e-03   1.691471e+00   1.845761e+00   5.360654e+00     3.1553e-01   7.300893e-03   1.556150e+00
   7.516313e-03   1.689962e+00   1.843205e+00   5.360019e+00     3.1529e-01   7.268723e-03   1.555300e+00
   7.534188e-03   1.688457e+00   1.840723e+00   5.351474e+00     3.1551e-01   7.290486e-03   1.554472e+00
   7.552064e-03   1.686955e+00   1.838170e+00   5.350329e+00     3.1530e-01   7.262191e-03   1.553679e+00
   7.569940e-03   1.685458e+00   1.835705e+00   5.342148e+00     3.1550e-01   7.281887e-03   1.552899e+00
   7.587816e-03   1.683964e+00   1.833165e+00   5.340806e+00     3.1530e-01   7.255345e-03   1.552163e+00
   7.605691e-03   1.682474e+00   1.830640e+00   5.340090e+00     3.1506e-01   7.224816e-03   1.551446e+00
   7.623567e-03   1.680988e+00   1.828191e+00   5.331634e+00     3.1529e-01   7.246921e-03   1.550748e+00
   7.659319e-03   1.678027e+00   1.823245e+00   5.322733e+00     3.1526e-01   7.237435e-03   1.549430e+00
   7.677194e-03   1.676553e+00   1.820735e+00   5.321095e+00     3.1508e-01   7.213971e-03   1.548825e+00
   7.695070e-03   1.675082e+00   1.818241e+00   5.320227e+00     3.1485e-01   7.185515e-03   1.548236e+00
   7.712946e-03   1.673615e+00   1.815829e+00   5.312032e+00     3.1506e-01   7.206781e-03   1.547659e+00
   7.730822e-03   1.672152e+00   1.813342e+00   5.310715e+00     3.1486e-01   7.181752e-03   1.547123e+00
   7.748697e-03   1.670693e+00   1.810872e+00   5.310075e+00     3.1463e-01   7.152387e-03   1.546605e+00
   7.766573e-03   1.669238e+00   1.808477e+00   5.301660e+00     3.1485e-01   7.175665e-03   1.546103e+00
   7.784449e-03   1.667787e+00   1.806012e+00   5.300497e+00     3.1465e-01   7.150212e-03   1.545637e+00
   7.802325e-03   1.666340e+00   1.803567e+00   5.300010e+00     3.1440e-01   7.120449e-03   1.545188e+00
   7.820200e-03   1.664897e+00   1.801189e+00   5.291442e+00     3.1464e-01   7.145257e-03   1.544758e+00
   7.838076e-03   1.663457e+00   1.798744e+00   5.290345e+00     3.1443e-01   7.119970e-03   1.544359e+00
   7.855952e-03   1.662022e+00   1.796389e+00   5.282490e+00     3.1463e-01   7.140347e-03   1.543966e+00
   7.873828e-03   1.660591e+00   1.793956e+00   5.281028e+00     3.1444e-01   7.117901e-03   1.543618e+00
   7.891703e-03   1.659163e+00   1.791535e+00   5.280158e+00     3.1423e-01   7.091664e-03   1.543285e+00
   7.909579e-03   1.657740e+00   1.789199e+00   5.272081e+00     3.1444e-01   7.114065e-03   1.542962e+00
   7.927455e-03   1.656320e+00   1.786788e+00   5.270811e+00     3.1424e-01   7.090890e-03   1.542677e+00
   7.945331e-03   1.654905e+00   1.784391e+00   5.270079e+00     3.1402e-01   7.064311e-03   1.542408e+00
   7.981082e-03   1.652086e+00   1.779682e+00   5.260604e+00     3.1405e-01   7.065459e-03   1.541929e+00
   7.998958e-03   1.650682e+00   1.777310e+00   5.260034e+00     3.1382e-01   7.038371e-03   1.541722e+00
   8.016834e-03   1.649283e+00   1.775010e+00   5.251683e+00     3.1405e-01   7.063600e-03   1.541529e+00
   8.034709e-03   1.647887e+00   1.772641e+00   5.250550e+00     3.1385e-01   7.040626e-03   1.541367e+00
   8.052585e-03   1.646496e+00   1.770291e+00   5.250030e+00     3.1362e-01   7.013760e-03   1.541222e+00
   8.070461e-03   1.645109e+00   1.768008e+00   5.241533e+00     3.1386e-01   7.040448e-03   1.541090e+00
   8.106212e-03   1.642346e+00   1.763334e+00   5.240012e+00     3.1342e-01   6.990822e-03   1.540902e+00
   8.124088e-03   1.640971e+00   1.761070e+00   5.231456e+00     3.1367e-01   7.018385e-03   1.540830e+00
   8.141964e-03   1.639600e+00   1.758746e+00   5.230465e+00     3.1347e-01   6.995531e-03   1.540785e+00
   8.177715e-03   1.636869e+00   1.754196e+00   5.221448e+00     3.1349e-01   6.997390e-03   1.540742e+00
   8.213467e-03   1.634155e+00   1.749607e+00   5.220019e+00     3.1306e-01   6.949258e-03   1.540781e+00
   8.231343e-03   1.632804e+00   1.747382e+00   5.211386e+00     3.1331e-01   6.978275e-03   1.540821e+00
   8.249218e-03   1.631458e+00   1.745101e+00   5.210437e+00     3.1311e-01   6.956173e-03   1.540888e+00
   8.267094e-03   1.630115e+00   1.742837e+00   5.210027e+00     3.1288e-01   6.930689e-03   1.540969e+00
   8.302846e-03   1.627442e+00   1.738376e+00   5.200558e+00     3.1294e-01   6.937820e-03   1.541183e+00
   8.320721e-03   1.626111e+00   1.736129e+00   5.200023e+00     3.1271e-01   6.913665e-03   1.541317e+00
   8.338597e-03   1.624785e+00   1.733954e+00   5.191741e+00     3.1296e-01   6.941259e-03   1.541461e+00
   8.374349e-03   1.622145e+00   1.729487e+00   5.190095e+00     3.1255e-01   6.897567e-03   1.541819e+00
   8.392224e-03   1.620830e+00   1.727331e+00   5.181792e+00     3.1279e-01   6.925762e-03   1.542013e+00
   8.410100e-03   1.619521e+00   1.725113e+00   5.180780e+00     3.1260e-01   6.905555e-03   1.542236e+00
   8.427976e-03   1.618215e+00   1.722906e+00   5.180122e+00     3.1239e-01   6.883176e-03   1.542471e+00
   8.445852e-03   1.616913e+00   1.720777e+00   5.172173e+00     3.1262e-01   6.909456e-03   1.542710e+00
   8.463727e-03   1.615615e+00   1.718578e+00   5.171008e+00     3.1244e-01   6.890752e-03   1.542984e+00
   8.481603e-03   1.614322e+00   1.716391e+00   5.170262e+00     3.1223e-01   6.869426e-03   1.543267e+00
   8.499479e-03   1.613033e+00   1.714283e+00   5.162404e+00     3.1246e-01   6.895541e-03   1.543552e+00
   8.517355e-03   1.611747e+00   1.712111e+00   5.161437e+00     3.1227e-01   6.875974e-03   1.543872e+00
   8.535230e-03   1.610466e+00   1.709939e+00   5.160410e+00     3.1208e-01   6.856978e-03   1.544204e+00
   8.553106e-03   1.609189e+00   1.707787e+00   5.160012e+00     3.1186e-01   6.833993e-03   1.544547e+00
   8.588858e-03   1.606648e+00   1.703550e+00   5.150563e+00     3.1194e-01   6.845841e-03   1.545276e+00
   8.606733e-03   1.605383e+00   1.701418e+00   5.150091e+00     3.1172e-01   6.823776e-03   1.545663e+00
   8.624609e-03   1.604123e+00   1.699354e+00   5.141875e+00     3.1197e-01   6.853252e-03   1.546056e+00
   8.642485e-03   1.602866e+00   1.697229e+00   5.140947e+00     3.1178e-01   6.834486e-03   1.546478e+00
   8.696112e-03   1.599122e+00   1.690974e+00   5.131466e+00     3.1163e-01   6.823517e-03   1.547805e+00
   8.731864e-03   1.596647e+00   1.686791e+00   5.130035e+00     3.1124e-01   6.784523e-03   1.548765e+00
   8.767615e-03   1.594188e+00   1.682698e+00   5.120795e+00     3.1132e-01   6.797812e-03   1.549772e+00
   8.785491e-03   1.592964e+00   1.680633e+00   5.120174e+00     3.1112e-01   6.778179e-03   1.550297e+00
   8.803367e-03   1.591745e+00   1.678644e+00   5.112299e+00     3.1136e-01   6.806747e-03   1.550822e+00
   8.821242e-03   1.590530e+00   1.676590e+00   5.111308e+00     3.1118e-01   6.789822e-03   1.551379e+00
   8.856994e-03   1.588113e+00   1.672509e+00   5.110044e+00     3.1078e-01   6.751676e-03   1.552519e+00
   8.874870e-03   1.586910e+00   1.670543e+00   5.101815e+00     3.1105e-01   6.783102e-03   1.553098e+00
   8.892745e-03   1.585712e+00   1.668516e+00   5.100889e+00     3.1087e-01   6.766292e-03   1.553701e+00
   8.910621e-03   1.584517e+00   1.666500e+00   5.100258e+00     3.1067e-01   6.747675e-03   1.554314e+00
   8.928497e-03   1.583327e+00   1.664561e+00   5.092511e+00     3.1091e-01   6.776313e-03   1.554922e+00
   8.946373e-03   1.582141e+00   1.662554e+00   5.091409e+00     3.1075e-01   6.761076e-03   1.555566e+00
   8.964248e-03   1.580959e+00   1.660557e+00   5.090610e+00     3.1056e-01   6.743959e-03   1.556214e+00
   8.982124e-03   1.579782e+00   1.658572e+00   5.090104e+00     3.1036e-01   6.725055e-03   1.556872e+00
   9.000000e-03   1.578608e+00   1.656659e+00   5.082201e+00     3.1062e-01   6.755223e-03   1.557528e+00
