           rhoc              M             Mb              R              C             kl            lam
   2.230060e-04   1.350152e-01   1.362554e-01   1.557655e+01     8.6678e-03   4.992600e-03   6.802661e+07
   2.408818e-04   1.610753e-01   1.628542e-01   1.340513e+01     1.2016e-02   1.182989e-02   3.148468e+07
   2.587575e-04   1.894071e-01   1.918735e-01   1.219060e+01     1.5537e-02   2.133735e-02   1.571058e+07
   2.766333e-04   2.198567e-01   2.231769e-01   1.145327e+01     1.9196e-02   3.244776e-02   8.299314e+06
   2.945090e-04   2.521634e-01   2.565186e-01   1.097002e+01     2.2987e-02   4.434390e-02   4.606487e+06
   3.123848e-04   2.860441e-01   2.916264e-01   1.063120e+01     2.6906e-02   5.652836e-02   2.672526e+06
   3.302605e-04   3.212827e-01   3.282935e-01   1.040204e+01     3.0887e-02   6.797774e-02   1.612248e+06
   3.481363e-04   3.577247e-01   3.663750e-01   1.024162e+01     3.4929e-02   7.847488e-02   1.006324e+06
   3.660120e-04   3.952340e-01   4.057443e-01   1.012191e+01     3.9047e-02   8.812142e-02   6.471875e+05
   3.838878e-04   4.336798e-01   4.462771e-01   1.004111e+01     4.3190e-02   9.635263e-02   4.273997e+05
   4.017635e-04   4.729209e-01   4.878373e-01   9.980294e+00     4.7385e-02   1.035872e-01   2.890605e+05
   4.196393e-04   5.128208e-01   5.302951e-01   9.934219e+00     5.1622e-02   1.098402e-01   1.997609e+05
   4.375150e-04   5.532501e-01   5.735147e-01   9.910089e+00     5.5827e-02   1.145155e-01   1.407840e+05
   4.732665e-04   6.352322e-01   6.617960e-01   9.870733e+00     6.4355e-02   1.219793e-01   7.366807e+04
   4.911423e-04   6.765851e-01   7.066518e-01   9.860753e+00     6.8614e-02   1.244049e-01   5.453616e+04
   5.090180e-04   7.180597e-01   7.518642e-01   9.851887e+00     7.2885e-02   1.262847e-01   4.093114e+04
   5.447695e-04   8.010555e-01   8.430171e-01   9.843255e+00     8.1381e-02   1.281071e-01   2.392558e+04
   5.626453e-04   8.424242e-01   8.887953e-01   9.843902e+00     8.5578e-02   1.280693e-01   1.860098e+04
   5.805210e-04   8.836085e-01   9.346002e-01   9.843617e+00     8.9765e-02   1.277156e-01   1.460921e+04
   5.983968e-04   9.245409e-01   9.803572e-01   9.843701e+00     9.3922e-02   1.269937e-01   1.158384e+04
   6.162725e-04   9.651590e-01   1.025994e+00   9.842705e+00     9.8058e-02   1.260295e-01   9.267421e+03
   6.341483e-04   1.005406e+00   1.071446e+00   9.842590e+00     1.0215e-01   1.247280e-01   7.476747e+03
   6.520240e-04   1.045228e+00   1.116650e+00   9.842974e+00     1.0619e-01   1.231456e-01   6.080014e+03
   6.877756e-04   1.123379e+00   1.206037e+00   9.840818e+00     1.1416e-01   1.195307e-01   4.110665e+03
   7.056513e-04   1.161608e+00   1.250099e+00   9.840170e+00     1.1805e-01   1.174348e-01   3.415236e+03
   7.235271e-04   1.199212e+00   1.293678e+00   9.832893e+00     1.2196e-01   1.155875e-01   2.855919e+03
   7.414028e-04   1.236154e+00   1.336685e+00   9.830550e+00     1.2575e-01   1.133250e-01   2.403038e+03
   7.592786e-04   1.272399e+00   1.379115e+00   9.822565e+00     1.2954e-01   1.112821e-01   2.033963e+03
   7.771543e-04   1.307916e+00   1.420881e+00   9.820219e+00     1.3319e-01   1.088347e-01   1.731339e+03
   7.950301e-04   1.342679e+00   1.461983e+00   9.811233e+00     1.3685e-01   1.066867e-01   1.481754e+03
   8.129058e-04   1.376659e+00   1.502358e+00   9.802091e+00     1.4045e-01   1.044877e-01   1.274783e+03
   8.307816e-04   1.409833e+00   1.541968e+00   9.792609e+00     1.4397e-01   1.022620e-01   1.102243e+03
   8.665331e-04   1.473689e+00   1.618767e+00   9.772761e+00     1.5080e-01   9.777321e-02   8.359597e+02
   8.844088e-04   1.504345e+00   1.655901e+00   9.762382e+00     1.5410e-01   9.553218e-02   7.329947e+02
   9.022846e-04   1.534139e+00   1.692159e+00   9.751361e+00     1.5733e-01   9.332197e-02   6.454988e+02
   9.201603e-04   1.563067e+00   1.727527e+00   9.740617e+00     1.6047e-01   9.110626e-02   5.708221e+02
   9.559118e-04   1.618321e+00   1.795570e+00   9.711927e+00     1.6663e-01   8.705070e-02   4.517363e+02
   9.737876e-04   1.644650e+00   1.828197e+00   9.700425e+00     1.6954e-01   8.492711e-02   4.041483e+02
   9.916633e-04   1.670122e+00   1.859932e+00   9.682410e+00     1.7249e-01   8.311416e-02   3.628774e+02
   1.009539e-03   1.694743e+00   1.890703e+00   9.670307e+00     1.7525e-01   8.107710e-02   3.269554e+02
   1.027415e-03   1.718523e+00   1.920588e+00   9.651924e+00     1.7805e-01   7.933609e-02   2.955778e+02
   1.045291e-03   1.741473e+00   1.949514e+00   9.640092e+00     1.8065e-01   7.736230e-02   2.680770e+02
   1.063166e-03   1.763606e+00   1.977555e+00   9.620784e+00     1.8331e-01   7.572662e-02   2.438945e+02
   1.081042e-03   1.784934e+00   2.004695e+00   9.602271e+00     1.8589e-01   7.409421e-02   2.225623e+02
   1.098918e-03   1.805474e+00   2.030893e+00   9.590020e+00     1.8827e-01   7.226258e-02   2.036873e+02
   1.116794e-03   1.825240e+00   2.056237e+00   9.570461e+00     1.9072e-01   7.074907e-02   1.869363e+02
   1.152545e-03   1.862524e+00   2.104319e+00   9.531756e+00     1.9540e-01   6.782195e-02   1.587211e+02
   1.170421e-03   1.880079e+00   2.127090e+00   9.513126e+00     1.9763e-01   6.639196e-02   1.468115e+02
   1.188297e-03   1.896936e+00   2.148988e+00   9.500074e+00     1.9968e-01   6.481204e-02   1.361245e+02
   1.206172e-03   1.913114e+00   2.170117e+00   9.480261e+00     2.0180e-01   6.350627e-02   1.265092e+02
   1.224048e-03   1.928634e+00   2.190457e+00   9.460515e+00     2.0386e-01   6.223700e-02   1.178372e+02
   1.241924e-03   1.943514e+00   2.210029e+00   9.440955e+00     2.0586e-01   6.100021e-02   1.099970e+02
   1.259800e-03   1.957775e+00   2.228845e+00   9.421205e+00     2.0781e-01   5.980776e-02   1.028928e+02
   1.277675e-03   1.971435e+00   2.246935e+00   9.401950e+00     2.0968e-01   5.863744e-02   9.644091e+01
   1.295551e-03   1.984514e+00   2.264301e+00   9.381954e+00     2.1152e-01   5.752744e-02   9.056903e+01
   1.313427e-03   1.997030e+00   2.280980e+00   9.362708e+00     2.1330e-01   5.643089e-02   8.521378e+01
   1.331303e-03   2.009003e+00   2.296981e+00   9.343297e+00     2.1502e-01   5.537539e-02   8.031998e+01
   1.349178e-03   2.020450e+00   2.312275e+00   9.330044e+00     2.1655e-01   5.417618e-02   7.583942e+01
   1.367054e-03   2.031390e+00   2.326979e+00   9.310150e+00     2.1819e-01   5.320706e-02   7.172905e+01
   1.384930e-03   2.041840e+00   2.341066e+00   9.290328e+00     2.1978e-01   5.226886e-02   6.795136e+01
   1.402806e-03   2.051819e+00   2.354557e+00   9.270470e+00     2.2133e-01   5.136375e-02   6.447311e+01
   1.420681e-03   2.061344e+00   2.367470e+00   9.250796e+00     2.2283e-01   5.048477e-02   6.126493e+01
   1.438557e-03   2.070432e+00   2.379821e+00   9.230900e+00     2.2429e-01   4.964216e-02   5.830083e+01
   1.456433e-03   2.079099e+00   2.391639e+00   9.211619e+00     2.2570e-01   4.881252e-02   5.555771e+01
   1.474309e-03   2.087360e+00   2.402930e+00   9.192055e+00     2.2708e-01   4.801912e-02   5.301508e+01
   1.492184e-03   2.095231e+00   2.413713e+00   9.172565e+00     2.2842e-01   4.725156e-02   5.065467e+01
   1.510060e-03   2.102727e+00   2.423958e+00   9.160007e+00     2.2956e-01   4.633530e-02   4.846026e+01
   1.527936e-03   2.109861e+00   2.433775e+00   9.140125e+00     2.3084e-01   4.563288e-02   4.641708e+01
   1.545812e-03   2.116648e+00   2.443141e+00   9.120355e+00     2.3208e-01   4.495256e-02   4.451213e+01
   1.563687e-03   2.123101e+00   2.452067e+00   9.100752e+00     2.3329e-01   4.429233e-02   4.273365e+01
   1.581563e-03   2.129233e+00   2.460572e+00   9.081296e+00     2.3446e-01   4.365200e-02   4.107108e+01
   1.617315e-03   2.140581e+00   2.476314e+00   9.050000e+00     2.3653e-01   4.226071e-02   3.805658e+01
   1.635190e-03   2.145822e+00   2.483621e+00   9.030133e+00     2.3763e-01   4.169803e-02   3.668825e+01
   1.670942e-03   2.155489e+00   2.497165e+00   8.991374e+00     2.3973e-01   4.061079e-02   3.419411e+01
   1.688818e-03   2.159938e+00   2.503420e+00   8.972470e+00     2.4073e-01   4.008560e-02   3.305605e+01
   1.706693e-03   2.164143e+00   2.509281e+00   8.960026e+00     2.4153e-01   3.943678e-02   3.198355e+01
   1.724569e-03   2.168115e+00   2.514881e+00   8.940459e+00     2.4251e-01   3.896436e-02   3.097164e+01
   1.742445e-03   2.171861e+00   2.520185e+00   8.921349e+00     2.4345e-01   3.849919e-02   3.001597e+01
   1.760321e-03   2.175392e+00   2.525193e+00   8.902701e+00     2.4435e-01   3.804085e-02   2.911252e+01
   1.778196e-03   2.178716e+00   2.529849e+00   8.890173e+00     2.4507e-01   3.746976e-02   2.825774e+01
   1.796072e-03   2.181841e+00   2.534294e+00   8.870899e+00     2.4595e-01   3.705789e-02   2.744811e+01
   1.813948e-03   2.184774e+00   2.538486e+00   8.852311e+00     2.4680e-01   3.664679e-02   2.668060e+01
   1.831824e-03   2.187523e+00   2.542350e+00   8.840130e+00     2.4745e-01   3.611936e-02   2.595247e+01
   1.849699e-03   2.190096e+00   2.546038e+00   8.821074e+00     2.4828e-01   3.574788e-02   2.526100e+01
   1.867575e-03   2.192499e+00   2.549492e+00   8.802659e+00     2.4907e-01   3.537705e-02   2.460382e+01
   1.903327e-03   2.196823e+00   2.555658e+00   8.771587e+00     2.5045e-01   3.456153e-02   2.338391e+01
   1.921202e-03   2.198756e+00   2.558392e+00   8.760039e+00     2.5100e-01   3.409644e-02   2.281721e+01
   1.939078e-03   2.200545e+00   2.560982e+00   8.740894e+00     2.5175e-01   3.379242e-02   2.227696e+01
   1.956954e-03   2.202195e+00   2.563384e+00   8.722608e+00     2.5247e-01   3.348328e-02   2.176156e+01
   1.992705e-03   2.205099e+00   2.567563e+00   8.692317e+00     2.5368e-01   3.278003e-02   2.079962e+01
   2.010581e-03   2.206364e+00   2.569349e+00   8.680388e+00     2.5418e-01   3.238578e-02   2.035041e+01
   2.028457e-03   2.207510e+00   2.571046e+00   8.662156e+00     2.5485e-01   3.212025e-02   1.992066e+01
   2.046333e-03   2.208543e+00   2.572501e+00   8.650413e+00     2.5531e-01   3.174538e-02   1.950941e+01
   2.064208e-03   2.209467e+00   2.573881e+00   8.632197e+00     2.5596e-01   3.149976e-02   1.911549e+01
   2.082084e-03   2.210285e+00   2.575032e+00   8.620463e+00     2.5640e-01   3.114614e-02   1.873806e+01
   2.099960e-03   2.211003e+00   2.576117e+00   8.602595e+00     2.5702e-01   3.091318e-02   1.837611e+01
   2.117836e-03   2.211623e+00   2.576985e+00   8.590709e+00     2.5744e-01   3.058241e-02   1.802893e+01
   2.135711e-03   2.212150e+00   2.577737e+00   8.580006e+00     2.5783e-01   3.024078e-02   1.769564e+01
   2.153587e-03   2.212588e+00   2.578405e+00   8.561183e+00     2.5844e-01   3.005132e-02   1.737554e+01
   2.171463e-03   2.212940e+00   2.578896e+00   8.550157e+00     2.5882e-01   2.973379e-02   1.706795e+01
   2.189339e-03   2.213209e+00   2.579338e+00   8.532118e+00     2.5940e-01   2.954673e-02   1.677221e+01
   2.207214e-03   2.213399e+00   2.579584e+00   8.520590e+00     2.5977e-01   2.925521e-02   1.648778e+01
   2.225090e-03   2.213512e+00   2.579736e+00   8.510008e+00     2.6011e-01   2.895621e-02   1.621404e+01
   2.242966e-03   2.213552e+00   2.579841e+00   8.491562e+00     2.6068e-01   2.879882e-02   1.595046e+01
   2.260842e-03   2.213521e+00   2.579772e+00   8.480413e+00     2.6102e-01   2.852525e-02   1.569659e+01
   2.278717e-03   2.213422e+00   2.579619e+00   8.470004e+00     2.6132e-01   2.824732e-02   1.545192e+01
   2.296593e-03   2.213259e+00   2.579423e+00   8.451560e+00     2.6188e-01   2.811053e-02   1.521602e+01
   2.314469e-03   2.213033e+00   2.579074e+00   8.440581e+00     2.6219e-01   2.785653e-02   1.498851e+01
   2.332345e-03   2.212746e+00   2.578644e+00   8.430030e+00     2.6248e-01   2.760286e-02   1.476898e+01
   2.368096e-03   2.212002e+00   2.577585e+00   8.400990e+00     2.6330e-01   2.724524e-02   1.435238e+01
   2.385972e-03   2.211549e+00   2.576906e+00   8.390298e+00     2.6358e-01   2.701389e-02   1.415466e+01
   2.403848e-03   2.211045e+00   2.576161e+00   8.380001e+00     2.6385e-01   2.678276e-02   1.396357e+01
   2.421723e-03   2.210492e+00   2.575399e+00   8.361867e+00     2.6435e-01   2.668277e-02   1.377881e+01
   2.439599e-03   2.209891e+00   2.574500e+00   8.351017e+00     2.6463e-01   2.647232e-02   1.360014e+01
   2.457475e-03   2.209245e+00   2.573536e+00   8.340399e+00     2.6488e-01   2.626419e-02   1.342728e+01
   2.475351e-03   2.208555e+00   2.572512e+00   8.330037e+00     2.6513e-01   2.605793e-02   1.325997e+01
   2.493226e-03   2.207823e+00   2.571500e+00   8.312930e+00     2.6559e-01   2.596242e-02   1.309795e+01
   2.511102e-03   2.207051e+00   2.570342e+00   8.301655e+00     2.6586e-01   2.578107e-02   1.294110e+01
   2.528978e-03   2.206240e+00   2.569139e+00   8.291173e+00     2.6610e-01   2.559272e-02   1.278914e+01
   2.546854e-03   2.205392e+00   2.567877e+00   8.280652e+00     2.6633e-01   2.541025e-02   1.264187e+01
   2.564729e-03   2.204509e+00   2.566565e+00   8.270253e+00     2.6656e-01   2.523105e-02   1.249911e+01
   2.582605e-03   2.203591e+00   2.565206e+00   8.260069e+00     2.6678e-01   2.505360e-02   1.236067e+01
   2.618357e-03   2.201659e+00   2.562410e+00   8.232491e+00     2.6744e-01   2.482162e-02   1.209610e+01
   2.654108e-03   2.199606e+00   2.559352e+00   8.211354e+00     2.6787e-01   2.451026e-02   1.184695e+01
   2.671984e-03   2.198537e+00   2.557761e+00   8.200963e+00     2.6808e-01   2.435854e-02   1.172778e+01
   2.689860e-03   2.197441e+00   2.556133e+00   8.190725e+00     2.6828e-01   2.420883e-02   1.161203e+01
   2.707735e-03   2.196320e+00   2.554467e+00   8.180523e+00     2.6848e-01   2.406277e-02   1.149957e+01
   2.725611e-03   2.195174e+00   2.552765e+00   8.170364e+00     2.6868e-01   2.392017e-02   1.139030e+01
   2.743487e-03   2.194005e+00   2.551030e+00   8.160289e+00     2.6886e-01   2.378033e-02   1.128408e+01
   2.761363e-03   2.192814e+00   2.549260e+00   8.150192e+00     2.6905e-01   2.364472e-02   1.118081e+01
   2.779238e-03   2.191601e+00   2.547457e+00   8.140093e+00     2.6924e-01   2.351291e-02   1.108039e+01
   2.797114e-03   2.190367e+00   2.545624e+00   8.130069e+00     2.6942e-01   2.338374e-02   1.098271e+01
   2.814990e-03   2.189113e+00   2.543762e+00   8.120049e+00     2.6959e-01   2.325813e-02   1.088769e+01
   2.832866e-03   2.187841e+00   2.541871e+00   8.110044e+00     2.6977e-01   2.313584e-02   1.079521e+01
   2.850741e-03   2.186551e+00   2.539954e+00   8.100080e+00     2.6994e-01   2.301642e-02   1.070521e+01
   2.868617e-03   2.185243e+00   2.538010e+00   8.090084e+00     2.7011e-01   2.290083e-02   1.061760e+01
   2.886493e-03   2.183919e+00   2.536040e+00   8.080085e+00     2.7028e-01   2.278856e-02   1.053229e+01
   2.904369e-03   2.182579e+00   2.534046e+00   8.070115e+00     2.7045e-01   2.267909e-02   1.044920e+01
   2.922244e-03   2.181224e+00   2.532029e+00   8.060140e+00     2.7062e-01   2.257283e-02   1.036828e+01
   2.957996e-03   2.178471e+00   2.527933e+00   8.040320e+00     2.7094e-01   2.236767e-02   1.021261e+01
   2.975872e-03   2.177075e+00   2.525854e+00   8.030422e+00     2.7110e-01   2.226936e-02   1.013773e+01
   2.993747e-03   2.175667e+00   2.523757e+00   8.020552e+00     2.7126e-01   2.217353e-02   1.006475e+01
   3.011623e-03   2.174246e+00   2.521644e+00   8.010763e+00     2.7142e-01   2.207941e-02   9.993596e+00
   3.029499e-03   2.172815e+00   2.519515e+00   8.001027e+00     2.7157e-01   2.198731e-02   9.924214e+00
   3.047375e-03   2.171372e+00   2.517373e+00   7.991436e+00     2.7171e-01   2.189593e-02   9.856548e+00
   3.065251e-03   2.169920e+00   2.515213e+00   7.981810e+00     2.7186e-01   2.180768e-02   9.790547e+00
   3.101002e-03   2.166986e+00   2.510847e+00   7.962623e+00     2.7214e-01   2.163806e-02   9.663337e+00
   3.118878e-03   2.165506e+00   2.508571e+00   7.960019e+00     2.7205e-01   2.146259e-02   9.602064e+00
   3.136754e-03   2.164018e+00   2.506350e+00   7.950148e+00     2.7220e-01   2.138796e-02   9.542240e+00
   3.154629e-03   2.162521e+00   2.504121e+00   7.940389e+00     2.7234e-01   2.131419e-02   9.483844e+00
   3.172505e-03   2.161018e+00   2.501884e+00   7.930726e+00     2.7249e-01   2.124147e-02   9.426836e+00
   3.190381e-03   2.159508e+00   2.499638e+00   7.921221e+00     2.7262e-01   2.116891e-02   9.371174e+00
   3.208257e-03   2.157991e+00   2.497378e+00   7.911658e+00     2.7276e-01   2.109937e-02   9.316819e+00
   3.226132e-03   2.156468e+00   2.495117e+00   7.902723e+00     2.7288e-01   2.102365e-02   9.263726e+00
   3.244008e-03   2.154939e+00   2.492765e+00   7.900030e+00     2.7278e-01   2.086759e-02   9.211911e+00
   3.261884e-03   2.153405e+00   2.490474e+00   7.890184e+00     2.7292e-01   2.080846e-02   9.161270e+00
   3.297635e-03   2.150322e+00   2.485887e+00   7.871297e+00     2.7319e-01   2.068573e-02   9.063451e+00
   3.333387e-03   2.147221e+00   2.481205e+00   7.860003e+00     2.7318e-01   2.047186e-02   8.970063e+00
   3.351263e-03   2.145665e+00   2.478880e+00   7.850195e+00     2.7333e-01   2.042231e-02   8.924948e+00
   3.369138e-03   2.144106e+00   2.476556e+00   7.840670e+00     2.7346e-01   2.037093e-02   8.880847e+00
   3.387014e-03   2.142543e+00   2.474230e+00   7.831406e+00     2.7358e-01   2.031802e-02   8.837733e+00
   3.404890e-03   2.140978e+00   2.471906e+00   7.822646e+00     2.7369e-01   2.026038e-02   8.795570e+00
   3.422766e-03   2.139410e+00   2.469496e+00   7.820057e+00     2.7358e-01   2.012506e-02   8.754390e+00
   3.440641e-03   2.137839e+00   2.467150e+00   7.810421e+00     2.7372e-01   2.008244e-02   8.714097e+00
   3.458517e-03   2.136266e+00   2.464809e+00   7.801178e+00     2.7384e-01   2.003647e-02   8.674691e+00
   3.476393e-03   2.134692e+00   2.462472e+00   7.792427e+00     2.7394e-01   1.998587e-02   8.636141e+00
   3.494269e-03   2.133115e+00   2.460052e+00   7.790036e+00     2.7383e-01   1.985579e-02   8.598476e+00
   3.512144e-03   2.131538e+00   2.457694e+00   7.780430e+00     2.7396e-01   1.981956e-02   8.561613e+00
   3.530020e-03   2.129959e+00   2.455343e+00   7.771208e+00     2.7408e-01   1.978004e-02   8.525549e+00
   3.547896e-03   2.128379e+00   2.453001e+00   7.762636e+00     2.7418e-01   1.973380e-02   8.490256e+00
   3.583647e-03   2.125217e+00   2.448209e+00   7.750661e+00     2.7420e-01   1.958075e-02   8.422005e+00
   3.601523e-03   2.123635e+00   2.445860e+00   7.741763e+00     2.7431e-01   1.954337e-02   8.388960e+00
   3.619399e-03   2.122053e+00   2.443440e+00   7.740014e+00     2.7417e-01   1.941762e-02   8.356647e+00
   3.637275e-03   2.120471e+00   2.441072e+00   7.730381e+00     2.7430e-01   1.939249e-02   8.325015e+00
   3.655150e-03   2.118889e+00   2.438721e+00   7.721347e+00     2.7442e-01   1.936127e-02   8.294055e+00
   3.690902e-03   2.115726e+00   2.433939e+00   7.710243e+00     2.7440e-01   1.921610e-02   8.234122e+00
   3.708778e-03   2.114145e+00   2.431588e+00   7.701137e+00     2.7452e-01   1.919002e-02   8.205100e+00
   3.726653e-03   2.112566e+00   2.429244e+00   7.692539e+00     2.7463e-01   1.915892e-02   8.176683e+00
   3.744529e-03   2.110986e+00   2.426815e+00   7.690225e+00     2.7450e-01   1.905121e-02   8.148907e+00
   3.762405e-03   2.109408e+00   2.424466e+00   7.681044e+00     2.7463e-01   1.903005e-02   8.121692e+00
   3.780281e-03   2.107831e+00   2.422127e+00   7.672493e+00     2.7473e-01   1.900234e-02   8.095040e+00
   3.798156e-03   2.106256e+00   2.419703e+00   7.670238e+00     2.7460e-01   1.889826e-02   8.068988e+00
   3.816032e-03   2.104681e+00   2.417365e+00   7.661245e+00     2.7472e-01   1.887857e-02   8.043459e+00
   3.869659e-03   2.099968e+00   2.410280e+00   7.641354e+00     2.7482e-01   1.873980e-02   7.970064e+00
   3.887535e-03   2.098400e+00   2.407884e+00   7.640012e+00     2.7466e-01   1.863140e-02   7.946627e+00
   3.923287e-03   2.095271e+00   2.403232e+00   7.622093e+00     2.7489e-01   1.860430e-02   7.901188e+00
   3.941162e-03   2.093709e+00   2.400833e+00   7.620144e+00     2.7476e-01   1.850717e-02   7.879205e+00
   3.976914e-03   2.090593e+00   2.396205e+00   7.602726e+00     2.7498e-01   1.848066e-02   7.836553e+00
   3.994790e-03   2.089039e+00   2.393815e+00   7.600414e+00     2.7486e-01   1.839154e-02   7.815936e+00
   4.030541e-03   2.085937e+00   2.389139e+00   7.590104e+00     2.7482e-01   1.828568e-02   7.775937e+00
   4.084168e-03   2.081304e+00   2.382185e+00   7.570624e+00     2.7492e-01   1.818333e-02   7.719031e+00
   4.102044e-03   2.079765e+00   2.379909e+00   7.562338e+00     2.7502e-01   1.817274e-02   7.700837e+00
   4.119920e-03   2.078230e+00   2.377548e+00   7.560217e+00     2.7489e-01   1.808931e-02   7.683063e+00
   4.137796e-03   2.076697e+00   2.375276e+00   7.551530e+00     2.7500e-01   1.808549e-02   7.665636e+00
   4.155671e-03   2.075167e+00   2.372933e+00   7.550009e+00     2.7486e-01   1.799704e-02   7.648595e+00
   4.173547e-03   2.073641e+00   2.370665e+00   7.541026e+00     2.7498e-01   1.799861e-02   7.631901e+00
   4.209299e-03   2.070597e+00   2.366075e+00   7.530620e+00     2.7496e-01   1.791449e-02   7.599578e+00
   4.227174e-03   2.069079e+00   2.363830e+00   7.522454e+00     2.7505e-01   1.790906e-02   7.583910e+00
   4.262926e-03   2.066055e+00   2.359275e+00   7.512210e+00     2.7503e-01   1.782857e-02   7.553608e+00
   4.280802e-03   2.064548e+00   2.356961e+00   7.510196e+00     2.7490e-01   1.775298e-02   7.538959e+00
   4.298677e-03   2.063044e+00   2.354736e+00   7.501742e+00     2.7501e-01   1.775443e-02   7.524595e+00
   4.316553e-03   2.061544e+00   2.352440e+00   7.500185e+00     2.7487e-01   1.767532e-02   7.510564e+00
   4.334429e-03   2.060048e+00   2.350221e+00   7.491488e+00     2.7499e-01   1.768129e-02   7.496816e+00
   4.370180e-03   2.057065e+00   2.345729e+00   7.481325e+00     2.7496e-01   1.761053e-02   7.470227e+00
   4.388056e-03   2.055579e+00   2.343460e+00   7.480046e+00     2.7481e-01   1.753180e-02   7.457372e+00
   4.405932e-03   2.054097e+00   2.341259e+00   7.471155e+00     2.7494e-01   1.754322e-02   7.444787e+00
   4.423808e-03   2.052618e+00   2.339004e+00   7.470035e+00     2.7478e-01   1.746438e-02   7.432489e+00
   4.441683e-03   2.051143e+00   2.336812e+00   7.461024e+00     2.7491e-01   1.747872e-02   7.420454e+00
   4.459559e-03   2.049672e+00   2.334572e+00   7.460026e+00     2.7475e-01   1.740017e-02   7.408694e+00
   4.477435e-03   2.048205e+00   2.332392e+00   7.451071e+00     2.7489e-01   1.741532e-02   7.397188e+00
   4.513186e-03   2.045282e+00   2.327992e+00   7.441000e+00     2.7487e-01   1.735641e-02   7.374954e+00
   4.531062e-03   2.043826e+00   2.325777e+00   7.440048e+00     2.7471e-01   1.728059e-02   7.364216e+00
   4.548938e-03   2.042374e+00   2.323623e+00   7.431223e+00     2.7484e-01   1.729708e-02   7.353713e+00
   4.566814e-03   2.040926e+00   2.321416e+00   7.430063e+00     2.7468e-01   1.722526e-02   7.343462e+00
   4.584689e-03   2.039482e+00   2.319275e+00   7.421365e+00     2.7481e-01   1.724166e-02   7.333435e+00
   4.602565e-03   2.038042e+00   2.317079e+00   7.420111e+00     2.7466e-01   1.717246e-02   7.323653e+00
   4.620441e-03   2.036606e+00   2.314953e+00   7.411578e+00     2.7479e-01   1.718828e-02   7.314084e+00
   4.656192e-03   2.033745e+00   2.310657e+00   7.401919e+00     2.7476e-01   1.713621e-02   7.295629e+00
   4.674068e-03   2.032321e+00   2.308479e+00   7.400301e+00     2.7463e-01   1.707415e-02   7.286744e+00
   4.691944e-03   2.030901e+00   2.306386e+00   7.392285e+00     2.7473e-01   1.708660e-02   7.278042e+00
   4.709820e-03   2.029484e+00   2.304216e+00   7.390428e+00     2.7461e-01   1.702870e-02   7.269585e+00
   4.727695e-03   2.028072e+00   2.302136e+00   7.382464e+00     2.7471e-01   1.704181e-02   7.261295e+00
   4.745571e-03   2.026664e+00   2.299982e+00   7.380724e+00     2.7459e-01   1.698392e-02   7.253251e+00
   4.799198e-03   2.022464e+00   2.293650e+00   7.370041e+00     2.7442e-01   1.687714e-02   7.230245e+00
   4.817074e-03   2.021072e+00   2.291592e+00   7.361480e+00     2.7455e-01   1.690012e-02   7.222952e+00
   4.870701e-03   2.016922e+00   2.285328e+00   7.350424e+00     2.7440e-01   1.680508e-02   7.202219e+00
   4.888577e-03   2.015546e+00   2.283305e+00   7.342497e+00     2.7450e-01   1.682310e-02   7.195644e+00
   4.906453e-03   2.014175e+00   2.281211e+00   7.340928e+00     2.7438e-01   1.676905e-02   7.189287e+00
   4.942204e-03   2.011445e+00   2.277121e+00   7.331486e+00     2.7436e-01   1.673470e-02   7.177047e+00
   4.960080e-03   2.010086e+00   2.275049e+00   7.330214e+00     2.7422e-01   1.667910e-02   7.171190e+00
   4.977956e-03   2.008731e+00   2.273060e+00   7.322329e+00     2.7433e-01   1.669934e-02   7.165473e+00
   4.995832e-03   2.007381e+00   2.270992e+00   7.320562e+00     2.7421e-01   1.665053e-02   7.159954e+00
   5.013707e-03   2.006034e+00   2.268955e+00   7.320002e+00     2.7405e-01   1.658866e-02   7.154580e+00
   5.031583e-03   2.004692e+00   2.266968e+00   7.311224e+00     2.7419e-01   1.662058e-02   7.149356e+00
   5.049459e-03   2.003354e+00   2.264931e+00   7.310116e+00     2.7405e-01   1.656601e-02   7.144300e+00
   5.067335e-03   2.002020e+00   2.262973e+00   7.302142e+00     2.7417e-01   1.658984e-02   7.139375e+00
   5.085210e-03   2.000690e+00   2.260939e+00   7.300505e+00     2.7405e-01   1.654236e-02   7.134633e+00
   5.103086e-03   1.999364e+00   2.258998e+00   7.293008e+00     2.7415e-01   1.656176e-02   7.129994e+00
   5.120962e-03   1.998043e+00   2.256980e+00   7.291237e+00     2.7403e-01   1.651688e-02   7.125558e+00
   5.138838e-03   1.996725e+00   2.254977e+00   7.290194e+00     2.7389e-01   1.646430e-02   7.121247e+00
   5.156713e-03   1.995412e+00   2.253050e+00   7.282261e+00     2.7401e-01   1.649009e-02   7.117056e+00
   5.174589e-03   1.994103e+00   2.251048e+00   7.280607e+00     2.7389e-01   1.644546e-02   7.113038e+00
   5.192465e-03   1.992798e+00   2.249075e+00   7.280011e+00     2.7374e-01   1.638945e-02   7.109144e+00
   5.210341e-03   1.991497e+00   2.247154e+00   7.271371e+00     2.7388e-01   1.642460e-02   7.105378e+00
   5.228216e-03   1.990200e+00   2.245181e+00   7.270262e+00     2.7375e-01   1.637534e-02   7.101761e+00
   5.246092e-03   1.988907e+00   2.243289e+00   7.262504e+00     2.7386e-01   1.640148e-02   7.098247e+00
   5.263968e-03   1.987618e+00   2.241324e+00   7.261029e+00     2.7374e-01   1.635733e-02   7.094906e+00
   5.281844e-03   1.986334e+00   2.239375e+00   7.260127e+00     2.7359e-01   1.630725e-02   7.091679e+00
   5.299719e-03   1.985054e+00   2.237499e+00   7.252160e+00     2.7372e-01   1.633704e-02   7.088558e+00
   5.317595e-03   1.983777e+00   2.235550e+00   7.250622e+00     2.7360e-01   1.629506e-02   7.085595e+00
   5.335471e-03   1.982505e+00   2.233626e+00   7.250013e+00     2.7345e-01   1.624315e-02   7.082742e+00
   5.353347e-03   1.981237e+00   2.231760e+00   7.241581e+00     2.7359e-01   1.627945e-02   7.079999e+00
   5.371222e-03   1.979973e+00   2.229837e+00   7.240419e+00     2.7346e-01   1.623464e-02   7.077396e+00
   5.424850e-03   1.976205e+00   2.224182e+00   7.230280e+00     2.7332e-01   1.617751e-02   7.070267e+00
   5.442725e-03   1.974958e+00   2.222356e+00   7.222386e+00     2.7345e-01   1.620986e-02   7.068099e+00
   5.460601e-03   1.973714e+00   2.220464e+00   7.221093e+00     2.7333e-01   1.616874e-02   7.066082e+00
   5.496353e-03   1.971238e+00   2.216775e+00   7.212135e+00     2.7332e-01   1.615906e-02   7.062335e+00
   5.514228e-03   1.970007e+00   2.214902e+00   7.210921e+00     2.7320e-01   1.611835e-02   7.060642e+00
   5.549980e-03   1.967556e+00   2.211256e+00   7.202273e+00     2.7319e-01   1.610763e-02   7.057537e+00
   5.603607e-03   1.963909e+00   2.205789e+00   7.192223e+00     2.7306e-01   1.606192e-02   7.053678e+00
   5.621483e-03   1.962701e+00   2.203951e+00   7.190893e+00     2.7294e-01   1.602498e-02   7.052608e+00
   5.639359e-03   1.961497e+00   2.202128e+00   7.190097e+00     2.7281e-01   1.598252e-02   7.051625e+00
   5.675110e-03   1.959102e+00   2.198556e+00   7.180810e+00     2.7282e-01   1.598434e-02   7.049942e+00
   5.692986e-03   1.957910e+00   2.196754e+00   7.180123e+00     2.7268e-01   1.594183e-02   7.049248e+00
   5.710862e-03   1.956722e+00   2.195021e+00   7.172189e+00     2.7282e-01   1.598022e-02   7.048628e+00
   5.728737e-03   1.955538e+00   2.193221e+00   7.170953e+00     2.7270e-01   1.594454e-02   7.048131e+00
   5.764489e-03   1.953181e+00   2.189721e+00   7.162329e+00     2.7270e-01   1.594262e-02   7.047368e+00
   5.782365e-03   1.952009e+00   2.187940e+00   7.161076e+00     2.7259e-01   1.590824e-02   7.047145e+00
   5.800240e-03   1.950841e+00   2.186171e+00   7.160253e+00     2.7245e-01   1.586948e-02   7.046999e+00
   5.835992e-03   1.948515e+00   2.182717e+00   7.151386e+00     2.7247e-01   1.587304e-02   7.046952e+00
   5.853868e-03   1.947358e+00   2.180962e+00   7.150433e+00     2.7234e-01   1.583679e-02   7.047067e+00
   5.871743e-03   1.946205e+00   2.179228e+00   7.150015e+00     2.7220e-01   1.579501e-02   7.047260e+00
   5.889619e-03   1.945056e+00   2.177550e+00   7.141892e+00     2.7234e-01   1.583877e-02   7.047522e+00
   5.907495e-03   1.943910e+00   2.175807e+00   7.140636e+00     2.7223e-01   1.580691e-02   7.047892e+00
   5.925371e-03   1.942768e+00   2.174086e+00   7.140049e+00     2.7209e-01   1.576800e-02   7.048332e+00
   5.943246e-03   1.941630e+00   2.172432e+00   7.132297e+00     2.7223e-01   1.580863e-02   7.048833e+00
   5.978998e-03   1.939366e+00   2.168999e+00   7.130199e+00     2.7199e-01   1.574267e-02   7.050125e+00
   6.014749e-03   1.937116e+00   2.165664e+00   7.121430e+00     2.7201e-01   1.575170e-02   7.051702e+00
   6.050501e-03   1.934881e+00   2.162352e+00   7.113138e+00     2.7202e-01   1.575670e-02   7.053560e+00
   6.068377e-03   1.933770e+00   2.160674e+00   7.112123e+00     2.7190e-01   1.572509e-02   7.054635e+00
   6.086253e-03   1.932662e+00   2.158989e+00   7.110767e+00     2.7179e-01   1.569759e-02   7.055777e+00
   6.122004e-03   1.930456e+00   2.155728e+00   7.102479e+00     2.7180e-01   1.570496e-02   7.058227e+00
   6.157756e-03   1.928266e+00   2.152413e+00   7.100496e+00     2.7157e-01   1.564403e-02   7.061004e+00
   6.193507e-03   1.926090e+00   2.149200e+00   7.092283e+00     2.7158e-01   1.565291e-02   7.064017e+00
   6.229259e-03   1.923928e+00   2.145927e+00   7.090257e+00     2.7135e-01   1.559484e-02   7.067335e+00
   6.247134e-03   1.922852e+00   2.144375e+00   7.082958e+00     2.7148e-01   1.563539e-02   7.069053e+00
   6.265010e-03   1.921781e+00   2.142755e+00   7.081779e+00     2.7137e-01   1.560890e-02   7.070887e+00
   6.282886e-03   1.920712e+00   2.141137e+00   7.080773e+00     2.7126e-01   1.558079e-02   7.072777e+00
   6.300762e-03   1.919647e+00   2.139533e+00   7.080139e+00     2.7113e-01   1.554889e-02   7.074723e+00
   6.318637e-03   1.918586e+00   2.137999e+00   7.072564e+00     2.7127e-01   1.559353e-02   7.076704e+00
   6.336513e-03   1.917528e+00   2.136398e+00   7.071352e+00     2.7117e-01   1.556852e-02   7.078791e+00
   6.354389e-03   1.916474e+00   2.134806e+00   7.070579e+00     2.7105e-01   1.553894e-02   7.080928e+00
   6.372265e-03   1.915423e+00   2.133227e+00   7.070077e+00     2.7092e-01   1.550670e-02   7.083122e+00
   6.408016e-03   1.913332e+00   2.130135e+00   7.061294e+00     2.7096e-01   1.552838e-02   7.087681e+00
   6.425892e-03   1.912292e+00   2.128564e+00   7.060507e+00     2.7084e-01   1.550004e-02   7.090058e+00
   6.443768e-03   1.911255e+00   2.127008e+00   7.060065e+00     2.7071e-01   1.546821e-02   7.092490e+00
   6.461643e-03   1.910222e+00   2.125513e+00   7.052247e+00     2.7087e-01   1.551754e-02   7.094960e+00
   6.497395e-03   1.908165e+00   2.122409e+00   7.050478e+00     2.7064e-01   1.546481e-02   7.100127e+00
   6.515271e-03   1.907142e+00   2.120873e+00   7.050034e+00     2.7052e-01   1.543403e-02   7.102787e+00
   6.533146e-03   1.906122e+00   2.119400e+00   7.042233e+00     2.7067e-01   1.548413e-02   7.105483e+00
   6.551022e-03   1.905106e+00   2.117865e+00   7.041229e+00     2.7056e-01   1.545995e-02   7.108265e+00
   6.586774e-03   1.903083e+00   2.114823e+00   7.040068e+00     2.7032e-01   1.540310e-02   7.113974e+00
   6.604649e-03   1.902077e+00   2.113369e+00   7.032195e+00     2.7048e-01   1.545493e-02   7.116886e+00
   6.622525e-03   1.901074e+00   2.111859e+00   7.031386e+00     2.7037e-01   1.542958e-02   7.119882e+00
   6.640401e-03   1.900074e+00   2.110350e+00   7.030558e+00     2.7026e-01   1.540470e-02   7.122925e+00
   6.658277e-03   1.899078e+00   2.108854e+00   7.030063e+00     2.7014e-01   1.537643e-02   7.126016e+00
   6.694028e-03   1.897095e+00   2.105934e+00   7.021570e+00     2.7018e-01   1.540270e-02   7.132336e+00
   6.729780e-03   1.895125e+00   2.102970e+00   7.020190e+00     2.6995e-01   1.535203e-02   7.138878e+00
   6.765531e-03   1.893168e+00   2.100095e+00   7.012039e+00     2.6999e-01   1.537635e-02   7.145590e+00
   6.783407e-03   1.892194e+00   2.098621e+00   7.010804e+00     2.6990e-01   1.535778e-02   7.149040e+00
   6.801283e-03   1.891224e+00   2.097166e+00   7.010375e+00     2.6977e-01   1.533060e-02   7.152528e+00
   6.819158e-03   1.890257e+00   2.095719e+00   7.010027e+00     2.6965e-01   1.530278e-02   7.156061e+00
   6.837034e-03   1.889293e+00   2.094331e+00   7.002287e+00     2.6981e-01   1.535599e-02   7.159621e+00
   6.890661e-03   1.886419e+00   2.090012e+00   7.000157e+00     2.6948e-01   1.528630e-02   7.170654e+00
   6.926413e-03   1.884520e+00   2.087223e+00   6.991878e+00     2.6953e-01   1.531586e-02   7.178208e+00
   6.944289e-03   1.883574e+00   2.085799e+00   6.990969e+00     2.6943e-01   1.529565e-02   7.182070e+00
   6.997916e-03   1.880757e+00   2.081636e+00   6.982303e+00     2.6936e-01   1.530115e-02   7.193868e+00
   7.015792e-03   1.879824e+00   2.080232e+00   6.981389e+00     2.6926e-01   1.528181e-02   7.197905e+00
   7.033667e-03   1.878895e+00   2.078835e+00   6.980700e+00     2.6916e-01   1.526020e-02   7.201977e+00
   7.051543e-03   1.877968e+00   2.077445e+00   6.980164e+00     2.6904e-01   1.523713e-02   7.206087e+00
   7.069419e-03   1.877044e+00   2.076070e+00   6.980015e+00     2.6892e-01   1.521007e-02   7.210237e+00
   7.087295e-03   1.876123e+00   2.074744e+00   6.972058e+00     2.6909e-01   1.526843e-02   7.214411e+00
   7.105170e-03   1.875206e+00   2.073364e+00   6.971220e+00     2.6899e-01   1.524923e-02   7.218652e+00
   7.123046e-03   1.874291e+00   2.071991e+00   6.970575e+00     2.6889e-01   1.522813e-02   7.222928e+00
   7.140922e-03   1.873379e+00   2.070628e+00   6.970180e+00     2.6877e-01   1.520450e-02   7.227240e+00
   7.194549e-03   1.870662e+00   2.066614e+00   6.961152e+00     2.6873e-01   1.522035e-02   7.240404e+00
   7.212425e-03   1.869762e+00   2.065264e+00   6.960569e+00     2.6862e-01   1.519952e-02   7.244876e+00
   7.248176e-03   1.867971e+00   2.062648e+00   6.952918e+00     2.6866e-01   1.522920e-02   7.253893e+00
   7.301804e-03   1.865306e+00   2.058650e+00   6.950578e+00     2.6837e-01   1.517534e-02   7.267778e+00
   7.319679e-03   1.864423e+00   2.057331e+00   6.950141e+00     2.6826e-01   1.515401e-02   7.272470e+00
   7.337555e-03   1.863543e+00   2.056080e+00   6.943037e+00     2.6840e-01   1.520560e-02   7.277161e+00
   7.355431e-03   1.862667e+00   2.054767e+00   6.942222e+00     2.6831e-01   1.518873e-02   7.281941e+00
   7.373307e-03   1.861793e+00   2.053454e+00   6.941311e+00     2.6822e-01   1.517309e-02   7.286751e+00
   7.391182e-03   1.860921e+00   2.052146e+00   6.940596e+00     2.6812e-01   1.515549e-02   7.291590e+00
   7.426934e-03   1.859187e+00   2.049563e+00   6.940011e+00     2.6789e-01   1.511160e-02   7.301363e+00
   7.444810e-03   1.858325e+00   2.048328e+00   6.932175e+00     2.6807e-01   1.517219e-02   7.306282e+00
   7.462685e-03   1.857465e+00   2.047040e+00   6.931474e+00     2.6798e-01   1.515509e-02   7.311262e+00
   7.480561e-03   1.856607e+00   2.045755e+00   6.930797e+00     2.6788e-01   1.513790e-02   7.316273e+00
   7.498437e-03   1.855753e+00   2.044478e+00   6.930327e+00     2.6777e-01   1.511863e-02   7.321314e+00
   7.516313e-03   1.854901e+00   2.043211e+00   6.930081e+00     2.6766e-01   1.509710e-02   7.326386e+00
   7.534188e-03   1.854052e+00   2.042002e+00   6.922691e+00     2.6782e-01   1.515363e-02   7.331460e+00
   7.552064e-03   1.853206e+00   2.040738e+00   6.922037e+00     2.6773e-01   1.513685e-02   7.336609e+00
   7.569940e-03   1.852362e+00   2.039471e+00   6.921109e+00     2.6764e-01   1.512323e-02   7.341790e+00
   7.587816e-03   1.851522e+00   2.038212e+00   6.920511e+00     2.6754e-01   1.510616e-02   7.346994e+00
   7.605691e-03   1.850684e+00   2.036964e+00   6.920183e+00     2.6743e-01   1.508632e-02   7.352228e+00
   7.623567e-03   1.849848e+00   2.035779e+00   6.913101e+00     2.6759e-01   1.514030e-02   7.357454e+00
   7.659319e-03   1.848185e+00   2.033293e+00   6.911559e+00     2.6740e-01   1.511103e-02   7.368102e+00
   7.677194e-03   1.847358e+00   2.032055e+00   6.910908e+00     2.6731e-01   1.509532e-02   7.373465e+00
   7.695070e-03   1.846533e+00   2.030823e+00   6.910398e+00     2.6721e-01   1.507823e-02   7.378855e+00
   7.730822e-03   1.844891e+00   2.028437e+00   6.902854e+00     2.6726e-01   1.511568e-02   7.389686e+00
   7.748697e-03   1.844074e+00   2.027218e+00   6.902142e+00     2.6717e-01   1.510124e-02   7.395177e+00
   7.802325e-03   1.841639e+00   2.023580e+00   6.900361e+00     2.6689e-01   1.505492e-02   7.411799e+00
   7.838076e-03   1.840029e+00   2.021243e+00   6.892847e+00     2.6695e-01   1.509382e-02   7.422979e+00
   7.855952e-03   1.839227e+00   2.020048e+00   6.892191e+00     2.6686e-01   1.507964e-02   7.428642e+00
   7.873828e-03   1.838428e+00   2.018851e+00   6.891351e+00     2.6677e-01   1.506762e-02   7.434330e+00
   7.891703e-03   1.837632e+00   2.017660e+00   6.890669e+00     2.6668e-01   1.505401e-02   7.440040e+00
   7.909579e-03   1.836838e+00   2.016480e+00   6.890370e+00     2.6658e-01   1.503636e-02   7.445774e+00
   7.945331e-03   1.835258e+00   2.014189e+00   6.882850e+00     2.6664e-01   1.507703e-02   7.457286e+00
   7.963206e-03   1.834472e+00   2.013015e+00   6.882069e+00     2.6656e-01   1.506507e-02   7.463115e+00
   8.016834e-03   1.832127e+00   2.009519e+00   6.880416e+00     2.6628e-01   1.502242e-02   7.480729e+00
   8.034709e-03   1.831351e+00   2.008367e+00   6.880162e+00     2.6618e-01   1.500524e-02   7.486648e+00
   8.052585e-03   1.830577e+00   2.007220e+00   6.880004e+00     2.6607e-01   1.498717e-02   7.492592e+00
   8.070461e-03   1.829805e+00   2.006125e+00   6.872325e+00     2.6626e-01   1.505130e-02   7.498539e+00
   8.124088e-03   1.827505e+00   2.002697e+00   6.870594e+00     2.6599e-01   1.501189e-02   7.516618e+00
   8.141964e-03   1.826743e+00   2.001565e+00   6.870252e+00     2.6589e-01   1.499645e-02   7.522689e+00
   8.159840e-03   1.825984e+00   2.000439e+00   6.870053e+00     2.6579e-01   1.497960e-02   7.528783e+00
   8.177715e-03   1.825227e+00   1.999371e+00   6.862826e+00     2.6596e-01   1.503959e-02   7.534868e+00
   8.195591e-03   1.824472e+00   1.998249e+00   6.862246e+00     2.6587e-01   1.502713e-02   7.541023e+00
   8.213467e-03   1.823719e+00   1.997125e+00   6.861435e+00     2.6579e-01   1.501733e-02   7.547201e+00
   8.231343e-03   1.822969e+00   1.996008e+00   6.860887e+00     2.6570e-01   1.500476e-02   7.553396e+00
   8.249218e-03   1.822222e+00   1.994896e+00   6.860457e+00     2.6561e-01   1.499104e-02   7.559613e+00
   8.267094e-03   1.821476e+00   1.993792e+00   6.860214e+00     2.6551e-01   1.497540e-02   7.565851e+00
   8.302846e-03   1.819993e+00   1.991645e+00   6.852511e+00     2.6560e-01   1.502334e-02   7.578367e+00
   8.320721e-03   1.819254e+00   1.990548e+00   6.851983e+00     2.6551e-01   1.501116e-02   7.584684e+00
   8.338597e-03   1.818518e+00   1.989449e+00   6.851264e+00     2.6543e-01   1.500120e-02   7.591023e+00
   8.356473e-03   1.817784e+00   1.988357e+00   6.850746e+00     2.6534e-01   1.498916e-02   7.597378e+00
   8.374349e-03   1.817053e+00   1.987273e+00   6.850425e+00     2.6525e-01   1.497509e-02   7.603754e+00
   8.392224e-03   1.816323e+00   1.986192e+00   6.850164e+00     2.6515e-01   1.496048e-02   7.610151e+00
   8.410100e-03   1.815596e+00   1.985171e+00   6.843149e+00     2.6532e-01   1.501983e-02   7.616527e+00
   8.427976e-03   1.814872e+00   1.984094e+00   6.842492e+00     2.6524e-01   1.500977e-02   7.622981e+00
   8.463727e-03   1.813429e+00   1.981950e+00   6.841360e+00     2.6507e-01   1.498803e-02   7.635944e+00
   8.481603e-03   1.812711e+00   1.980882e+00   6.840811e+00     2.6498e-01   1.497714e-02   7.642453e+00
   8.499479e-03   1.811995e+00   1.979821e+00   6.840471e+00     2.6489e-01   1.496407e-02   7.648981e+00
   8.517355e-03   1.811281e+00   1.978764e+00   6.840212e+00     2.6480e-01   1.495024e-02   7.655528e+00
   8.553106e-03   1.809861e+00   1.976715e+00   6.832731e+00     2.6488e-01   1.499908e-02   7.668651e+00
   8.570982e-03   1.809154e+00   1.975667e+00   6.832214e+00     2.6480e-01   1.498839e-02   7.675271e+00
   8.588858e-03   1.808449e+00   1.974618e+00   6.831529e+00     2.6472e-01   1.497966e-02   7.681909e+00
   8.606733e-03   1.807746e+00   1.973573e+00   6.830951e+00     2.6464e-01   1.496987e-02   7.688565e+00
   8.624609e-03   1.807046e+00   1.972535e+00   6.830598e+00     2.6455e-01   1.495772e-02   7.695236e+00
   8.642485e-03   1.806347e+00   1.971501e+00   6.830293e+00     2.6446e-01   1.494516e-02   7.701926e+00
   8.660361e-03   1.805651e+00   1.970472e+00   6.830096e+00     2.6437e-01   1.493152e-02   7.708636e+00
   8.678236e-03   1.804957e+00   1.969500e+00   6.822976e+00     2.6454e-01   1.499377e-02   7.715326e+00
   8.696112e-03   1.804265e+00   1.968473e+00   6.822363e+00     2.6446e-01   1.498490e-02   7.722088e+00
   8.713988e-03   1.803575e+00   1.967452e+00   6.821950e+00     2.6438e-01   1.497392e-02   7.728861e+00
   8.731864e-03   1.802888e+00   1.966430e+00   6.821322e+00     2.6430e-01   1.496542e-02   7.735657e+00
   8.767615e-03   1.801518e+00   1.964400e+00   6.820451e+00     2.6413e-01   1.494450e-02   7.749293e+00
   8.785491e-03   1.800837e+00   1.963391e+00   6.820152e+00     2.6405e-01   1.493271e-02   7.756137e+00
   8.803367e-03   1.800158e+00   1.962389e+00   6.820048e+00     2.6395e-01   1.491888e-02   7.762999e+00
   8.839118e-03   1.798805e+00   1.960440e+00   6.812149e+00     2.6406e-01   1.497579e-02   7.776759e+00
   8.856994e-03   1.798132e+00   1.959446e+00   6.811827e+00     2.6397e-01   1.496463e-02   7.783679e+00
   8.874870e-03   1.797461e+00   1.958450e+00   6.811283e+00     2.6389e-01   1.495602e-02   7.790621e+00
   8.892745e-03   1.796792e+00   1.957457e+00   6.810756e+00     2.6382e-01   1.494732e-02   7.797579e+00
   8.910621e-03   1.796125e+00   1.956471e+00   6.810466e+00     2.6373e-01   1.493611e-02   7.804551e+00
   8.946373e-03   1.794797e+00   1.954510e+00   6.810055e+00     2.6355e-01   1.491216e-02   7.818546e+00
   8.964248e-03   1.794136e+00   1.953588e+00   6.802944e+00     2.6373e-01   1.497605e-02   7.825531e+00
   8.982124e-03   1.793477e+00   1.952612e+00   6.802299e+00     2.6366e-01   1.496914e-02   7.832587e+00
   9.000000e-03   1.792820e+00   1.951639e+00   6.801763e+00     2.6358e-01   1.496112e-02   7.839652e+00
