pc	M	R	C	k2	j3
9.999999999999999799e-13	1.547097648815912441e-01	1.557136578054495502e+01	1.467105193518763312e-02	6.158921108652511828e-02	0.000000000000000000e+00
1.047370897959448749e-12	1.596950687831794891e-01	1.544073011874607992e+01	1.527192943173673496e-02	6.455992119572061261e-02	0.000000000000000000e+00
1.096985797892381920e-12	1.648954085463094354e-01	1.531921848536934405e+01	1.589432861751945147e-02	6.761758185278693434e-02	0.000000000000000000e+00
1.148951000187311009e-12	1.703159609879334180e-01	1.520644595635287999e+01	1.653856641281334708e-02	7.075593663409131262e-02	0.000000000000000000e+00
1.203377840777590522e-12	1.759614225856101222e-01	1.510203515402511520e+01	1.720490276842418301e-02	7.396783507796865498e-02	0.000000000000000000e+00
1.260382929679727463e-12	1.818358997505885588e-01	1.500561401709991749e+01	1.789353280237680408e-02	7.724521930366309852e-02	0.000000000000000000e+00
1.320088400831416649e-12	1.879430128718769244e-01	1.491681247278817679e+01	1.860460225190705211e-02	8.057927219878262270e-02	0.000000000000000000e+00
1.382622173764653478e-12	1.942864737510585915e-01	1.483525831424526231e+01	1.933827306244279703e-02	8.396082771783890120e-02	0.000000000000000000e+00
1.448118227674535917e-12	2.008702391226853956e-01	1.476058165665349797e+01	2.009473854610611607e-02	8.738056183637472885e-02	0.000000000000000000e+00
1.516716888470924089e-12	2.076985271687666335e-01	1.469241967498569501e+01	2.087422338992871509e-02	9.082907301310326476e-02	0.000000000000000000e+00
1.588565129428052692e-12	2.147758334782489120e-01	1.463041995576879906e+01	2.167698393189348635e-02	9.429692932058277022e-02	0.000000000000000000e+00
1.663816886076127415e-12	2.221069463863521443e-01	1.457424286611168895e+01	2.250330849836086611e-02	9.777476958007814967e-02	0.000000000000000000e+00
1.742633386009647278e-12	2.296969619930486206e-01	1.452356318031914739e+01	2.335351775568849514e-02	1.012533375676038933e-01	0.000000000000000000e+00
1.825183494319046040e-12	2.375512989314945145e-01	1.447807113569742299e+01	2.422796504339562104e-02	1.047235622594292620e-01	0.000000000000000000e+00
1.911644075385703708e-12	2.456757133154653661e-01	1.443747304407096621e+01	2.512703671568475294e-02	1.081765642517671794e-01	0.000000000000000000e+00
2.002200371815584363e-12	2.540763132326747109e-01	1.440149157285724613e+01	2.605115239144848230e-02	1.116037567034509626e-01	0.000000000000000000e+00
2.097046401323230665e-12	2.627595740371450606e-01	1.436986575649861031e+01	2.700076526266722080e-02	1.149968401047157252e-01	0.000000000000000000e+00
2.196385372416542332e-12	2.717323533518407608e-01	1.434235081680816570e+01	2.797636231876021382e-02	1.183478369493007470e-01	0.000000000000000000e+00
2.300430119772921506e-12	2.810019064840455494e-01	1.431871783975677737e+01	2.897846455670332472e-02	1.216491381708431907e-01	0.000000000000000000e+00
2.409403560239526876e-12	2.905758903941115245e-01	1.429875335312235407e+01	3.000762593769904646e-02	1.248935060021087312e-01	0.000000000000000000e+00
2.523539170434765862e-12	3.004622122763636605e-01	1.428225869719329211e+01	3.106441649453885179e-02	1.280740343410643467e-01	0.000000000000000000e+00
2.643081486974102692e-12	3.106688373787969137e-01	1.426904846324812404e+01	3.214940311209454199e-02	1.311840788471101971e-01	0.000000000000000000e+00
2.768286630392061017e-12	3.212037516385503610e-01	1.425894874875927343e+01	3.326314708354279753e-02	1.342172653065055177e-01	0.000000000000000000e+00
2.899422853882880921e-12	3.320749394328056381e-01	1.425179576427084527e+01	3.440620297550266854e-02	1.371674893040276122e-01	0.000000000000000000e+00
3.036771118035460378e-12	3.432903591920031250e-01	1.424743465105988172e+01	3.557911723313685048e-02	1.400289242580997073e-01	0.000000000000000000e+00
3.180625692794118977e-12	3.548579174347827325e-01	1.424571845723058416e+01	3.678242664244874699e-02	1.427960299861335824e-01	0.000000000000000000e+00
3.331294787934670055e-12	3.667854408061039795e-01	1.424650723385333073e+01	3.801665665572079994e-02	1.454635678489503703e-01	0.000000000000000000e+00
3.489101213406766494e-12	3.790806465473135489e-01	1.424966723301466942e+01	3.928231963819817096e-02	1.480265616347790913e-01	0.000000000000000000e+00
3.654383070957261569e-12	3.917511110305940125e-01	1.425507019485670313e+01	4.057991300453961392e-02	1.504803883219499594e-01	0.000000000000000000e+00
3.827494478516314936e-12	4.048042367266279085e-01	1.426259270506621135e+01	4.190991731124697750e-02	1.528206890028254161e-01	0.000000000000000000e+00
4.008806328898464320e-12	4.182472173158741646e-01	1.427211562248668919e+01	4.327279425751810737e-02	1.550434200788542161e-01	0.000000000000000000e+00
4.198707084443905621e-12	4.320870010992955979e-01	1.428352356186351457e+01	4.466898463583007794e-02	1.571448523109361117e-01	0.000000000000000000e+00
4.397603609302712498e-12	4.463302526997343089e-01	1.429670442990725832e+01	4.609890622210850025e-02	1.591215585956950729e-01	0.000000000000000000e+00
4.605922041145112927e-12	4.609833247335341500e-01	1.431154902449391209e+01	4.756295276117012555e-02	1.609704256325987237e-01	0.000000000000000000e+00
4.824108704165373984e-12	4.760523543040189320e-01	1.432795095369919913e+01	4.906150496868581096e-02	1.626886751958605826e-01	0.000000000000000000e+00
5.052631065335679604e-12	4.915433447560367264e-01	1.434580687079970573e+01	5.059493886752487735e-02	1.642738725700147728e-01	0.000000000000000000e+00
5.291978735958436557e-12	5.074621394647261807e-01	1.436501652843920596e+01	5.216362343643281274e-02	1.657239448221413114e-01	0.000000000000000000e+00
5.542664520663095602e-12	5.238143954044364170e-01	1.438548272239995285e+01	5.376791858185727552e-02	1.670371704549482583e-01	0.000000000000000000e+00
5.805225516094907684e-12	5.406055559257428866e-01	1.440711119360132386e+01	5.540817319221382625e-02	1.682121666438568530e-01	0.000000000000000000e+00
6.080224261649427052e-12	5.578408225003071985e-01	1.442981050966593592e+01	5.708472320040231668e-02	1.692479094429258091e-01	0.000000000000000000e+00
6.368249944718585906e-12	5.755251255693715207e-01	1.445349193540291566e+01	5.879788965060928768e-02	1.701436835739234543e-01	0.000000000000000000e+00
6.669919663030115058e-12	5.936630943959197992e-01	1.447806930119908486e+01	6.054797673495368460e-02	1.708991233387315845e-01	0.000000000000000000e+00
6.985879746785234820e-12	6.122590261688518609e-01	1.450345886723173372e+01	6.233526984068266108e-02	1.715141700077798259e-01	0.000000000000000000e+00
7.316807143427207274e-12	6.313168541853398930e-01	1.452957919598590664e+01	6.416003354279949111e-02	1.719890829544194755e-01	0.000000000000000000e+00
7.663410868007462274e-12	6.508401151295772902e-01	1.455635101918944585e+01	6.602250960428790449e-02	1.723244200132874049e-01	0.000000000000000000e+00
8.026433522257174683e-12	6.708319161729562330e-01	1.458369712412359043e+01	6.792291494949834196e-02	1.725210338833030876e-01	0.000000000000000000e+00
8.406652885618316356e-12	6.912949006347102188e-01	1.461154223127057428e+01	6.986143960312708734e-02	1.725800696904198905e-01	0.000000000000000000e+00
8.804883581643446547e-12	7.122312297017755478e-01	1.463981291590232203e+01	7.183824611244167546e-02	1.725029318407046153e-01	0.000000000000000000e+00
9.221978823334340144e-12	7.336426462157977779e-01	1.466843761000849078e+01	7.385347685416135399e-02	1.722913069385878793e-01	0.000000000000000000e+00
9.658832241158709141e-12	7.555303574933613930e-01	1.469734634187563671e+01	7.590724438111982886e-02	1.719471215565532285e-01	0.000000000000000000e+00
1.011637979766206976e-11	7.778949385988802590e-01	1.472647052610564167e+01	7.799962383645879516e-02	1.714725401389578241e-01	0.000000000000000000e+00
1.059560179277614774e-11	8.007362963509405684e-01	1.475574285872330904e+01	8.013065110233570654e-02	1.708699617266692117e-01	0.000000000000000000e+00
1.109752496412069864e-11	8.240536345664702944e-01	1.478509723760804562e+01	8.230032100480777491e-02	1.701419959077608846e-01	0.000000000000000000e+00
1.162322468679854125e-11	8.478454196285302169e-01	1.481446869226287433e+01	8.450858554748459650e-02	1.692914706867925945e-01	0.000000000000000000e+00
1.217382727739662020e-11	8.721093472204594077e-01	1.484379333613175511e+01	8.675535216839461161e-02	1.683213998994241845e-01	0.000000000000000000e+00
1.275051240713012859e-11	8.968423091222446075e-01	1.487300830288688047e+01	8.904048211422518899e-02	1.672350072836451540e-01	0.000000000000000000e+00
1.335451562929897339e-11	9.220403623421641326e-01	1.490205173084310175e+01	9.136378877568386569e-02	1.660356772792550561e-01	0.000000000000000000e+00
1.398713102647241439e-11	9.476986989341309453e-01	1.493086272896140798e+01	9.372503618242425394e-02	1.647269686810076128e-01	0.000000000000000000e+00
1.464971398307287854e-11	9.738116175835977995e-01	1.495938136086191861e+01	9.612393754283499181e-02	1.633126004902515638e-01	0.000000000000000000e+00
1.534368408930013065e-11	1.000372497278307460e+00	1.498754863677387839e+01	9.856015389979545793e-02	1.617964379718772328e-01	0.000000000000000000e+00
1.607052818261638620e-11	1.027373772643147776e+00	1.501530651515723847e+01	1.010332928324392809e-01	1.601824732925630490e-01	0.000000000000000000e+00
1.683180353330955093e-11	1.054806926305525971e+00	1.504259792075115421e+01	1.035429086472697685e-01	1.584748454070084023e-01	0.000000000000000000e+00
1.762914118095944293e-11	1.082662581225959375e+00	1.506936686654475999e+01	1.060885115241646387e-01	1.566777753451184529e-01	0.000000000000000000e+00
1.846424942895546448e-11	1.110930442913170335e+00	1.509555842672672732e+01	1.086695627356569077e-01	1.547955897142760384e-01	0.000000000000000000e+00
1.933891750455232057e-11	1.139599230927243134e+00	1.512111870909755851e+01	1.112854688014720539e-01	1.528327032043462486e-01	0.000000000000000000e+00
2.025501939230666486e-11	1.168656668169968826e+00	1.514599488395132276e+01	1.139355808330523440e-01	1.507936025954256243e-01	0.000000000000000000e+00
2.121451784910627571e-11	1.198089473914216940e+00	1.517013522085283839e+01	1.166191940435048618e-01	1.486828445242741048e-01	0.000000000000000000e+00
2.221946860939528424e-11	1.227883360427477477e+00	1.519348912328903189e+01	1.193355474688010814e-01	1.465050355494858236e-01	0.000000000000000000e+00
2.327202478960412005e-11	1.258023033092057208e+00	1.521600717201112651e+01	1.220838237974158497e-01	1.442648180376423228e-01	0.000000000000000000e+00
2.437444150122221807e-11	1.288492194422328208e+00	1.523764116652108314e+01	1.248631494150528182e-01	1.419668710127546529e-01	0.000000000000000000e+00
2.552908068239516723e-11	1.319273552322614229e+00	1.525834417620150063e+01	1.276725945955738961e-01	1.396158807582683070e-01	0.000000000000000000e+00
2.673841615839943880e-11	1.350348832108499986e+00	1.527807058414056662e+01	1.305111739174542040e-01	1.372165421124632023e-01	0.000000000000000000e+00
2.800503894183625342e-11	1.381698793178286255e+00	1.529677614287104959e+01	1.333778468262713790e-01	1.347735355074066443e-01	0.000000000000000000e+00
2.933166278390048099e-11	1.413303249434047171e+00	1.531441802860897106e+01	1.362715183548178499e-01	1.322915288446028514e-01	0.000000000000000000e+00
3.072112998861759207e-11	1.445141094910410429e+00	1.533095489228020014e+01	1.391910401539954989e-01	1.297751530043528001e-01	0.000000000000000000e+00
3.217641750250735458e-11	1.477190341615282287e+00	1.534634691727290523e+01	1.421352124158573038e-01	1.272289916450987657e-01	0.000000000000000000e+00
3.370064329271925032e-11	1.509428201682248893e+00	1.536055588501909419e+01	1.451027897479108542e-01	1.246575699316154334e-01	0.000000000000000000e+00
3.529707302730657668e-11	1.541831046163428809e+00	1.537354511370292620e+01	1.480924761581092486e-01	1.220653446271251497e-01	0.000000000000000000e+00
3.696912707195032437e-11	1.574374395130891280e+00	1.538527945857203605e+01	1.511029223839545355e-01	1.194566889828220790e-01	0.000000000000000000e+00
3.872038781812557004e-11	1.607032965194659990e+00	1.539572535152209554e+01	1.541327281910271352e-01	1.168359012791506113e-01	0.000000000000000000e+00
4.055460735840827506e-11	1.639780722815316283e+00	1.540485085265590648e+01	1.571804448921276243e-01	1.142071710784125088e-01	0.000000000000000000e+00
4.247571552536894126e-11	1.672590941585524682e+00	1.541262570215722683e+01	1.602445780200775216e-01	1.115745790218483913e-01	0.000000000000000000e+00
4.448782831127576069e-11	1.705436264392966583e+00	1.541902137747579538e+01	1.633235901929362410e-01	1.089420964177311851e-01	0.000000000000000000e+00
4.659525668664686662e-11	1.738288769568836489e+00	1.542401114752125224e+01	1.664159041739345923e-01	1.063135623824443127e-01	0.000000000000000000e+00
4.880251583654433574e-11	1.771120040497937032e+00	1.542757013206914785e+01	1.695199059973101219e-01	1.036926860222654595e-01	0.000000000000000000e+00
5.111433483440165318e-11	1.803901239208081764e+00	1.542967535060512851e+01	1.726339483875849179e-01	1.010830389793087591e-01	0.000000000000000000e+00
5.353566677410718816e-11	1.836603181802948903e+00	1.543030577950110427e+01	1.757563540774781663e-01	9.848805278970286514e-02	0.000000000000000000e+00
5.607169938205469661e-11	1.869196419141782028e+00	1.542944239532715933e+01	1.788854196071588132e-01	9.591097349721788845e-02	0.000000000000000000e+00
5.872786613189488850e-11	1.901651316992006180e+00	1.542706822127270527e+01	1.820194188842380323e-01	9.335492993980763765e-02	0.000000000000000000e+00
6.150985788580503926e-11	1.933938148011903779e+00	1.542316837384111139e+01	1.851566077307670866e-01	9.082287685475666505e-02	0.000000000000000000e+00
6.442363508721370414e-11	1.966027220002139364e+00	1.541773004560914906e+01	1.882952325582875064e-01	8.831758902401243283e-02	0.000000000000000000e+00
6.747544053110686101e-11	1.997888839829549790e+00	1.541074244759946410e+01	1.914335237788959421e-01	8.584168435178905765e-02	0.000000000000000000e+00
7.067181273927477085e-11	2.029493328502488314e+00	1.540219677158638945e+01	1.945696938730675507e-01	8.339761056011892049e-02	0.000000000000000000e+00
7.401959996915652408e-11	2.060811113997098598e+00	1.539208619684694490e+01	1.977019423379213492e-01	8.098764839423630568e-02	0.000000000000000000e+00
7.752597488629464062e-11	2.091812820657783067e+00	1.538040590350947312e+01	2.008284601933704172e-01	7.861391678639124969e-02	0.000000000000000000e+00
8.119844993184008328e-11	2.122469366210078867e+00	1.536715308437282168e+01	2.039474352212035935e-01	7.627835381297713713e-02	0.000000000000000000e+00
8.504489341802668113e-11	2.152752053188925707e+00	1.535232695828011451e+01	2.070570566512476562e-01	7.398273725243091625e-02	0.000000000000000000e+00
8.907354638610458163e-11	2.182632662021135150e+00	1.533592878946782179e+01	2.101555199443901623e-01	7.172867463937170063e-02	0.000000000000000000e+00
9.329304026284695888e-11	2.212083541068001757e+00	1.531796189838338229e+01	2.132410314329402645e-01	6.951760144155072485e-02	0.000000000000000000e+00
9.771241535346501225e-11	2.241077695008454551e+00	1.529843166161860779e+01	2.163118130145848805e-01	6.735080250593808437e-02	0.000000000000000000e+00
1.023411402105452712e-10	2.269588869995538882e+00	1.527734551718690170e+01	2.193661065497437279e-01	6.522938974719537375e-02	0.000000000000000000e+00
1.071891319205126445e-10	2.297591636525542658e+00	1.525471297307542251e+01	2.224021780911527302e-01	6.315432798379591595e-02	0.000000000000000000e+00
1.122667773510811312e-10	2.325061465869302513e+00	1.523054557455264124e+01	2.254183222132990216e-01	6.112642894384819059e-02	0.000000000000000000e+00
1.175849554052158201e-10	2.351974820875677885e+00	1.520485689698178966e+01	2.284128675349213766e-01	5.914635228609549378e-02	0.000000000000000000e+00
1.231550603292826197e-10	2.378309328283377599e+00	1.517766234380230195e+01	2.313841933207680390e-01	5.721460771639337584e-02	0.000000000000000000e+00
1.289890261253308184e-10	2.404043646504987475e+00	1.514897907512511566e+01	2.343307149304096615e-01	5.533157044834932647e-02	0.000000000000000000e+00
1.350993521198024986e-10	2.429157390257571603e+00	1.511882599297815588e+01	2.372508739909158781e-01	5.349749549184426578e-02	0.000000000000000000e+00
1.414991297434578731e-10	2.453631190497242542e+00	1.508722367425908928e+01	2.401431426720249951e-01	5.171251165219484941e-02	0.000000000000000000e+00
1.482020705798860072e-10	2.477446756561950458e+00	1.505419431141175224e+01	2.430060283107887686e-01	4.997663990982258164e-02	0.000000000000000000e+00
1.552225357427047968e-10	2.500586932969669718e+00	1.501976166620482545e+01	2.458380775609870783e-01	4.828978877566429684e-02	0.000000000000000000e+00
1.625755666443793407e-10	2.523035753933132064e+00	1.498395103499574255e+01	2.486378803812405724e-01	4.665176839529725644e-02	0.000000000000000000e+00
1.702769172225897821e-10	2.544778490436877760e+00	1.494678920737235472e+01	2.514040736487502814e-01	4.506228775057107699e-02	0.000000000000000000e+00
1.783430876931905687e-10	2.565801692334710893e+00	1.490830442655126831e+01	2.541353445096197761e-01	4.352096827627548875e-02	0.000000000000000000e+00
1.867913599020784805e-10	2.586093224975235305e+00	1.486852635502297382e+01	2.568304333561040598e-01	4.202734702956990170e-02	0.000000000000000000e+00
1.956398343517064725e-10	2.605642297593429912e+00	1.482748601610369654e+01	2.594881366607753037e-01	4.058088408740186809e-02	0.000000000000000000e+00
2.049074689815846066e-10	2.624439488012776156e+00	1.478521576948244665e+01	2.621073091228419139e-01	3.918096634621161256e-02	0.000000000000000000e+00
2.146141197858401440e-10	2.642476755126140109e+00	1.474174925277019099e+01	2.646868654386630992e-01	3.782692078245258188e-02	0.000000000000000000e+00
2.247805833548729991e-10	2.659747472812436619e+00	1.469712128557081776e+01	2.672257851759293201e-01	3.651800810412055703e-02	0.000000000000000000e+00
2.354286414322420067e-10	2.676246571136109864e+00	1.465136729034906438e+01	2.697231377197759072e-01	3.525342652857420961e-02	0.000000000000000000e+00
2.465811075822603842e-10	2.691970305745662095e+00	1.460452335813986657e+01	2.721780588481642060e-01	3.403232860342191718e-02	0.000000000000000000e+00
2.582618760682674929e-10	2.706916071794644996e+00	1.455662652266976131e+01	2.745897275379097224e-01	3.285382689646947074e-02	0.000000000000000000e+00
2.704959730463131364e-10	2.721082387137022440e+00	1.450771453250482068e+01	2.769573689908818026e-01	3.171700645013719039e-02	0.000000000000000000e+00
2.833096101839318258e-10	2.734468900642647249e+00	1.445782585952350097e+01	2.792802560739675588e-01	3.062093127366315518e-02	0.000000000000000000e+00
2.967302408188872501e-10	2.747076387933952368e+00	1.440699961971800036e+01	2.815577113269635556e-01	2.956463902212518730e-02	0.000000000000000000e+00
3.107866187782014063e-10	2.758906743245824522e+00	1.435527547680558591e+01	2.837891091492732998e-01	2.854715545000052063e-02	0.000000000000000000e+00
3.255088599835056406e-10	2.769962973702983611e+00	1.430269362390547627e+01	2.859738769273804659e-01	2.756748444164379419e-02	0.000000000000000000e+00
3.409285069746807543e-10	2.780249179520716929e+00	1.424929471134912973e+01	2.881114959437388601e-01	2.662462688640112804e-02	0.000000000000000000e+00
3.570785964900469852e-10	2.789770545470851459e+00	1.419511982166346797e+01	2.902015026829155575e-01	2.571757014876915881e-02	0.000000000000000000e+00
3.739937302478801677e-10	2.798533310213615177e+00	1.414021041339890594e+01	2.922434886203244542e-01	2.484530358308591549e-02	0.000000000000000000e+00
3.917101490809260641e-10	2.806544747366092274e+00	1.408460829238721779e+01	2.942371008041675395e-01	2.400681281003810841e-02	0.000000000000000000e+00
4.102658105827190344e-10	2.813813134604929989e+00	1.402835555229372488e+01	2.961820419491615897e-01	2.320108791282340585e-02	0.000000000000000000e+00
4.297004704320835313e-10	2.820347727460571274e+00	1.397149445432809323e+01	2.980780724537180904e-01	2.242711991698271429e-02	0.000000000000000000e+00
4.500557675700488183e-10	2.826158789438319996e+00	1.391406643107472973e+01	2.999250374910931716e-01	2.168390039605180494e-02	0.000000000000000000e+00
4.713753134116729086e-10	2.831257376788407498e+00	1.385611235944438313e+01	3.017228418332623119e-01	2.097042053085926630e-02	0.000000000000000000e+00
4.937047852839003559e-10	2.835655168738736354e+00	1.379767323333093287e+01	3.034714199163858206e-01	2.028569753171510087e-02	0.000000000000000000e+00
5.170920242896755486e-10	2.839364430393788385e+00	1.373878999354907826e+01	3.051707376231121982e-01	1.962876085711321578e-02	0.000000000000000000e+00
5.415871378079465267e-10	2.842397981174251687e+00	1.367950350134760740e+01	3.068207916372408528e-01	1.899866607843320523e-02	0.000000000000000000e+00
5.672426068491988835e-10	2.844769173842505161e+00	1.361985447376675573e+01	3.084216108254418387e-01	1.839448674389322635e-02	0.000000000000000000e+00
5.941133984965039838e-10	2.846491861592324479e+00	1.355988340943294013e+01	3.099732566275342771e-01	1.781531658046990249e-02	0.000000000000000000e+00
6.222570836730231313e-10	2.847580391904192876e+00	1.349963061227470718e+01	3.114758241775097414e-01	1.726026293166311662e-02	0.000000000000000000e+00
6.517339604882420571e-10	2.848049550247916617e+00	1.343913610454297825e+01	3.129294405015127789e-01	1.672847185353153882e-02	0.000000000000000000e+00
6.826071834272379248e-10	2.847914564269841797e+00	1.337843963864691688e+01	3.143342670689412977e-01	1.621909864687635580e-02	0.000000000000000000e+00
7.149428986597561750e-10	2.847191061158675485e+00	1.331758066572609245e+01	3.156904982249624791e-01	1.573132388758336983e-02	0.000000000000000000e+00
7.488103857590030225e-10	2.845895035206005730e+00	1.325659829240426468e+01	3.169983609988462070e-01	1.526435247165515256e-02	0.000000000000000000e+00
7.842822061337681836e-10	2.844042830248068032e+00	1.319553129335041319e+01	3.182581152279022607e-01	1.481740651960722875e-02	0.000000000000000000e+00
8.214343584919422200e-10	2.841651099487595644e+00	1.313441798520194759e+01	3.194700544781653440e-01	1.438973821781047192e-02	0.000000000000000000e+00
8.603464416684491388e-10	2.838736692316819354e+00	1.307329501555987861e+01	3.206345253904941406e-01	1.398060672758275058e-02	0.000000000000000000e+00
9.011018251665036851e-10	2.835316564030023745e+00	1.301219784138226032e+01	3.217519089778693719e-01	1.358929665848230064e-02	0.000000000000000000e+00
9.437878277775391497e-10	2.831407725476250636e+00	1.295116154642789752e+01	3.228225971473672740e-01	1.321511783279631820e-02	0.000000000000000000e+00
9.884959046625586031e-10	2.827027233823649954e+00	1.289022086382022536e+01	3.238469927582214303e-01	1.285740825759370230e-02	0.000000000000000000e+00
1.035321843295661502e-09	2.822192158985736388e+00	1.282941007911471942e+01	3.248255098527176310e-01	1.251552693203171474e-02	0.000000000000000000e+00
1.084365968689608688e-09	2.816919572356949786e+00	1.276876299947566906e+01	3.257585747871070692e-01	1.218885801412825272e-02	0.000000000000000000e+00
1.135733358343102889e-09	2.811226523912477404e+00	1.270831292495480014e+01	3.266466259532561645e-01	1.187681390851454827e-02	0.000000000000000000e+00
1.189534067370320724e-09	2.805130042015371750e+00	1.264809265451176223e+01	3.274901152041622132e-01	1.157882561900580934e-02	0.000000000000000000e+00
1.245883364295008068e-09	2.798647101326222408e+00	1.258813439299643733e+01	3.282895081057423115e-01	1.129434578116951179e-02	0.000000000000000000e+00
1.304901978014401580e-09	2.791794641942458188e+00	1.252846989899428287e+01	3.290452838872510721e-01	1.102284803431018492e-02	0.000000000000000000e+00
1.366716356462010101e-09	2.784589503839808522e+00	1.246913024080634713e+01	3.297579356127007810e-01	1.076383571563675756e-02	0.000000000000000000e+00
1.431458937523481393e-09	2.777048490647953116e+00	1.241014596623040944e+01	3.304279747542970269e-01	1.051681400552605811e-02	0.000000000000000000e+00
1.499268432786047049e-09	2.769188266986243541e+00	1.235154706744882702e+01	3.310559213716519067e-01	1.028132306100103428e-02	0.000000000000000000e+00
1.570290124729377524e-09	2.761025412439281901e+00	1.229336284653101252e+01	3.316423154575166010e-01	1.005691592544368657e-02	0.000000000000000000e+00
1.644676177994662829e-09	2.752576204061769616e+00	1.223562091734331858e+01	3.321877192666576883e-01	9.843158456061741612e-03	0.000000000000000000e+00
1.722585965398783835e-09	2.743856633306644532e+00	1.217834764712856455e+01	3.326927089815246430e-01	9.639636521558192506e-03	0.000000000000000000e+00
1.804186409392068039e-09	2.734882476295406040e+00	1.212156891061077246e+01	3.331578638272758019e-01	9.445950542365529057e-03	0.000000000000000000e+00
1.889652339691211477e-09	2.725669305450849844e+00	1.206531018493829599e+01	3.335837656751228231e-01	9.261722388887670340e-03	0.000000000000000000e+00
1.979166867853557524e-09	2.716232446150355972e+00	1.200959636568625122e+01	3.339709995621391037e-01	9.086589453490057089e-03	0.000000000000000000e+00
2.072921779595369695e-09	2.706586999544454475e+00	1.195445185596295623e+01	3.343201547468543922e-01	8.920206830782257193e-03	0.000000000000000000e+00
2.171117945694509622e-09	2.696747836695931433e+00	1.189990052900209427e+01	3.346318257240017968e-01	8.762245346648463509e-03	0.000000000000000000e+00
2.273965752357932151e-09	2.686729570242805565e+00	1.184596561805347470e+01	3.349066124749882634e-01	8.612389523539550062e-03	0.000000000000000000e+00
2.381685551976160644e-09	2.676546583734233486e+00	1.179266984335631641e+01	3.351451211691104382e-01	8.470339460378823945e-03	0.000000000000000000e+00
2.494508135230316413e-09	2.666213013670893694e+00	1.174003525268899573e+01	3.353479670453212713e-01	8.335806041562624294e-03	0.000000000000000000e+00
2.612675225563326382e-09	2.655742727686002169e+00	1.168808330367193449e+01	3.355157699049169384e-01	8.208517163579662212e-03	0.000000000000000000e+00
2.736439997074666368e-09	2.645149371116429116e+00	1.163683486649131460e+01	3.356491603912357125e-01	8.088210503752024660e-03	0.000000000000000000e+00
2.866067616948244470e-09	2.634446325451571980e+00	1.158631012205428767e+01	3.357487781793860870e-01	7.974634000380583995e-03	0.000000000000000000e+00
3.001835813575592210e-09	2.623646702087587990e+00	1.153652861560144238e+01	3.358152700574926763e-01	7.867550187522200089e-03	0.000000000000000000e+00
3.144035471591500167e-09	2.612763226365412361e+00	1.148750856491010630e+01	3.358492955863862095e-01	7.766729135053204724e-03	0.000000000000000000e+00
3.292971255097148186e-09	2.601808247346483860e+00	1.143926722212817815e+01	3.358515181435173802e-01	7.671948211502455789e-03	0.000000000000000000e+00
3.448962260405766611e-09	2.590793850602643555e+00	1.139182129533824295e+01	3.358226072505579030e-01	7.583000297706054584e-03	0.000000000000000000e+00
3.612342699709437910e-09	2.579731847393313071e+00	1.134518694143849693e+01	3.357632375056912033e-01	7.499685758506863080e-03	0.000000000000000000e+00
3.783462617131932968e-09	2.568633791729372451e+00	1.129937984848548282e+01	3.356740884276782633e-01	7.421812717245120788e-03	0.000000000000000000e+00
3.962688638701478467e-09	2.557510955197886737e+00	1.125441507769160587e+01	3.355558458784637654e-01	7.349201802013356419e-03	0.000000000000000000e+00
4.150404757850472502e-09	2.546374344578141713e+00	1.121030710988350521e+01	3.354092029831104438e-01	7.281678720556294948e-03	0.000000000000000000e+00
4.347013158125017173e-09	2.535234685795216603e+00	1.116706977711756466e+01	3.352348600219682284e-01	7.219079407536321304e-03	0.000000000000000000e+00
4.552935074866938773e-09	2.524102451265246128e+00	1.112471634096748652e+01	3.350335256069126300e-01	7.161245928170816358e-03	0.000000000000000000e+00
4.768611697714474181e-09	2.512987829197203649e+00	1.108325940226251127e+01	3.348059152021611307e-01	7.108027574647189477e-03	0.000000000000000000e+00
4.994505115855140358e-09	2.501900734172719520e+00	1.104271082168543217e+01	3.345527547430842685e-01	7.059282544575008408e-03	0.000000000000000000e+00
5.231099308056257792e-09	2.490850820434215684e+00	1.100308185600340671e+01	3.342747780856240580e-01	7.014869945201126535e-03	0.000000000000000000e+00
5.478901179593956120e-09	2.479847480543619032e+00	1.096438307122867606e+01	3.339727291944700749e-01	6.974659947234333746e-03	0.000000000000000000e+00
5.738441648302404521e-09	2.468899814927130176e+00	1.092662424070293881e+01	3.336473608416287151e-01	6.938525386276562894e-03	0.000000000000000000e+00
6.010276782070388176e-09	2.458016618005233855e+00	1.088981428864478040e+01	3.332994340665951793e-01	6.906344955304514338e-03	0.000000000000000000e+00
6.294988990221888141e-09	2.447206367870990107e+00	1.085396129605385696e+01	3.329297161342503197e-01	6.878000200729589633e-03	0.000000000000000000e+00
6.593188271333541710e-09	2.436477301822786767e+00	1.081907263171576439e+01	3.325389862776573779e-01	6.853382431148189943e-03	0.000000000000000000e+00
6.905513520162316861e-09	2.425837405286829451e+00	1.078515519289223334e+01	3.321280262985968346e-01	6.832381519633085043e-03	0.000000000000000000e+00
7.232633896483518810e-09	2.415294409570149625e+00	1.075221506540211536e+01	3.316976301299873753e-01	6.814894808712027192e-03	0.000000000000000000e+00
7.575250258771920716e-09	2.404855776380018906e+00	1.072025748501266662e+01	3.312486023242450228e-01	6.800821875892770069e-03	0.000000000000000000e+00
7.934096665797492339e-09	2.394528733352964345e+00	1.068928721656005010e+01	3.307817505777893019e-01	6.790067360457218218e-03	0.000000000000000000e+00
8.309941949353386453e-09	2.384320257145958522e+00	1.065930820652804556e+01	3.302978934374278253e-01	6.782536291639475190e-03	0.000000000000000000e+00
8.703591361485183753e-09	2.374237045182177486e+00	1.063032352566719752e+01	3.297978574373902627e-01	6.778139751707749731e-03	0.000000000000000000e+00
9.115888299750837812e-09	2.364285562179134104e+00	1.060233561176262995e+01	3.292824752272189848e-01	6.776789071610621155e-03	0.000000000000000000e+00
9.547716114208065503e-09	2.354472017431691100e+00	1.057534605241043479e+01	3.287525883394769033e-01	6.778400209317923635e-03	0.000000000000000000e+00
1.000000000000000021e-08	2.344802329303064425e+00	1.054935549523070293e+01	3.282090441500648548e-01	6.782886119262540939e-03	0.000000000000000000e+00
