pc	M	R	C	k2	j3
9.999999999999999799e-13	8.471221279135990323e-02	1.798108506946747198e+01	6.956653390577066491e-03	1.928137678138763453e-02	0.000000000000000000e+00
1.047370897959448749e-12	8.526738626520161124e-02	1.765902740642676250e+01	7.129948698864628162e-03	1.949419358563366650e-02	0.000000000000000000e+00
1.096985797892381920e-12	8.592610041861416248e-02	1.733011588226497324e+01	7.321395550317315662e-03	1.975837893389923230e-02	0.000000000000000000e+00
1.148951000187311009e-12	8.670078466445857446e-02	1.699575632156140159e+01	7.532736352342912604e-03	2.008126790065730902e-02	0.000000000000000000e+00
1.203377840777590522e-12	8.760432210493486471e-02	1.665757346916188908e+01	7.765761186465335725e-03	2.047080758957264823e-02	0.000000000000000000e+00
1.260382929679727463e-12	8.864993426189217429e-02	1.631737889559306609e+01	8.022288105250675178e-03	2.093558424727972114e-02	0.000000000000000000e+00
1.320088400831416649e-12	8.985104912322672277e-02	1.597712794490141697e+01	8.304140230109139861e-03	2.148479700178943311e-02	0.000000000000000000e+00
1.382622173764653478e-12	9.122115437671106386e-02	1.563886777044177556e+01	8.613119866484357165e-03	2.212825117589520968e-02	0.000000000000000000e+00
1.448118227674535917e-12	9.277363827291987275e-02	1.530467925275579688e+01	8.950980092367237864e-03	2.287628073176893595e-02	0.000000000000000000e+00
1.516716888470924089e-12	9.452161969056074864e-02	1.497661633228135258e+01	9.319394273244387128e-03	2.373965817519993818e-02	0.000000000000000000e+00
1.588565129428052692e-12	9.647776793572331033e-02	1.465664660704646671e+01	9.719923924056395742e-03	2.472944905698251997e-02	0.000000000000000000e+00
1.663816886076127415e-12	9.865411197579572466e-02	1.434659670360811212e+01	1.015398544781312591e-02	2.585681663447729831e-02	0.000000000000000000e+00
1.742633386009647278e-12	1.010618367327197481e-01	1.404810560974315337e+01	1.062281598791649413e-02	2.713274449763768484e-02	0.000000000000000000e+00
1.825183494319046040e-12	1.037110629072016121e-01	1.376258809407520545e+01	1.112743864648654477e-02	2.856771421623820195e-02	0.000000000000000000e+00
1.911644075385703708e-12	1.066106059067765399e-01	1.349120932805369044e+01	1.166862722722215341e-02	3.017129253272326714e-02	0.000000000000000000e+00
2.002200371815584363e-12	1.097677081010131894e-01	1.323487087736108414e+01	1.224687042411287154e-02	3.195165559317977855e-02	0.000000000000000000e+00
2.097046401323230665e-12	1.131877387851138311e-01	1.299420724427339735e+01	1.286233539237106004e-02	3.391506318109121371e-02	0.000000000000000000e+00
2.196385372416542332e-12	1.168738285392427745e-01	1.276959350107575020e+01	1.351482521576096059e-02	3.606525723527435195e-02	0.000000000000000000e+00
2.300430119772921506e-12	1.208270797192832480e-01	1.256113612774039190e+01	1.420383412737731207e-02	3.840324112482845775e-02	0.000000000000000000e+00
2.409403560239526876e-12	1.250479173782052811e-01	1.236865099054911532e+01	1.492878154765674148e-02	4.092783867444026169e-02	0.000000000000000000e+00
2.523539170434765862e-12	1.295365304719251209e-01	1.219172162228089640e+01	1.568907929399281434e-02	4.363582474083298191e-02	0.000000000000000000e+00
2.643081486974102692e-12	1.342930440508569856e-01	1.202976288721854381e+01	1.648415486464039140e-02	4.652197698797339021e-02	0.000000000000000000e+00
2.768286630392061017e-12	1.393176670908629622e-01	1.188207406528891141e+01	1.731347217602080893e-02	4.957916802884338586e-02	0.000000000000000000e+00
2.899422853882880921e-12	1.446108199281679330e-01	1.174788217799495271e+01	1.817654940872521704e-02	5.279848830158068163e-02	0.000000000000000000e+00
3.036771118035460378e-12	1.501732459630016059e-01	1.162637646665038638e+01	1.907297421320641728e-02	5.616944052644338298e-02	0.000000000000000000e+00
3.180625692794118977e-12	1.560061119911327066e-01	1.151673512682203437e+01	2.000241667118847141e-02	5.968012497121076565e-02	0.000000000000000000e+00
3.331294787934670055e-12	1.621111011224825871e-01	1.141814548220477121e+01	2.096464045080103158e-02	6.331747418520809745e-02	0.000000000000000000e+00
3.489101213406766494e-12	1.684905016998304583e-01	1.132981875500626501e+01	2.195951257461000589e-02	6.706748456507154177e-02	0.000000000000000000e+00
3.654383070957261569e-12	1.751472950374480808e-01	1.125100049567300964e+01	2.298701216740632255e-02	7.091545263289228407e-02	0.000000000000000000e+00
3.827494478516314936e-12	1.820852443043904367e-01	1.118097760952002773e+01	2.404723848323609553e-02	7.484621931675548845e-02	0.000000000000000000e+00
4.008806328898464320e-12	1.893089866250364239e-01	1.111908275713277483e+01	2.514041851341788231e-02	7.884439643848692447e-02	0.000000000000000000e+00
4.198707084443905621e-12	1.968241300083850842e-01	1.106469678682807611e+01	2.626691437270419621e-02	8.289457461753393930e-02	0.000000000000000000e+00
4.397603609302712498e-12	2.046373565055249755e-01	1.101724971632113892e+01	2.742723065158560181e-02	8.698152643886954138e-02	0.000000000000000000e+00
4.605922041145112927e-12	2.127565326909796328e-01	1.097622068043099652e+01	2.862202185030431750e-02	9.109038928910775934e-02	0.000000000000000000e+00
4.824108704165373984e-12	2.211908288302913139e-01	1.094113715982794943e+01	2.985210005436128577e-02	9.520680887019036809e-02	0.000000000000000000e+00
5.052631065335679604e-12	2.299508474255716473e-01	1.091157374398416913e+01	3.111844287237111248e-02	9.931708972253078249e-02	0.000000000000000000e+00
5.291978735958436557e-12	2.390487557188880618e-01	1.088715056880798393e+01	3.242220095710093147e-02	1.034082817337242249e-01	0.000000000000000000e+00
5.542664520663095602e-12	2.484979995040099698e-01	1.086753120591837352e+01	3.376464873426905655e-02	1.074680894180310847e-01	0.000000000000000000e+00
5.805225516094907684e-12	2.583125728590791592e-01	1.085241813147774437e+01	3.514708096744631471e-02	1.114844906565512911e-01	0.000000000000000000e+00
6.080224261649427052e-12	2.685068882950452651e-01	1.084154668587144954e+01	3.657079676029388604e-02	1.154457248732315700e-01	0.000000000000000000e+00
6.368249944718585906e-12	2.790957697537314597e-01	1.083468009230021067e+01	3.803709981647351857e-02	1.193403167933842074e-01	0.000000000000000000e+00
6.669919663030115058e-12	2.900944389797643908e-01	1.083160541139799982e+01	3.954729723821751031e-02	1.231571746009963025e-01	0.000000000000000000e+00
6.985879746785234820e-12	3.015184988892295470e-01	1.083213015025507175e+01	4.110269778529776485e-02	1.268854772789431429e-01	0.000000000000000000e+00
7.316807143427207274e-12	3.133839110816364348e-01	1.083607941247679030e+01	4.270460923452942814e-02	1.305148472494485623e-01	0.000000000000000000e+00
7.663410868007462274e-12	3.257069706263386877e-01	1.084329344410096319e+01	4.435433551442689859e-02	1.340353007341043845e-01	0.000000000000000000e+00
8.026433522257174683e-12	3.385042765245573904e-01	1.085362552627215038e+01	4.605317337500682701e-02	1.374372760636166646e-01	0.000000000000000000e+00
8.406652885618316356e-12	3.517926973639404209e-01	1.086694014036258693e+01	4.780240864834682524e-02	1.407116567220463577e-01	0.000000000000000000e+00
8.804883581643446547e-12	3.655893328951512200e-01	1.088311136825560865e+01	4.960331222097151549e-02	1.438497837898053688e-01	0.000000000000000000e+00
9.221978823334340144e-12	3.799114703266147641e-01	1.090202148586841879e+01	5.145713562631837323e-02	1.468434702453647323e-01	0.000000000000000000e+00
9.658832241158709141e-12	3.947765356226302091e-01	1.092355972292726207e+01	5.336510633354851763e-02	1.496849997764674589e-01	0.000000000000000000e+00
1.011637979766206976e-11	4.102020391329010418e-01	1.094762116318629630e+01	5.532842269513094102e-02	1.523671496006807624e-01	0.000000000000000000e+00
1.059560179277614774e-11	4.262055155714110644e-01	1.097410576582946007e+01	5.734824859819155629e-02	1.548831816345403178e-01	0.000000000000000000e+00
1.109752496412069864e-11	4.428044577602144316e-01	1.100291749310960832e+01	5.942570777613261079e-02	1.572268667463623260e-01	0.000000000000000000e+00
1.162322468679854125e-11	4.600162442839891286e-01	1.103396352638652722e+01	6.156187786361423664e-02	1.593924751754592362e-01	0.000000000000000000e+00
1.217382727739662020e-11	4.778580602930895260e-01	1.106715356460428623e+01	6.375778410446406030e-02	1.613747796160561743e-01	0.000000000000000000e+00
1.275051240713012859e-11	4.963460602750235373e-01	1.110239772266418434e+01	6.601430159859993096e-02	1.631690093666186003e-01	0.000000000000000000e+00
1.335451562929897339e-11	5.154910774490912839e-01	1.113959709272855392e+01	6.833164948027457830e-02	1.647705198934599491e-01	0.000000000000000000e+00
1.398713102647241439e-11	5.352999392003818802e-01	1.117864418270712790e+01	7.070958630335875961e-02	1.661751273999943490e-01	0.000000000000000000e+00
1.464971398307287854e-11	5.557765347073775342e-01	1.121942398707621180e+01	7.314756627745669371e-02	1.673792901214091466e-01	0.000000000000000000e+00
1.534368408930013065e-11	5.769215690942861574e-01	1.126181318999469028e+01	7.564473260365978113e-02	1.683801453742351240e-01	0.000000000000000000e+00
1.607052818261638620e-11	5.987323233220284147e-01	1.130567969065400646e+01	7.819991171527658491e-02	1.691755587950757311e-01	0.000000000000000000e+00
1.683180353330955093e-11	6.212024274157660342e-01	1.135088238937558103e+01	8.081160927066773081e-02	1.697641828236520767e-01	0.000000000000000000e+00
1.762914118095944293e-11	6.443216523166517273e-01	1.139727119494983398e+01	8.347800830061838373e-02	1.701454926892155828e-01	0.000000000000000000e+00
1.846424942895546448e-11	6.680757251223666815e-01	1.144468722902446345e+01	8.619696972844742566e-02	1.703198277739996769e-01	0.000000000000000000e+00
1.933891750455232057e-11	6.924461725169767101e-01	1.149296320381273162e+01	8.896603546708403698e-02	1.702884277811647917e-01	0.000000000000000000e+00
2.025501939230666486e-11	7.174101968454626999e-01	1.154192395864322940e+01	9.178243417346000632e-02	1.700534443372660187e-01	0.000000000000000000e+00
2.121451784910627571e-11	7.429405891250726590e-01	1.159138713601646131e+01	9.464308974963898946e-02	1.696179677163873745e-01	0.000000000000000000e+00
2.221946860939528424e-11	7.690056828514999498e-01	1.164116398334696356e+01	9.754463258876300280e-02	1.689860007836119782e-01	0.000000000000000000e+00
2.327202478960412005e-11	7.955693519040162309e-01	1.169106026507759033e+01	1.004834135203329648e-01	1.681624879013054186e-01	0.000000000000000000e+00
2.437444150122221807e-11	8.225910557489065633e-01	1.174087727018022598e+01	1.034555204227510933e-01	1.671532387966617461e-01	0.000000000000000000e+00
2.552908068239516723e-11	8.500259334409778766e-01	1.179041290219141835e+01	1.064567972788753730e-01	1.659649325631267769e-01	0.000000000000000000e+00
2.673841615839943880e-11	8.778249486768361365e-01	1.183946283464325155e+01	1.094828656372503622e-01	1.646050557526871905e-01	0.000000000000000000e+00
2.800503894183625342e-11	9.059350855498049526e-01	1.188782172217051070e+01	1.125291481141392214e-01	1.630818365149311611e-01	0.000000000000000000e+00
2.933166278390048099e-11	9.342995955988337986e-01	1.193528444874937833e+01	1.155908938446814777e-01	1.614041800170592511e-01	0.000000000000000000e+00
3.072112998861759207e-11	9.628590734972494181e-01	1.198164869363466067e+01	1.186632887410754844e-01	1.595815545217401377e-01	0.000000000000000000e+00
3.217641750250735458e-11	9.915572446949681984e-01	1.202672564320554471e+01	1.217420535539615878e-01	1.576235690048658211e-01	0.000000000000000000e+00
3.370064329271925032e-11	1.020341332567599846e+00	1.207034268932913790e+01	1.248234305881230355e-01	1.555399992900133588e-01	0.000000000000000000e+00
3.529707302730657668e-11	1.049160909471926972e+00	1.211234277654220115e+01	1.279040166674186851e-01	1.533408176915730392e-01	0.000000000000000000e+00
3.696912707195032437e-11	1.077967944652825638e+00	1.215258479528173474e+01	1.309807344922393757e-01	1.510361370331916864e-01	0.000000000000000000e+00
3.872038781812557004e-11	1.106716842475232943e+00	1.219094353813288478e+01	1.340508075003223887e-01	1.486361182338606091e-01	0.000000000000000000e+00
4.055460735840827506e-11	1.135364469218772321e+00	1.222730939785230930e+01	1.371117368937520009e-01	1.461508980501620425e-01	0.000000000000000000e+00
4.247571552536894126e-11	1.163870168235665137e+00	1.226158790391648701e+01	1.401612802603722230e-01	1.435904962684746711e-01	0.000000000000000000e+00
4.448782831127576069e-11	1.192195763786266127e+00	1.229369915294162219e+01	1.431974315465516512e-01	1.409647511842445633e-01	0.000000000000000000e+00
4.659525668664686662e-11	1.220305554102555812e+00	1.232357717714224599e+01	1.462184021617802254e-01	1.382832588497929505e-01	0.000000000000000000e+00
4.880251583654433574e-11	1.248166293290469353e+00	1.235116927102090578e+01	1.492226030613626742e-01	1.355553140151085079e-01	0.000000000000000000e+00
5.111433483440165318e-11	1.275747163901251202e+00	1.237643530110186063e+01	1.522086277997009018e-01	1.327898626972735530e-01	0.000000000000000000e+00
5.353566677410718816e-11	1.303019773648404822e+00	1.239934703696347817e+01	1.551752400783066588e-01	1.299954700440494326e-01	0.000000000000000000e+00
5.607169938205469661e-11	1.329960577967380209e+00	1.241988926062913556e+01	1.581216288564046279e-01	1.271800313831747964e-01	0.000000000000000000e+00
5.872786613189488850e-11	1.356552583385518318e+00	1.243805945467802232e+01	1.610475933998605225e-01	1.243505486440198982e-01	0.000000000000000000e+00
6.150985788580503926e-11	1.382781597756080449e+00	1.245386360785091640e+01	1.639531334202672108e-01	1.215135038750556895e-01	0.000000000000000000e+00
6.442363508721370414e-11	1.408635711858143846e+00	1.246731521368995033e+01	1.668383897308784169e-01	1.186749194726122447e-01	0.000000000000000000e+00
6.747544053110686101e-11	1.434105161807552209e+00	1.247843460837794716e+01	1.697036278246819019e-01	1.158403668335222375e-01	0.000000000000000000e+00
7.067181273927477085e-11	1.459182193367803082e+00	1.248724834172207032e+01	1.725492227685736235e-01	1.130149822685743849e-01	0.000000000000000000e+00
7.401959996915652408e-11	1.483860929740013379e+00	1.249378858842651319e+01	1.753756453445206587e-01	1.102034873613340626e-01	0.000000000000000000e+00
7.752597488629464062e-11	1.508137242793327726e+00	1.249809260154958324e+01	1.781834492465055320e-01	1.074102149346551488e-01	0.000000000000000000e+00
8.119844993184008328e-11	1.532008628728418698e+00	1.250020220952301031e+01	1.809732592761694459e-01	1.046391078111789524e-01	0.000000000000000000e+00
8.504489341802668113e-11	1.555474087415003037e+00	1.250016335159207337e+01	1.837457603744020729e-01	1.018937581614196008e-01	0.000000000000000000e+00
8.907354638610458163e-11	1.578534007196201960e+00	1.249802565563063084e+01	1.865016875089624271e-01	9.917741433608794066e-02	0.000000000000000000e+00
9.329304026284695888e-11	1.601189105173037808e+00	1.249384205507922196e+01	1.892417040589521593e-01	9.649311596841596284e-02	0.000000000000000000e+00
9.771241535346501225e-11	1.623435912062087816e+00	1.248766698094625482e+01	1.919658937888768790e-01	9.384408392703745549e-02	0.000000000000000000e+00
1.023411402105452712e-10	1.645266098537922161e+00	1.247955233402300657e+01	1.946737421948350755e-01	9.123358847824057649e-02	0.000000000000000000e+00
1.071891319205126445e-10	1.666666966824048579e+00	1.246954544628025729e+01	1.973642281372658680e-01	8.866478753388835898e-02	0.000000000000000000e+00
1.122667773510811312e-10	1.687621803837779932e+00	1.245768838986349003e+01	2.000358791882651810e-01	8.614065087986316760e-02	0.000000000000000000e+00
1.175849554052158201e-10	1.708110313193638374e+00	1.244401782512291099e+01	2.026868276428685500e-01	8.366392207144222881e-02	0.000000000000000000e+00
1.231550603292826197e-10	1.728109083515187550e+00	1.242856514919302136e+01	2.053148654674132878e-01	8.123708678557615970e-02	0.000000000000000000e+00
1.289890261253308184e-10	1.747592074216284264e+00	1.241135683313276239e+01	2.079174975463615738e-01	7.886236179776459632e-02	0.000000000000000000e+00
1.350993521198024986e-10	1.766531106914485783e+00	1.239241488311837536e+01	2.104919927894177145e-01	7.654168299520371088e-02	0.000000000000000000e+00
1.414991297434578731e-10	1.784896354196944701e+00	1.237175738406887859e+01	2.130354327842616524e-01	7.427670964300317480e-02	0.000000000000000000e+00
1.482020705798860072e-10	1.802656819927326293e+00	1.234939909653593837e+01	2.155447578144396026e-01	7.206882808566590637e-02	0.000000000000000000e+00
1.552225357427047968e-10	1.819780736988829251e+00	1.232535222348836967e+01	2.180167993396788240e-01	6.991916583966109600e-02	0.000000000000000000e+00
1.625755666443793407e-10	1.836236109447374698e+00	1.229962833039325432e+01	2.204483082766023616e-01	6.782864278674721747e-02	0.000000000000000000e+00
1.702769172225897821e-10	1.851993039890693638e+00	1.227223986630839470e+01	2.228362031740666882e-01	6.579785276165901753e-02	0.000000000000000000e+00
1.783430876931905687e-10	1.867024758591441014e+00	1.224320154200408872e+01	2.251776660982590939e-01	6.382706889948899787e-02	0.000000000000000000e+00
1.867913599020784805e-10	1.881307801738894669e+00	1.221253142022999505e+01	2.274701413387581195e-01	6.191629890085557919e-02	0.000000000000000000e+00
1.956398343517064725e-10	1.894822087707027869e+00	1.218025158507436423e+01	2.297113292011031815e-01	6.006532609145393692e-02	0.000000000000000000e+00
2.049074689815846066e-10	1.907550935870680586e+00	1.214638855636616910e+01	2.318991776643133107e-01	5.827373644232806266e-02	0.000000000000000000e+00
2.146141197858401440e-10	1.919481046639337940e+00	1.211097353065433602e+01	2.340318729278683951e-01	5.654096612626765411e-02	0.000000000000000000e+00
2.247805833548729991e-10	1.930602452903117605e+00	1.207404249535845686e+01	2.361078293920149396e-01	5.486630051555090731e-02	0.000000000000000000e+00
2.354286414322420067e-10	1.940908449378814904e+00	1.203563624538348087e+01	2.381256794250579956e-01	5.324891683603340253e-02	0.000000000000000000e+00
2.465811075822603842e-10	1.950396120867275984e+00	1.199579776681191845e+01	2.400843901942871783e-01	5.168778934998977115e-02	0.000000000000000000e+00
2.582618760682674929e-10	1.959067854190320146e+00	1.195456512532178195e+01	2.419835987477453598e-01	5.018146411013236358e-02	0.000000000000000000e+00
2.704959730463131364e-10	1.966929924253720596e+00	1.191197697903863961e+01	2.438233406000247794e-01	4.872831652135043573e-02	0.000000000000000000e+00
2.833096101839318258e-10	1.973991908739751056e+00	1.186807471544711845e+01	2.456039411060703115e-01	4.732666308417741302e-02	0.000000000000000000e+00
2.967302408188872501e-10	1.980266386209516893e+00	1.182290261382027552e+01	2.473259798922878838e-01	4.597478528122374980e-02	0.000000000000000000e+00
3.107866187782014063e-10	1.985768604977913743e+00	1.177650777096192058e+01	2.489902563042616090e-01	4.467095878024694711e-02	0.000000000000000000e+00
3.255088599835056406e-10	1.990516152174901743e+00	1.172893990088113192e+01	2.505977573652160006e-01	4.341346209828009228e-02	0.000000000000000000e+00
3.409285069746807543e-10	1.994528633582022259e+00	1.168025106184222217e+01	2.521496285005255245e-01	4.220059805570467587e-02	0.000000000000000000e+00
3.570785964900469852e-10	1.997827373978894983e+00	1.163049534624247983e+01	2.536471475164262523e-01	4.103070216603215553e-02	0.000000000000000000e+00
3.739937302478801677e-10	2.000435109222188590e+00	1.157972783756475721e+01	2.550917135037295558e-01	3.990212851682025524e-02	0.000000000000000000e+00
3.917101490809260641e-10	2.002375189533687649e+00	1.152800409932554260e+01	2.564847619522720445e-01	3.881329053711566474e-02	0.000000000000000000e+00
4.102658105827190344e-10	2.003670722636474277e+00	1.147538110922177879e+01	2.578276377653508367e-01	3.776270574624047971e-02	0.000000000000000000e+00
4.297004704320835313e-10	2.004344303234363966e+00	1.142191639010539639e+01	2.591215807185742737e-01	3.674898721210542729e-02	0.000000000000000000e+00
4.500557675700488183e-10	2.004417901093778820e+00	1.136766729979433777e+01	2.603677278923114957e-01	3.577083002458407435e-02	0.000000000000000000e+00
4.713753134116729086e-10	2.003912813312188845e+00	1.131269054258141082e+01	2.615671196757992645e-01	3.482699608475440384e-02	0.000000000000000000e+00
4.937047852839003559e-10	2.002849642260918994e+00	1.125704183192233998e+01	2.627207058608550527e-01	3.391631532251838249e-02	0.000000000000000000e+00
5.170920242896755486e-10	2.001248298994740882e+00	1.120077564616330079e+01	2.638293530503214024e-01	3.303766209238850199e-02	0.000000000000000000e+00
5.415871378079465267e-10	1.999128015807132286e+00	1.114394510620855705e+01	2.648938505137065635e-01	3.218996378931768959e-02	0.000000000000000000e+00
5.672426068491988835e-10	1.996507456923435120e+00	1.108660341253903425e+01	2.659148917368228116e-01	3.137221190048813946e-02	0.000000000000000000e+00
5.941133984965039838e-10	1.993404909897559918e+00	1.102880421650564280e+01	2.668930910095014819e-01	3.058345887735379812e-02	0.000000000000000000e+00
6.222570836730231313e-10	1.989838328640201048e+00	1.097059968612685843e+01	2.678290365411192808e-01	2.982277977681119588e-02	0.000000000000000000e+00
6.517339604882420571e-10	1.985825364226200040e+00	1.091204046617231427e+01	2.687232978543023787e-01	2.908927271499077427e-02	0.000000000000000000e+00
6.826071834272379248e-10	1.981383380329529320e+00	1.085317574425760334e+01	2.695764285576282004e-01	2.838206083058157636e-02	0.000000000000000000e+00
7.149428986597561750e-10	1.976529459918834108e+00	1.079405329868461827e+01	2.703889682920513349e-01	2.770028901035467492e-02	0.000000000000000000e+00
7.488103857590030225e-10	1.971280406873029634e+00	1.073471953431078774e+01	2.711614441850024315e-01	2.704312785079165254e-02	0.000000000000000000e+00
7.842822061337681836e-10	1.965652744551561026e+00	1.067521951206957276e+01	2.718943719463583486e-01	2.640976960225862105e-02	0.000000000000000000e+00
8.214343584919422200e-10	1.959662716089303425e+00	1.061559700249280880e+01	2.725882564869653302e-01	2.579943040100508150e-02	0.000000000000000000e+00
8.603464416684491388e-10	1.953326328977531556e+00	1.055589502056699835e+01	2.732435861525683296e-01	2.521135894572823152e-02	0.000000000000000000e+00
9.011018251665036851e-10	1.946659346916825184e+00	1.049615595439148485e+01	2.738608296375718565e-01	2.464483016944866989e-02	0.000000000000000000e+00
9.437878277775391497e-10	1.939677230128833862e+00	1.043642118363661631e+01	2.744404387909299414e-01	2.409914523809026168e-02	0.000000000000000000e+00
9.884959046625586031e-10	1.932395120683364942e+00	1.037673102193480368e+01	2.749828493872900625e-01	2.357363229386341685e-02	0.000000000000000000e+00
1.035321843295661502e-09	1.924827836215835086e+00	1.031712469656594422e+01	2.754884820565974834e-01	2.306764201944445924e-02	0.000000000000000000e+00
1.084365968689608688e-09	1.916989867192230967e+00	1.025764033222001892e+01	2.759577435624697705e-01	2.258054745009229966e-02	0.000000000000000000e+00
1.135733358343102889e-09	1.908895376669516475e+00	1.019831494999210442e+01	2.763910279895659405e-01	2.211174316958169211e-02	0.000000000000000000e+00
1.189534067370320724e-09	1.900558202034644095e+00	1.013918447086471453e+01	2.767887180519137957e-01	2.166064963078602121e-02	0.000000000000000000e+00
1.245883364295008068e-09	1.891991866484518559e+00	1.008028379819818099e+01	2.771511856168351051e-01	2.122670212422811051e-02	0.000000000000000000e+00
1.304901978014401580e-09	1.883209682923593142e+00	1.002164748332816480e+01	2.774787896212635441e-01	2.080936617562365726e-02	0.000000000000000000e+00
1.366716356462010101e-09	1.874224725092785926e+00	9.963309482993818023e+00	2.777718793639890604e-01	2.040812706714129066e-02	0.000000000000000000e+00
1.431458937523481393e-09	1.865049777364838901e+00	9.905302797138160642e+00	2.780307980912771759e-01	2.002248992879672451e-02	0.000000000000000000e+00
1.499268432786047049e-09	1.855697333744224631e+00	9.847659467436491454e+00	2.782558838929694578e-01	1.965197752327304051e-02	0.000000000000000000e+00
1.570290124729377524e-09	1.846179601362764489e+00	9.790410591061524670e+00	2.784474708052794845e-01	1.929613048361492056e-02	0.000000000000000000e+00
1.644676177994662829e-09	1.836508501791814130e+00	9.733586328132654231e+00	2.786058897315756289e-01	1.895450663897947294e-02	0.000000000000000000e+00
1.722585965398783835e-09	1.826695675018676246e+00	9.677215918929523042e+00	2.787314694524699599e-01	1.862667963949742045e-02	0.000000000000000000e+00
1.804186409392068039e-09	1.816752482574376604e+00	9.621327699336452710e+00	2.788245375244262081e-01	1.831224034050904503e-02	0.000000000000000000e+00
1.889652339691211477e-09	1.806690024315971810e+00	9.565949192332112716e+00	2.788854210341407125e-01	1.801079473204692666e-02	0.000000000000000000e+00
1.979166867853557524e-09	1.796519207643633376e+00	9.511107484682554514e+00	2.789144470897494954e-01	1.772196639827027312e-02	0.000000000000000000e+00
2.072921779595369695e-09	1.786250713927092670e+00	9.456829053626508497e+00	2.789119434410433085e-01	1.744539518158352842e-02	0.000000000000000000e+00
2.171117945694509622e-09	1.775894973895714823e+00	9.403139636974943372e+00	2.788782391963489649e-01	1.718073557228213741e-02	0.000000000000000000e+00
2.273965752357932151e-09	1.765462167952901895e+00	9.350064237505600673e+00	2.788136654402827430e-01	1.692765433277356943e-02	0.000000000000000000e+00
2.381685551976160644e-09	1.754962228512524591e+00	9.297627129478824415e+00	2.787185560737160395e-01	1.668583500618912169e-02	0.000000000000000000e+00
2.494508135230316413e-09	1.744404842470012706e+00	9.245851866182416501e+00	2.785932486165175193e-01	1.645497301195891077e-02	0.000000000000000000e+00
2.612675225563326382e-09	1.733799455031813874e+00	9.194761290710049551e+00	2.784380851013908975e-01	1.623477632060616252e-02	0.000000000000000000e+00
2.736439997074666368e-09	1.723155273527618547e+00	9.144377548640562736e+00	2.782534128810914553e-01	1.602496501505927540e-02	0.000000000000000000e+00
2.866067616948244470e-09	1.712481289296759579e+00	9.094722183102568636e+00	2.780395858226758499e-01	1.582527151055805603e-02	0.000000000000000000e+00
3.001835813575592210e-09	1.701786331895071225e+00	9.045816381033352727e+00	2.777969661313300365e-01	1.563544298866334850e-02	0.000000000000000000e+00
3.144035471591500167e-09	1.691079032537447402e+00	8.997680801573711307e+00	2.775259242163800599e-01	1.545523612799986658e-02	0.000000000000000000e+00
3.292971255097148186e-09	1.680367813014370881e+00	8.950335522004191802e+00	2.772268390357645607e-01	1.528441902022084284e-02	0.000000000000000000e+00
3.448962260405766611e-09	1.669660887789077508e+00	8.903800040949002792e+00	2.769000987912694778e-01	1.512277132431381552e-02	0.000000000000000000e+00
3.612342699709437910e-09	1.658966267114805770e+00	8.858093280433521954e+00	2.765461017957075995e-01	1.497008173939460424e-02	0.000000000000000000e+00
3.783462617131932968e-09	1.648291759899033648e+00	8.813233591324419081e+00	2.761652571616372565e-01	1.482615123433917576e-02	0.000000000000000000e+00
3.962688638701478467e-09	1.637644978779587923e+00	8.769238759715321407e+00	2.757579857966972470e-01	1.469078740557241101e-02	0.000000000000000000e+00
4.150404757850472502e-09	1.627033342593453780e+00	8.726126009026984320e+00	2.753247210651231236e-01	1.456381034111606243e-02	0.000000000000000000e+00
4.347013158125017173e-09	1.616464099601483850e+00	8.683912082782438091e+00	2.748659103844422469e-01	1.444504320963801124e-02	0.000000000000000000e+00
4.552935074866938773e-09	1.605944358711004938e+00	8.642613354054967445e+00	2.743820173537530605e-01	1.433432717315944252e-02	0.000000000000000000e+00
4.768611697714474181e-09	1.595481063600464600e+00	8.602245722102122016e+00	2.738735208941783239e-01	1.423150546372414435e-02	0.000000000000000000e+00
4.994505115855140358e-09	1.585080990473128670e+00	8.562824589368634776e+00	2.733409157761695907e-01	1.413643080763498684e-02	0.000000000000000000e+00
5.231099308056257792e-09	1.574750750992925274e+00	8.524364858609407847e+00	2.727847133424176618e-01	1.404896350189562167e-02	0.000000000000000000e+00
5.478901179593956120e-09	1.564496795000473117e+00	8.486880928477907204e+00	2.722054421940938718e-01	1.396897474736078296e-02	0.000000000000000000e+00
5.738441648302404521e-09	1.554325412641006654e+00	8.450386688176166672e+00	2.716036487531665045e-01	1.389633587067917210e-02	0.000000000000000000e+00
6.010276782070388176e-09	1.544242739806924947e+00	8.414895514434672208e+00	2.709798982743847895e-01	1.383093142302413078e-02	0.000000000000000000e+00
6.294988990221888141e-09	1.534254759815691704e+00	8.380420265762388965e+00	2.703347752354184896e-01	1.377264927148852056e-02	0.000000000000000000e+00
6.593188271333541710e-09	1.524367332838880040e+00	8.346973361245801470e+00	2.696688858391778632e-01	1.372138365237027778e-02	0.000000000000000000e+00
6.905513520162316861e-09	1.514586214680935461e+00	8.314566828147897937e+00	2.689828596583732634e-01	1.367703775348480186e-02	0.000000000000000000e+00
7.232633896483518810e-09	1.504917032699794932e+00	8.283212206123140575e+00	2.682773482703409984e-01	1.363951544492042305e-02	0.000000000000000000e+00
7.575250258771920716e-09	1.495365285035012093e+00	8.252920524123400270e+00	2.675530255480974562e-01	1.360873010850464394e-02	0.000000000000000000e+00
7.934096665797492339e-09	1.485936342121341180e+00	8.223702280864610970e+00	2.668105881622016007e-01	1.358459508642628939e-02	0.000000000000000000e+00
8.309941949353386453e-09	1.476635447522586686e+00	8.195567426413035150e+00	2.660507558443254705e-01	1.356703908928641109e-02	0.000000000000000000e+00
8.703591361485183753e-09	1.467467718361715301e+00	8.168525337134953546e+00	2.652742717078027668e-01	1.355597864224614667e-02	0.000000000000000000e+00
9.115888299750837812e-09	1.458438148225037256e+00	8.142584798961561177e+00	2.644819026572897691e-01	1.355134956030290029e-02	0.000000000000000000e+00
9.547716114208065503e-09	1.449551609128406637e+00	8.117753982554615888e+00	2.636744398066686590e-01	1.355307925096832337e-02	0.000000000000000000e+00
1.000000000000000021e-08	1.440812850504896936e+00	8.094040415919950604e+00	2.628526983464030686e-01	1.356110434054761012e-02	0.000000000000000000e+00
