pc	M	R	C	k2	j3
9.999999999999999799e-13	9.952199562634984897e-02	6.788492689317662609e+01	2.164790913513427867e-03	-4.950664477451832690e-01	0.000000000000000000e+00
1.047370897959448749e-12	1.005432136916991070e-01	6.076136533414808127e+01	2.443405086025747779e-03	-4.938765237480075565e-01	0.000000000000000000e+00
1.096985797892381920e-12	1.016696831038403359e-01	5.479599841711119979e+01	2.739762143093260084e-03	-4.933067776284966177e-01	0.000000000000000000e+00
1.148951000187311009e-12	1.029045673824197094e-01	4.973951190495459684e+01	3.054944797613672568e-03	-4.924913183274274853e-01	0.000000000000000000e+00
1.203377840777590522e-12	1.042521010352095434e-01	4.540909949582425043e+01	3.390097288910919396e-03	-4.915467580305312723e-01	0.000000000000000000e+00
1.260382929679727463e-12	1.057173913359818612e-01	4.166774268261684000e+01	3.746422038315942553e-03	-4.906986533639043357e-01	0.000000000000000000e+00
1.320088400831416649e-12	1.073062857402116432e-01	3.841074157777703846e+01	4.125178121057640653e-03	-4.897720930813562745e-01	0.000000000000000000e+00
1.382622173764653478e-12	1.090252858597053481e-01	3.555673013062459376e+01	4.527679256102026470e-03	-4.887565569516482689e-01	0.000000000000000000e+00
1.448118227674535917e-12	1.108814906781483839e-01	3.304151479705395644e+01	4.955293030205093138e-03	-4.877090154542957912e-01	0.000000000000000000e+00
1.516716888470924089e-12	1.128825626697119583e-01	3.081376912333710294e+01	5.409439538749480185e-03	-4.865857399940942130e-01	0.000000000000000000e+00
1.588565129428052692e-12	1.150367082897469778e-01	2.883195202817577751e+01	5.891591602127258485e-03	-4.854055264747313414e-01	0.000000000000000000e+00
1.663816886076127415e-12	1.173526728768763960e-01	2.706208366581848423e+01	6.403272561443259722e-03	-4.841535659704938599e-01	0.000000000000000000e+00
1.742633386009647278e-12	1.198397419504946965e-01	2.547608922142119070e+01	6.946056939052237811e-03	-4.828223153535373124e-01	0.000000000000000000e+00
1.825183494319046040e-12	1.225077525290495378e-01	2.405056522348755621e+01	7.521570321519515864e-03	-4.814174384261050155e-01	0.000000000000000000e+00
1.911644075385703708e-12	1.253671086606306107e-01	2.276585094523910868e+01	8.131486715318240674e-03	-4.799303571132158552e-01	0.000000000000000000e+00
2.002200371815584363e-12	1.284288030801349623e-01	2.160530111064261760e+01	8.777530489538699909e-03	-4.783570089851374441e-01	0.000000000000000000e+00
2.097046401323230665e-12	1.317044413286633242e-01	2.055473528720641596e+01	9.461473283251120234e-03	-4.766959429256471537e-01	0.000000000000000000e+00
2.196385372416542332e-12	1.352062712249334775e-01	1.960199403019865017e+01	1.018513566743432970e-02	-4.749424491497711842e-01	0.000000000000000000e+00
2.300430119772921506e-12	1.389472128725073308e-01	1.873659741482970631e+01	1.095038401035825469e-02	-4.730925625667899426e-01	0.000000000000000000e+00
2.409403560239526876e-12	1.429408916717164746e-01	1.794946579939398745e+01	1.175913006553709617e-02	-4.711423189977357873e-01	0.000000000000000000e+00
2.523539170434765862e-12	1.472016724235254426e-01	1.723269563539476579e+01	1.261333010111369279e-02	-4.690878568500793655e-01	0.000000000000000000e+00
2.643081486974102692e-12	1.517446956873827746e-01	1.657938009947396907e+01	1.351498181734314338e-02	-4.669255510057949698e-01	0.000000000000000000e+00
2.768286630392061017e-12	1.565859101622890937e-01	1.598345854252785969e+01	1.446612312305748868e-02	-4.646512096451932416e-01	0.000000000000000000e+00
2.899422853882880921e-12	1.617421098593059825e-01	1.543959457317730610e+01	1.546882929928943169e-02	-4.622611820530103111e-01	0.000000000000000000e+00
3.036771118035460378e-12	1.672309665306936366e-01	1.494307492636942492e+01	1.652520899740548763e-02	-4.597515732308859460e-01	0.000000000000000000e+00
3.180625692794118977e-12	1.730710625662155444e-01	1.448972320097200495e+01	1.763740168425455279e-02	-4.571186430600458483e-01	0.000000000000000000e+00
3.331294787934670055e-12	1.792819177696174660e-01	1.407582902212846498e+01	1.880757235819801448e-02	-4.543586772686495912e-01	0.000000000000000000e+00
3.489101213406766494e-12	1.858840182978891975e-01	1.369808761342806669e+01	2.003790658078382150e-02	-4.514681240933630657e-01	0.000000000000000000e+00
3.654383070957261569e-12	1.928988351078784191e-01	1.335354765990522807e+01	2.133060528111957108e-02	-4.484435023133899745e-01	0.000000000000000000e+00
3.827494478516314936e-12	2.003488411145322445e-01	1.303956804826943028e+01	2.268787729148432145e-02	-4.452815176943903386e-01	0.000000000000000000e+00
4.008806328898464320e-12	2.082575221930310916e-01	1.275377992901702306e+01	2.411193216503667094e-02	-4.419790235196228712e-01	0.000000000000000000e+00
4.198707084443905621e-12	2.166493772768457449e-01	1.249405398277343338e+01	2.560497181025367386e-02	-4.385330931100407392e-01	0.000000000000000000e+00
4.397603609302712498e-12	2.255499129599579100e-01	1.225847260936320282e+01	2.716918042627273350e-02	-4.349410334646171550e-01	0.000000000000000000e+00
4.605922041145112927e-12	2.349856265781767317e-01	1.204530471189822904e+01	2.880671544427276798e-02	-4.312004188936555127e-01	0.000000000000000000e+00
4.824108704165373984e-12	2.449839783611235666e-01	1.185298497547145580e+01	3.051969464563171822e-02	-4.273091250679738051e-01	0.000000000000000000e+00
5.052631065335679604e-12	2.555733502692815740e-01	1.168009489147421931e+01	3.231018391042691368e-02	-4.232653681317183336e-01	0.000000000000000000e+00
5.291978735958436557e-12	2.667829905826853976e-01	1.152534590556972560e+01	3.418018453229239306e-02	-4.190677388570363537e-01	0.000000000000000000e+00
5.542664520663095602e-12	2.786429422645100296e-01	1.138756533935997339e+01	3.613161720435225516e-02	-4.147152418406030994e-01	0.000000000000000000e+00
5.805225516094907684e-12	2.911839537343237083e-01	1.126568308344481295e+01	3.816630739372074005e-02	-4.102073324469820426e-01	0.000000000000000000e+00
6.080224261649427052e-12	3.044373697689632396e-01	1.115872039610168187e+01	4.028596773390009933e-02	-4.055439544870370616e-01	0.000000000000000000e+00
6.368249944718585906e-12	3.184350015936641687e-01	1.106577945198007384e+01	4.249218103632965149e-02	-4.007255783018147111e-01	0.000000000000000000e+00
6.669919663030115058e-12	3.332089740461979255e-01	1.098603444799369555e+01	4.478638075373979344e-02	-3.957532392688668521e-01	0.000000000000000000e+00
6.985879746785234820e-12	3.487915479325782719e-01	1.091872334929781374e+01	4.716983152764724074e-02	-3.906285720404936157e-01	0.000000000000000000e+00
7.316807143427207274e-12	3.652149174728975267e-01	1.086314043924254058e+01	4.964360931864324894e-02	-3.853538439072423105e-01	0.000000000000000000e+00
7.663410868007462274e-12	3.825109786044142424e-01	1.081862975811904093e+01	5.220858000485802120e-02	-3.799319860913082936e-01	0.000000000000000000e+00
8.026433522257174683e-12	4.007110710068442216e-01	1.078457912441106892e+01	5.486537796284342294e-02	-3.743666214750264176e-01	0.000000000000000000e+00
8.406652885618316356e-12	4.198456895966460878e-01	1.076041470815200540e+01	5.761438420318987924e-02	-3.686620882347394490e-01	0.000000000000000000e+00
8.804883581643446547e-12	4.399441662598904124e-01	1.074559609345948807e+01	6.045570444561369772e-02	-3.628234586521151273e-01	0.000000000000000000e+00
9.221978823334340144e-12	4.610343223897637177e-01	1.073961186420600988e+01	6.338914694649126769e-02	-3.568565534565424358e-01	0.000000000000000000e+00
9.658832241158709141e-12	4.831420912973661275e-01	1.074197546210663745e+01	6.641420125616571968e-02	-3.507679486480148601e-01	0.000000000000000000e+00
1.011637979766206976e-11	5.062911125229160314e-01	1.075222157058393613e+01	6.953001667702594923e-02	-3.445649775664118009e-01	0.000000000000000000e+00
1.059560179277614774e-11	5.305022983657087243e-01	1.076990270526220961e+01	7.273538214201540064e-02	-3.382557247149129975e-01	0.000000000000000000e+00
1.109752496412069864e-11	5.557933765603217946e-01	1.079458614851207976e+01	7.602870712230196115e-02	-3.318490118781489140e-01	0.000000000000000000e+00
1.162322468679854125e-11	5.821784102632237001e-01	1.082585121982617338e+01	7.940800343062512368e-02	-3.253543774466352012e-01	0.000000000000000000e+00
1.217382727739662020e-11	6.096673003141369618e-01	1.086328663396654726e+01	8.287087003190471424e-02	-3.187820448830653852e-01	0.000000000000000000e+00
1.275051240713012859e-11	6.382652736007099481e-01	1.090648839596168784e+01	8.641447774996692532e-02	-3.121428869565631703e-01	0.000000000000000000e+00
1.335451562929897339e-11	6.679723641882928664e-01	1.095505757903169908e+01	9.003555902563574465e-02	-3.054483763903145799e-01	0.000000000000000000e+00
1.398713102647241439e-11	6.987828917776869320e-01	1.100859871877166185e+01	9.373039719580932017e-02	-2.987105342650923090e-01	0.000000000000000000e+00
1.464971398307287854e-11	7.306849458936784947e-01	1.106671805455375157e+01	9.749482166067641176e-02	-2.919418649690894152e-01	0.000000000000000000e+00
1.534368408930013065e-11	7.636598839323042176e-01	1.112902219557368078e+01	1.013242046953864023e-01	-2.851552868490825343e-01	0.000000000000000000e+00
1.607052818261638620e-11	7.976818507900681476e-01	1.119511697301927988e+01	1.052134617925827575e-01	-2.783640560138366249e-01	0.000000000000000000e+00
1.683180353330955093e-11	8.327173270368298796e-01	1.126460650780957984e+01	1.091570551812887230e-01	-2.715816852263641112e-01	0.000000000000000000e+00
1.762914118095944293e-11	8.687254169840155082e-01	1.133709401502019176e+01	1.131490768708701550e-01	-2.648217307104007157e-01	0.000000000000000000e+00
1.846424942895546448e-11	9.056611676735243366e-01	1.141219074587969651e+01	1.171836334588568507e-01	-2.580970950823853749e-01	0.000000000000000000e+00
1.933891750455232057e-11	9.434771650934771214e-01	1.148952119868511978e+01	1.212550116535296568e-01	-2.514197509849691037e-01	0.000000000000000000e+00
2.025501939230666486e-11	9.821234965423690788e-01	1.156872432554265373e+01	1.253576563482334538e-01	-2.448007942679355509e-01	0.000000000000000000e+00
2.121451784910627571e-11	1.021547754189618074e+00	1.164945382940688212e+01	1.294861576643397960e-01	-2.382504823131929295e-01	0.000000000000000000e+00
2.221946860939528424e-11	1.061695089487642907e+00	1.173137816972811009e+01	1.336352433640828896e-01	-2.317782644676612547e-01	0.000000000000000000e+00
2.327202478960412005e-11	1.102508308989300634e+00	1.181418048754392558e+01	1.377997738545561068e-01	-2.253928095627569517e-01	0.000000000000000000e+00
2.437444150122221807e-11	1.143927996897500243e+00	1.189755831538700015e+01	1.419747400167565288e-01	-2.191020303525003654e-01	0.000000000000000000e+00
2.552908068239516723e-11	1.185892667104023523e+00	1.198122318629498295e+01	1.461552635447825321e-01	-2.129131056192685167e-01	0.000000000000000000e+00
2.673841615839943880e-11	1.228338936633817324e+00	1.206490027298328549e+01	1.503365976256126613e-01	-2.068325033369957655e-01	0.000000000000000000e+00
2.800503894183625342e-11	1.271201716240445867e+00	1.214832795529689768e+01	1.545141289573762622e-01	-2.008660032837021603e-01	0.000000000000000000e+00
2.933166278390048099e-11	1.314414424785761870e+00	1.223125750820160462e+01	1.586833798085744152e-01	-1.950187209586507486e-01	0.000000000000000000e+00
3.072112998861759207e-11	1.357909210742365813e+00	1.231345264975112030e+01	1.628400115490688527e-01	-1.892951306137539980e-01	0.000000000000000000e+00
3.217641750250735458e-11	1.401617185695425150e+00	1.239468920264192064e+01	1.669798273321909110e-01	-1.836990905940982799e-01	0.000000000000000000e+00
3.370064329271925032e-11	1.445468685028376665e+00	1.247475481231102279e+01	1.710987765212125533e-01	-1.782338672015123526e-01	0.000000000000000000e+00
3.529707302730657668e-11	1.489393506337672424e+00	1.255344856236630768e+01	1.751929572838422655e-01	-1.729021618183965159e-01	0.000000000000000000e+00
3.696912707195032437e-11	1.533321180170654552e+00	1.263058082468373478e+01	1.792586194767678553e-01	-1.677061381010163388e-01	0.000000000000000000e+00
3.872038781812557004e-11	1.577181229193511891e+00	1.270597289754510051e+01	1.832921688235376323e-01	-1.626474478457364259e-01	0.000000000000000000e+00
4.055460735840827506e-11	1.620903433095821411e+00	1.277945680765569492e+01	1.872901694845345855e-01	-1.577272591431529147e-01	0.000000000000000000e+00
4.247571552536894126e-11	1.664418091936304522e+00	1.285087517899114395e+01	1.912493455096649919e-01	-1.529462858029721761e-01	0.000000000000000000e+00
4.448782831127576069e-11	1.707656284605468811e+00	1.292008092418705445e+01	1.951665845523522236e-01	-1.483048137332725058e-01	0.000000000000000000e+00
4.659525668664686662e-11	1.750550124186578627e+00	1.298693717136195325e+01	1.990389381661913093e-01	-1.438027310919691715e-01	0.000000000000000000e+00
4.880251583654433574e-11	1.793033003456645069e+00	1.305131702809706873e+01	2.028636238879079068e-01	-1.394395556349158627e-01	0.000000000000000000e+00
5.111433483440165318e-11	1.835039833501729056e+00	1.311310344795167460e+01	2.066380256649107960e-01	-1.352144632810738378e-01	0.000000000000000000e+00
5.353566677410718816e-11	1.876507271716534975e+00	1.317218909942587857e+01	2.103596937767520936e-01	-1.311263162977888974e-01	0.000000000000000000e+00
5.607169938205469661e-11	1.917373935669221874e+00	1.322847616225096345e+01	2.140263451940539741e-01	-1.271736899522685205e-01	0.000000000000000000e+00
5.872786613189488850e-11	1.957580607004461903e+00	1.328187624112394971e+01	2.176358619479127621e-01	-1.233549001948048701e-01	0.000000000000000000e+00
6.150985788580503926e-11	1.997070412955546548e+00	1.333231009134217082e+01	2.211862911195626724e-01	-1.196680283251492644e-01	0.000000000000000000e+00
6.442363508721370414e-11	2.035789009968111518e+00	1.337970766662372135e+01	2.246758409639932896e-01	-1.161109483940166581e-01	0.000000000000000000e+00
6.747544053110686101e-11	2.073684728314796555e+00	1.342400773882106435e+01	2.281028809620336550e-01	-1.126813490704805659e-01	0.000000000000000000e+00
7.067181273927477085e-11	2.110708714672716813e+00	1.346515783980563796e+01	2.314659376808253788e-01	-1.093767584158835543e-01	0.000000000000000000e+00
7.401959996915652408e-11	2.146815055201792610e+00	1.350311409238826776e+01	2.347636916212336167e-01	-1.061945660661744451e-01	0.000000000000000000e+00
7.752597488629464062e-11	2.181960885526847083e+00	1.353784095551577416e+01	2.379949755031578462e-01	-1.031320425727207946e-01	0.000000000000000000e+00
8.119844993184008328e-11	2.216106459089404623e+00	1.356931112812155504e+01	2.411587666709456568e-01	-1.001863628487768554e-01	0.000000000000000000e+00
8.504489341802668113e-11	2.249215235907530364e+00	1.359750520548981711e+01	2.442541874882547814e-01	-9.735462049927735839e-02	0.000000000000000000e+00
8.907354638610458163e-11	2.281253924933561716e+00	1.362241161956346858e+01	2.472804970998640217e-01	-9.463384882630203332e-02	0.000000000000000000e+00
9.329304026284695888e-11	2.312192519932013468e+00	1.364402631360331419e+01	2.502370886165711239e-01	-9.202103527545373030e-02	0.000000000000000000e+00
9.771241535346501225e-11	2.342004317669296398e+00	1.366235255876381949e+01	2.531234832737536689e-01	-8.951313726988401054e-02	0.000000000000000000e+00
1.023411402105452712e-10	2.370665920680418370e+00	1.367740064467975536e+01	2.559393266041594117e-01	-8.710709489752617440e-02	0.000000000000000000e+00
1.071891319205126445e-10	2.398157223349923761e+00	1.368918773966599822e+01	2.586843810262102195e-01	-8.479984540551058214e-02	0.000000000000000000e+00
1.122667773510811312e-10	2.424461384555923971e+00	1.369773753529341853e+01	2.613585222828848087e-01	-8.258833311247903985e-02	0.000000000000000000e+00
1.175849554052158201e-10	2.449564786138610284e+00	1.370308002586452822e+01	2.639617331227246955e-01	-8.046952052818839851e-02	0.000000000000000000e+00
1.231550603292826197e-10	2.473456978317977395e+00	1.370525121821660797e+01	2.664940980896375877e-01	-7.844039741571132152e-02	0.000000000000000000e+00
1.289890261253308184e-10	2.496130614181751195e+00	1.370429287753639613e+01	2.689557976013391971e-01	-7.649798940234328604e-02	0.000000000000000000e+00
1.350993521198024986e-10	2.517581371868357287e+00	1.370025221749990862e+01	2.713471028714176114e-01	-7.463936494490570894e-02	0.000000000000000000e+00
1.414991297434578731e-10	2.537807867937711848e+00	1.369318163174516023e+01	2.736683701134205449e-01	-7.286164198508254808e-02	0.000000000000000000e+00
1.482020705798860072e-10	2.556811561337087202e+00	1.368313837741976613e+01	2.759200356396185327e-01	-7.116199309065612821e-02	0.000000000000000000e+00
1.552225357427047968e-10	2.574596651666632319e+00	1.367018432662228200e+01	2.781026098862265927e-01	-6.953765067987496828e-02	0.000000000000000000e+00
1.625755666443793407e-10	2.591169958931442974e+00	1.365438563131122862e+01	2.802166719931430960e-01	-6.798591111584059710e-02	0.000000000000000000e+00
1.702769172225897821e-10	2.606540825879363421e+00	1.363581243191514858e+01	2.822628667184787221e-01	-6.650413650325087689e-02	0.000000000000000000e+00
1.783430876931905687e-10	2.620720977746464619e+00	1.361453859111951736e+01	2.842418969096412451e-01	-6.508975920780744884e-02	0.000000000000000000e+00
1.867913599020784805e-10	2.633724406284636110e+00	1.359064136434446013e+01	2.861545205185068164e-01	-6.374028255435786050e-02	0.000000000000000000e+00
1.956398343517064725e-10	2.645567238989881886e+00	1.356420114478863326e+01	2.880015450245991815e-01	-6.245328299504512154e-02	0.000000000000000000e+00
2.049074689815846066e-10	2.656267608189270213e+00	1.353530113534717039e+01	2.897838238564655056e-01	-6.122641048259577778e-02	0.000000000000000000e+00
2.146141197858401440e-10	2.665845523434334563e+00	1.350402708359940895e+01	2.915022522812726891e-01	-6.005738892967467379e-02	0.000000000000000000e+00
2.247805833548729991e-10	2.674322728216978806e+00	1.347046702396454521e+01	2.931577617720197426e-01	-5.894401741123869720e-02	0.000000000000000000e+00
2.354286414322420067e-10	2.681722578421305681e+00	1.343471096378198482e+01	2.947513182611001259e-01	-5.788416850024215299e-02	0.000000000000000000e+00
2.465811075822603842e-10	2.688069905166125650e+00	1.339685062711864383e+01	2.962839177098162136e-01	-5.687578826131515358e-02	0.000000000000000000e+00
2.582618760682674929e-10	2.693390883732242891e+00	1.335697920976034503e+01	2.977565822795950057e-01	-5.591689566984367477e-02	0.000000000000000000e+00
2.704959730463131364e-10	2.697712908129474396e+00	1.331519109670783507e+01	2.991703581035137227e-01	-5.500558087044940536e-02	0.000000000000000000e+00
2.833096101839318258e-10	2.701064461379290904e+00	1.327158163112942191e+01	3.005263115578403754e-01	-5.414000434012261609e-02	0.000000000000000000e+00
2.967302408188872501e-10	2.703474994345568927e+00	1.322624687910040464e+01	3.018255266230884803e-01	-5.331839528021961594e-02	0.000000000000000000e+00
3.107866187782014063e-10	2.704974804166081270e+00	1.317928338805567101e+01	3.030691023701430065e-01	-5.253904990055002083e-02	0.000000000000000000e+00
3.255088599835056406e-10	2.705594923343844993e+00	1.313078794929072224e+01	3.042581515479058640e-01	-5.180032901377815135e-02	0.000000000000000000e+00
3.409285069746807543e-10	2.705366998065452666e+00	1.308085741292534898e+01	3.053937967165049616e-01	-5.110065717104347177e-02	0.000000000000000000e+00
3.570785964900469852e-10	2.704323185089508197e+00	1.302958848929857005e+01	3.064771686780864979e-01	-5.043852037275821376e-02	0.000000000000000000e+00
3.739937302478801677e-10	2.702496049564211855e+00	1.297707750825463791e+01	3.075094059194142804e-01	-4.981246321711870623e-02	0.000000000000000000e+00
3.917101490809260641e-10	2.699918463335762020e+00	1.292342028564318213e+01	3.084916514817424016e-01	-4.922108767978453092e-02	0.000000000000000000e+00
4.102658105827190344e-10	2.696623510449363437e+00	1.286871190571859636e+01	3.094250524742134800e-01	-4.866305033492879933e-02	0.000000000000000000e+00
4.297004704320835313e-10	2.692644397189425387e+00	1.281304659790256295e+01	3.103107577078177415e-01	-4.813706078670142857e-02	0.000000000000000000e+00
4.500557675700488183e-10	2.688014368992396541e+00	1.275651754272110061e+01	3.111499176305218550e-01	-4.764187879442604440e-02	0.000000000000000000e+00
4.713753134116729086e-10	2.682766628706684031e+00	1.269921675061518407e+01	3.119436824839176836e-01	-4.717631254623835119e-02	0.000000000000000000e+00
4.937047852839003559e-10	2.676934260862245729e+00	1.264123491671768562e+01	3.126932015237227636e-01	-4.673921638026976716e-02	0.000000000000000000e+00
5.170920242896755486e-10	2.670550163402648725e+00	1.258266129954927592e+01	3.133996223167740403e-01	-4.632948855399408872e-02	0.000000000000000000e+00
5.415871378079465267e-10	2.663646982830175869e+00	1.252358359434112423e+01	3.140640903582236354e-01	-4.594606892025091677e-02	0.000000000000000000e+00
5.672426068491988835e-10	2.656256923801254555e+00	1.246408687906643209e+01	3.146877570150838910e-01	-4.558793192965353291e-02	0.000000000000000000e+00
5.941133984965039838e-10	2.648410414797643941e+00	1.240424560229131146e+01	3.152718284337177046e-01	-4.525405648732973990e-02	0.000000000000000000e+00
6.222570836730231313e-10	2.640136000846612596e+00	1.234412890966486209e+01	3.158174232378943569e-01	-4.494350518816421503e-02	0.000000000000000000e+00
6.517339604882420571e-10	2.631460632008485678e+00	1.228380544506680749e+01	3.163254851845559434e-01	-4.465547053897873236e-02	0.000000000000000000e+00
6.826071834272379248e-10	2.622409713873957049e+00	1.222334224532058755e+01	3.167968160475669870e-01	-4.438925263463088661e-02	0.000000000000000000e+00
7.149428986597561750e-10	2.613006928718367039e+00	1.216280514055203099e+01	3.172320424426705032e-01	-4.414427481083228744e-02	0.000000000000000000e+00
7.488103857590030225e-10	2.603274549296533902e+00	1.210225764404022186e+01	3.176316811517535532e-01	-4.392004415836402165e-02	0.000000000000000000e+00
7.842822061337681836e-10	2.593233450406756013e+00	1.204176124480712495e+01	3.179961323842706578e-01	-4.371615335227353044e-02	0.000000000000000000e+00
8.214343584919422200e-10	2.582903259398865004e+00	1.198137524274325294e+01	3.183257019115670605e-01	-4.353226661004896275e-02	0.000000000000000000e+00
8.603464416684491388e-10	2.572302483245345162e+00	1.192115678055938943e+01	3.186206156157319613e-01	-4.336811031972525460e-02	0.000000000000000000e+00
9.011018251665036851e-10	2.561448644828186794e+00	1.186116083258594678e+01	3.188810366741876012e-01	-4.322346252878600525e-02	0.000000000000000000e+00
9.437878277775391497e-10	2.550358401290938826e+00	1.180144030333536875e+01	3.191070779594382678e-01	-4.309814537315328348e-02	0.000000000000000000e+00
9.884959046625586031e-10	2.539047663701578195e+00	1.174204606668521755e+01	3.192988164950267826e-01	-4.299201657768185469e-02	0.000000000000000000e+00
1.035321843295661502e-09	2.527531697805870614e+00	1.168302712687037825e+01	3.194563025443020732e-01	-4.290496410096908408e-02	0.000000000000000000e+00
1.084365968689608688e-09	2.515825216072331560e+00	1.162443065601340919e+01	3.195795711718930066e-01	-4.283689952985978572e-02	0.000000000000000000e+00
1.135733358343102889e-09	2.503942497308672355e+00	1.156630205673610767e+01	3.196686569056708116e-01	-4.278774985672972875e-02	0.000000000000000000e+00
1.189534067370320724e-09	2.491897399797456725e+00	1.150868523334687765e+01	3.197235893052511324e-01	-4.275745984478244999e-02	0.000000000000000000e+00
1.245883364295008068e-09	2.479703497997108652e+00	1.145162248436525587e+01	3.197444148193346880e-01	-4.274597990816570575e-02	0.000000000000000000e+00
1.304901978014401580e-09	2.467374100472550680e+00	1.139515473761008479e+01	3.197311942235768201e-01	-4.275326746624952268e-02	0.000000000000000000e+00
1.366716356462010101e-09	2.454922315797971599e+00	1.133932157319723188e+01	3.196840121261963485e-01	-4.277928161360753517e-02	0.000000000000000000e+00
1.431458937523481393e-09	2.442361095967576556e+00	1.128416130917144855e+01	3.196029819579260245e-01	-4.282398024134166648e-02	0.000000000000000000e+00
1.499268432786047049e-09	2.429703258849040814e+00	1.122971114533909542e+01	3.194882466128388665e-01	-4.288731950017436734e-02	0.000000000000000000e+00
1.570290124729377524e-09	2.416961551067919434e+00	1.117600709289428984e+01	3.193399904897591401e-01	-4.296924690173798550e-02	0.000000000000000000e+00
1.644676177994662829e-09	2.404148628846808133e+00	1.112308419534548953e+01	3.191584325310014569e-01	-4.306970483230648794e-02	0.000000000000000000e+00
1.722585965398783835e-09	2.391277101065897970e+00	1.107097648182633698e+01	3.189438349899253455e-01	-4.318862529734861927e-02	0.000000000000000000e+00
1.804186409392068039e-09	2.378359544295925332e+00	1.101971702670220488e+01	3.186965055117482182e-01	-4.332592826299377919e-02	0.000000000000000000e+00
1.889652339691211477e-09	2.365408501996250301e+00	1.096933799532881615e+01	3.184167974397977274e-01	-4.348152088564206930e-02	0.000000000000000000e+00
1.979166867853557524e-09	2.352436499271849613e+00	1.091987066648002802e+01	3.181051128060250477e-01	-4.365529515635774988e-02	0.000000000000000000e+00
2.072921779595369695e-09	2.339456031078657183e+00	1.087134548047366778e+01	3.177619009302688480e-01	-4.384712788907483422e-02	0.000000000000000000e+00
2.171117945694509622e-09	2.326479535509092145e+00	1.082379212736009855e+01	3.173876536573550511e-01	-4.405688252063627575e-02	0.000000000000000000e+00
2.273965752357932151e-09	2.313519557496260592e+00	1.077723908039632761e+01	3.169829427708255043e-01	-4.428438713021964207e-02	0.000000000000000000e+00
2.381685551976160644e-09	2.300588458557288885e+00	1.073171438854048887e+01	3.165483585280161605e-01	-4.452946781871938015e-02	0.000000000000000000e+00
2.494508135230316413e-09	2.287698588176763526e+00	1.068724522951933054e+01	3.160845471114706595e-01	-4.479192661071974835e-02	0.000000000000000000e+00
2.612675225563326382e-09	2.274862299042742286e+00	1.064385774127929984e+01	3.155922188797850025e-01	-4.507153547091313078e-02	0.000000000000000000e+00
2.736439997074666368e-09	2.262091850690864714e+00	1.060157730848320412e+01	3.150721275462033399e-01	-4.536804672834420654e-02	0.000000000000000000e+00
2.866067616948244470e-09	2.249399440075847245e+00	1.056042840320218090e+01	3.145250798081653532e-01	-4.568118622844186821e-02	0.000000000000000000e+00
3.001835813575592210e-09	2.236797177562361849e+00	1.052043460533910135e+01	3.139519319849721213e-01	-4.601065376848877814e-02	0.000000000000000000e+00
3.144035471591500167e-09	2.224297077972027914e+00	1.048161854049047470e+01	3.133535910179131578e-01	-4.635612099019864596e-02	0.000000000000000000e+00
3.292971255097148186e-09	2.211911049274264851e+00	1.044400188041946365e+01	3.127310131071188715e-01	-4.671723057099550630e-02	0.000000000000000000e+00
3.448962260405766611e-09	2.199650856127148835e+00	1.040760532754665668e+01	3.120851990707830259e-01	-4.709359729696915159e-02	0.000000000000000000e+00
3.612342699709437910e-09	2.187528148201818734e+00	1.037244848351576465e+01	3.114172021482087271e-01	-4.748480186531439662e-02	0.000000000000000000e+00
3.783462617131932968e-09	2.175554411559578405e+00	1.033854989540432179e+01	3.107281194228529997e-01	-4.789039417646109159e-02	0.000000000000000000e+00
3.962688638701478467e-09	2.163740928791583418e+00	1.030592709591457812e+01	3.100190843681772113e-01	-4.830989608151783909e-02	0.000000000000000000e+00
4.150404757850472502e-09	2.152098953985205565e+00	1.027459596744845882e+01	3.092913103488638127e-01	-4.874277386409466700e-02	0.000000000000000000e+00
4.347013158125017173e-09	2.140639315322824920e+00	1.024457186761567762e+01	3.085459989231786326e-01	-4.918849093821645035e-02	0.000000000000000000e+00
4.552935074866938773e-09	2.129372781784328428e+00	1.021586841831693171e+01	3.077844277064108458e-01	-4.964645406416397927e-02	0.000000000000000000e+00
4.768611697714474181e-09	2.118309848701037446e+00	1.018849805115508111e+01	3.070079019210907312e-01	-5.011604049221497770e-02	0.000000000000000000e+00
4.994505115855140358e-09	2.107460820238247656e+00	1.016247167764296222e+01	3.062177747504396530e-01	-5.059658413218794115e-02	0.000000000000000000e+00
5.231099308056257792e-09	2.096835670043304400e+00	1.013779898564127002e+01	3.054154165434263546e-01	-5.108739270326415061e-02	0.000000000000000000e+00
5.478901179593956120e-09	2.086444152967502408e+00	1.011448801940809972e+01	3.046022418120679087e-01	-5.158772991334942271e-02	0.000000000000000000e+00
5.738441648302404521e-09	2.076295726010156883e+00	1.009254531656761422e+01	3.037796916186301099e-01	-5.209682479696616658e-02	0.000000000000000000e+00
6.010276782070388176e-09	2.066399548618210513e+00	1.007197579116799346e+01	3.029492349495671588e-01	-5.261386963235489822e-02	0.000000000000000000e+00
6.294988990221888141e-09	2.056764461629251084e+00	1.005278271888037622e+01	3.021123637482184821e-01	-5.313802187996378990e-02	0.000000000000000000e+00
6.593188271333541710e-09	2.047398981031836485e+00	1.003496763820970727e+01	3.012705925004173224e-01	-5.366840342706284683e-02	0.000000000000000000e+00
6.905513520162316861e-09	2.038311274685280505e+00	1.001853032288976841e+01	3.004254530494629982e-01	-5.420410295818934437e-02	0.000000000000000000e+00
7.232633896483518810e-09	2.029509125259234104e+00	1.000346880981550157e+01	2.995784855915879508e-01	-5.474418097691804291e-02	0.000000000000000000e+00
7.575250258771920716e-09	2.021000037179413678e+00	9.989778919850175853e+00	2.987312660212111948e-01	-5.528765174355791678e-02	0.000000000000000000e+00
7.934096665797492339e-09	2.012790947091228411e+00	9.977455166320751800e+00	2.978853331133836102e-01	-5.583352951566237371e-02	0.000000000000000000e+00
8.309941949353386453e-09	2.004888587552826174e+00	9.966489351144170783e+00	2.970422813289621544e-01	-5.638076874160879992e-02	0.000000000000000000e+00
8.703591361485183753e-09	1.997299092325139469e+00	9.956871998722363060e+00	2.962036566530633630e-01	-5.692833122084254432e-02	0.000000000000000000e+00
9.115888299750837812e-09	1.990028242310978079e+00	9.948591126691978204e+00	2.953710267190896577e-01	-5.747514096978401099e-02	0.000000000000000000e+00
9.547716114208065503e-09	1.983081341889590066e+00	9.941632819778186914e+00	2.945459424343802035e-01	-5.802010947260820284e-02	0.000000000000000000e+00
1.000000000000000021e-08	1.976463216039404225e+00	9.935981086634718906e+00	2.937299389261116556e-01	-5.856213572405555290e-02	0.000000000000000000e+00
