pc	M	R	C	k2	j3
9.999999999999999799e-13	1.242128143907332144e-01	1.556609817365882975e+01	1.178302697507969433e-02	4.210239720575292138e-02	0.000000000000000000e+00
1.047370897959448749e-12	1.277018855346322979e-01	1.536956973269485971e+01	1.226890588667135969e-02	4.421176317322718374e-02	0.000000000000000000e+00
1.096985797892381920e-12	1.313573439521718567e-01	1.518425907723965196e+01	1.277411990223947282e-02	4.642371516034878021e-02	0.000000000000000000e+00
1.148951000187311009e-12	1.351839080452426900e-01	1.500974104498740047e+01	1.329909329680874046e-02	4.873703788196970949e-02	0.000000000000000000e+00
1.203377840777590522e-12	1.391862493128521172e-01	1.484560105065047075e+01	1.384422922568486099e-02	5.114982380606684226e-02	0.000000000000000000e+00
1.260382929679727463e-12	1.433689403744629887e-01	1.469143386885696145e+01	1.440990527362541289e-02	5.365944431187086305e-02	0.000000000000000000e+00
1.320088400831416649e-12	1.477363993672527465e-01	1.454684250023807834e+01	1.499646880646443234e-02	5.626250505934016904e-02	0.000000000000000000e+00
1.382622173764653478e-12	1.522928300011671676e-01	1.441143711934827465e+01	1.560423208245111971e-02	5.895482170004708034e-02	0.000000000000000000e+00
1.448118227674535917e-12	1.570421571360448298e-01	1.428483407803282823e+01	1.623346716226366226e-02	6.173139952787282808e-02	0.000000000000000000e+00
1.516716888470924089e-12	1.619879561489340203e-01	1.416665500060172000e+01	1.688440042374672601e-02	6.458641732016584536e-02	0.000000000000000000e+00
1.588565129428052692e-12	1.671333663910333778e-01	1.405652649421753786e+01	1.755720501159723293e-02	6.751321049128931884e-02	0.000000000000000000e+00
1.663816886076127415e-12	1.724813620253912161e-01	1.395407556778668834e+01	1.825203687300213859e-02	7.050450746738308461e-02	0.000000000000000000e+00
1.742633386009647278e-12	1.780350848103246786e-01	1.385892859146547984e+01	1.896907587806748868e-02	7.355269116556358011e-02	0.000000000000000000e+00
1.825183494319046040e-12	1.837978780342410245e-01	1.377071626144212324e+01	1.970852842987364656e-02	7.664987963431993401e-02	0.000000000000000000e+00
1.911644075385703708e-12	1.897732987720314735e-01	1.368907746544987525e+01	2.047062774386927339e-02	7.978800134425764745e-02	0.000000000000000000e+00
2.002200371815584363e-12	1.959651289328815105e-01	1.361366205784554140e+01	2.125563417941054786e-02	8.295885355599376398e-02	0.000000000000000000e+00
2.097046401323230665e-12	2.023773851430535342e-01	1.354413282815416508e+01	2.206383550393015494e-02	8.615416878795924271e-02	0.000000000000000000e+00
2.196385372416542332e-12	2.090143281854723312e-01	1.348016682631611651e+01	2.289554715219123057e-02	8.936565334869714383e-02	0.000000000000000000e+00
2.300430119772921506e-12	2.158804714576554595e-01	1.342145620655938210e+01	2.375111236189352687e-02	9.258507599214566008e-02	0.000000000000000000e+00
2.409403560239526876e-12	2.229805893401599626e-01	1.336770867418287168e+01	2.463090230731597094e-02	9.580428416860051199e-02	0.000000000000000000e+00
2.523539170434765862e-12	2.303197251576357685e-01	1.331864764156813052e+01	2.553531615643472516e-02	9.901526062716159426e-02	0.000000000000000000e+00
2.643081486974102692e-12	2.379031988850655310e-01	1.327401215274202606e+01	2.646478107897884749e-02	1.022101588661024074e-01	0.000000000000000000e+00
2.768286630392061017e-12	2.457366147124298295e-01	1.323355663396000459e+01	2.741975221218590983e-02	1.053813414399444870e-01	0.000000000000000000e+00
2.899422853882880921e-12	2.538258643621381094e-01	1.319705053046307697e+01	2.840071208977016162e-02	1.085214100658063591e-01	0.000000000000000000e+00
3.036771118035460378e-12	2.621770500310122154e-01	1.316427794973577825e+01	2.940816078778581838e-02	1.116231902314000074e-01	0.000000000000000000e+00
3.180625692794118977e-12	2.707963599004446498e-01	1.313503672208938156e+01	3.044260172441630094e-02	1.146797115617954610e-01	0.000000000000000000e+00
3.331294787934670055e-12	2.796900383089592212e-01	1.310913700771735080e+01	3.150453914312621034e-02	1.176842003882227067e-01	0.000000000000000000e+00
3.489101213406766494e-12	2.888643697371381380e-01	1.308640010344113769e+01	3.259447703945372171e-02	1.206301015409482064e-01	0.000000000000000000e+00
3.654383070957261569e-12	2.983256615307786630e-01	1.306665740275940202e+01	3.371291790228166801e-02	1.235110982003592428e-01	0.000000000000000000e+00
3.827494478516314936e-12	3.080802254684882890e-01	1.304974946591696749e+01	3.486036134548878285e-02	1.263211124207457015e-01	0.000000000000000000e+00
4.008806328898464320e-12	3.181343580828004947e-01	1.303552518111131775e+01	3.603730264121933480e-02	1.290543271358886024e-01	0.000000000000000000e+00
4.198707084443905621e-12	3.284943196436152513e-01	1.302384099921137839e+01	3.724423117144961409e-02	1.317051893320112244e-01	0.000000000000000000e+00
4.397603609302712498e-12	3.391663121616468324e-01	1.301456024200040851e+01	3.848162882260409284e-02	1.342684115561343650e-01	0.000000000000000000e+00
4.605922041145112927e-12	3.501564558067674082e-01	1.300755246171708279e+01	3.974996830331048447e-02	1.367390001127254118e-01	0.000000000000000000e+00
4.824108704165373984e-12	3.614707641050506348e-01	1.300269286267125857e+01	4.104971138516545076e-02	1.391122387440751063e-01	0.000000000000000000e+00
5.052631065335679604e-12	3.731151177380208073e-01	1.299986176531464999e+01	4.238130709288912695e-02	1.413836933301059473e-01	0.000000000000000000e+00
5.291978735958436557e-12	3.850952372713836169e-01	1.299894412012401013e+01	4.374518984985605735e-02	1.435492322403421339e-01	0.000000000000000000e+00
5.542664520663095602e-12	3.974166079131056240e-01	1.299982905341215478e+01	4.514177229960468496e-02	1.456050115051954474e-01	0.000000000000000000e+00
5.805225516094907684e-12	4.100843728482740924e-01	1.300240944459093839e+01	4.657143468821293292e-02	1.475474648005916101e-01	0.000000000000000000e+00
6.080224261649427052e-12	4.231034208347516645e-01	1.300658158950164456e+01	4.803453624393638072e-02	1.493733351275350341e-01	0.000000000000000000e+00
6.368249944718585906e-12	4.364783799530827513e-01	1.301224492597336102e+01	4.953141585227353177e-02	1.510796932047546448e-01	0.000000000000000000e+00
6.669919663030115058e-12	4.502135872207412848e-01	1.301930177054221360e+01	5.106239010291777763e-02	1.526639155077280097e-01	0.000000000000000000e+00
6.985879746785234820e-12	4.643130568936731928e-01	1.302765707466821432e+01	5.262775126924054692e-02	1.541237044663633649e-01	0.000000000000000000e+00
7.316807143427207274e-12	4.787804481607501050e-01	1.303721819778288271e+01	5.422776530540406731e-02	1.554570707920825690e-01	0.000000000000000000e+00
7.663410868007462274e-12	4.936190320613826343e-01	1.304789469833514559e+01	5.586266983141318504e-02	1.566623602620606515e-01	0.000000000000000000e+00
8.026433522257174683e-12	5.088316577208426006e-01	1.305959814253495566e+01	5.753267211029405165e-02	1.577382056953879896e-01	0.000000000000000000e+00
8.406652885618316356e-12	5.244207181918767446e-01	1.307224193195593998e+01	5.923794703561491293e-02	1.586835755655328084e-01	0.000000000000000000e+00
8.804883581643446547e-12	5.403881158803310880e-01	1.308574114531615074e+01	6.097863513674587482e-02	1.594977388143507535e-01	0.000000000000000000e+00
9.221978823334340144e-12	5.567352277162166407e-01	1.310001239864783074e+01	6.275484059064288800e-02	1.601802745409843798e-01	0.000000000000000000e+00
9.658832241158709141e-12	5.734628702920477883e-01	1.311497371991471184e+01	6.456662926990511253e-02	1.607310636421502015e-01	0.000000000000000000e+00
1.011637979766206976e-11	5.905712992977987241e-01	1.313054447188263119e+01	6.641403050397669261e-02	1.611502917086477527e-01	0.000000000000000000e+00
1.059560179277614774e-11	6.080609929051291607e-01	1.314664619261914424e+01	6.829712215807554054e-02	1.614384457488117763e-01	0.000000000000000000e+00
1.109752496412069864e-11	6.259331537377437193e-01	1.316320389636799426e+01	7.021608028332881890e-02	1.615963467887095717e-01	0.000000000000000000e+00
1.162322468679854125e-11	6.441892889589628801e-01	1.318014646066706064e+01	7.217112884169753217e-02	1.616251381415208799e-01	0.000000000000000000e+00
1.217382727739662020e-11	6.628311914372578828e-01	1.319740696955656389e+01	7.416253442927996098e-02	1.615262558122571301e-01	0.000000000000000000e+00
1.275051240713012859e-11	6.818609417092490466e-01	1.321492289921933860e+01	7.619060380445587255e-02	1.613014357211222383e-01	0.000000000000000000e+00
1.335451562929897339e-11	7.012809083095055129e-01	1.323263620419593245e+01	7.825568150706632697e-02	1.609526796648386993e-01	0.000000000000000000e+00
1.398713102647241439e-11	7.210937469674136846e-01	1.325049333595799261e+01	8.035814753438261238e-02	1.604822570061937015e-01	0.000000000000000000e+00
1.464971398307287854e-11	7.413023982705313486e-01	1.326844521260106546e+01	8.249841498580928745e-02	1.598926585166759173e-01	0.000000000000000000e+00
1.534368408930013065e-11	7.619100849476336812e-01	1.328644716058637165e+01	8.467692772737968332e-02	1.591866012398961139e-01	0.000000000000000000e+00
1.607052818261638620e-11	7.829203066478013229e-01	1.330445882372252697e+01	8.689415790572461995e-02	1.583669984586986712e-01	0.000000000000000000e+00
1.683180353330955093e-11	8.043368339896659336e-01	1.332244406313829899e+01	8.915060339162951542e-02	1.574369230243969076e-01	0.000000000000000000e+00
1.762914118095944293e-11	8.261637012482038189e-01	1.334037083722070882e+01	9.144678517348313329e-02	1.563996173877125750e-01	0.000000000000000000e+00
1.846424942895546448e-11	8.484051967894814528e-01	1.335821107964897436e+01	9.378324450299165005e-02	1.552584621166621381e-01	0.000000000000000000e+00
1.933891750455232057e-11	8.710649944219901464e-01	1.337593982475136123e+01	9.616045060966181557e-02	1.540169993352772937e-01	0.000000000000000000e+00
2.025501939230666486e-11	8.941412969995844451e-01	1.339352973926318136e+01	9.857830409828011176e-02	1.526791374826672043e-01	0.000000000000000000e+00
2.121451784910627571e-11	9.176269432339279053e-01	1.341094757384515468e+01	1.010361821145245032e-01	1.512489761320423565e-01	0.000000000000000000e+00
2.221946860939528424e-11	9.415101533097341990e-01	1.342815243136766057e+01	1.035330433616837575e-01	1.497307190187320836e-01	0.000000000000000000e+00
2.327202478960412005e-11	9.657744423465053352e-01	1.344509454014966998e+01	1.060674390183257293e-01	1.481285960958475256e-01	0.000000000000000000e+00
2.437444150122221807e-11	9.903985821749199392e-01	1.346171463058048268e+01	1.086375255568804710e-01	1.464469005032448534e-01	0.000000000000000000e+00
2.552908068239516723e-11	1.015356608788295256e+00	1.347794372947732633e+01	1.112410798629870773e-01	1.446899430992661661e-01	0.000000000000000000e+00
2.673841615839943880e-11	1.040617874934045339e+00	1.349370327735450203e+01	1.138755167420961584e-01	1.428620892387302277e-01	0.000000000000000000e+00
2.800503894183625342e-11	1.066147150130476451e+00	1.350890550503037701e+01	1.165379090438953130e-01	1.409678136167536178e-01	0.000000000000000000e+00
2.933166278390048099e-11	1.091904766520128467e+00	1.352345403198211571e+01	1.192250100527384588e-01	1.390115482800657609e-01	0.000000000000000000e+00
3.072112998861759207e-11	1.117846811384164196e+00	1.353724464410643158e+01	1.219332781445857244e-01	1.369978739355863229e-01	0.000000000000000000e+00
3.217641750250735458e-11	1.143925367734351273e+00	1.355016622095584644e+01	1.246589037233166858e-01	1.349314289698062830e-01	0.000000000000000000e+00
3.370064329271925032e-11	1.170088796104054252e+00	1.356210178879489270e+01	1.273978375404576091e-01	1.328169210129303557e-01	0.000000000000000000e+00
3.529707302730657668e-11	1.196282080229525091e+00	1.357292967477613566e+01	1.301458227886485575e-01	1.306591366934627407e-01	0.000000000000000000e+00
3.696912707195032437e-11	1.222448992004408597e+00	1.358252591340880677e+01	1.328986102725230045e-01	1.284628041639035434e-01	0.000000000000000000e+00
3.872038781812557004e-11	1.248536719866100375e+00	1.359077060509282830e+01	1.356523970721267014e-01	1.262337032204646214e-01	0.000000000000000000e+00
4.055460735840827506e-11	1.274496476091637076e+00	1.359755292166000551e+01	1.384038325212910425e-01	1.239722277587606558e-01	0.000000000000000000e+00
4.247571552536894126e-11	1.300283457493054851e+00	1.360277349247066425e+01	1.411499751375627498e-01	1.216866464617823163e-01	0.000000000000000000e+00
4.448782831127576069e-11	1.325856880548186956e+00	1.360634550559959166e+01	1.438882686646115183e-01	1.193799151632988081e-01	0.000000000000000000e+00
4.659525668664686662e-11	1.351179904193107850e+00	1.360819525972383559e+01	1.466165109272812295e-01	1.170563044678864517e-01	0.000000000000000000e+00
4.880251583654433574e-11	1.376219543144549418e+00	1.360826227602650285e+01	1.493328263508066911e-01	1.147200050407379962e-01	0.000000000000000000e+00
5.111433483440165318e-11	1.400946551910015270e+00	1.360649914030620522e+01	1.520356387713852619e-01	1.123751567978995142e-01	0.000000000000000000e+00
5.353566677410718816e-11	1.425335290274750699e+00	1.360287115422878657e+01	1.547236452261679107e-01	1.100258209404141180e-01	0.000000000000000000e+00
5.607169938205469661e-11	1.449363574207411354e+00	1.359735585602201091e+01	1.573957907274922130e-01	1.076759396084266268e-01	0.000000000000000000e+00
5.872786613189488850e-11	1.473012543983175382e+00	1.358994244100738058e+01	1.600512472845869172e-01	1.053293274029737658e-01	0.000000000000000000e+00
6.150985788580503926e-11	1.496268204793059553e+00	1.358063015150448649e+01	1.626895884161613792e-01	1.029894708183053537e-01	0.000000000000000000e+00
6.442363508721370414e-11	1.519121271288436326e+00	1.356942517852264984e+01	1.653108006408284814e-01	1.006594257136061848e-01	0.000000000000000000e+00
6.747544053110686101e-11	1.541563449249835127e+00	1.355633922375316480e+01	1.679148909846687188e-01	9.834212181811805009e-02	0.000000000000000000e+00
7.067181273927477085e-11	1.563587030958161872e+00	1.354138844646281647e+01	1.705018510271895937e-01	9.604034501316033312e-02	0.000000000000000000e+00
7.401959996915652408e-11	1.585184849756575254e+00	1.352459270324069784e+01	1.730716574960996512e-01	9.375670831608974576e-02	0.000000000000000000e+00
7.752597488629464062e-11	1.606350251746643032e+00	1.350597497770489674e+01	1.756242731856324513e-01	9.149367755308004946e-02	0.000000000000000000e+00
8.119844993184008328e-11	1.627077076136327349e+00	1.348556093077029772e+01	1.781596479222363194e-01	8.925352462996552494e-02	0.000000000000000000e+00
8.504489341802668113e-11	1.647359641175773826e+00	1.346337853292254749e+01	1.806777195900975130e-01	8.703834771436835815e-02	0.000000000000000000e+00
8.907354638610458163e-11	1.667192732150306389e+00	1.343945776011725712e+01	1.831784149648127413e-01	8.485009464757276021e-02	0.000000000000000000e+00
9.329304026284695888e-11	1.686571593537067759e+00	1.341383033383575452e+01	1.856616507656286830e-01	8.269050500557527383e-02	0.000000000000000000e+00
9.771241535346501225e-11	1.705491789002447023e+00	1.338652967601925781e+01	1.881273174310662821e-01	8.056118673358440840e-02	0.000000000000000000e+00
1.023411402105452712e-10	1.723948146289339567e+00	1.335759183737437361e+01	1.905751477036677355e-01	7.846370199649645161e-02	0.000000000000000000e+00
1.071891319205126445e-10	1.741934599980414111e+00	1.332705447241684737e+01	1.930047101542685939e-01	7.639954012226714275e-02	0.000000000000000000e+00
1.122667773510811312e-10	1.759444442670368147e+00	1.329495565029644943e+01	1.954154512834550550e-01	7.437006295582677950e-02	0.000000000000000000e+00
1.175849554052158201e-10	1.776470396356929271e+00	1.326133342884228661e+01	1.978067079136170969e-01	7.237652181910797511e-02	0.000000000000000000e+00
1.231550603292826197e-10	1.793004704987996689e+00	1.322622560149549642e+01	2.001777198101294120e-01	7.042002115991517763e-02	0.000000000000000000e+00
1.289890261253308184e-10	1.809039238238838720e+00	1.318966955024832188e+01	2.025276422636042017e-01	6.850153715120869957e-02	0.000000000000000000e+00
1.350993521198024986e-10	1.824565597851705689e+00	1.315170216257130065e+01	2.048555582129941433e-01	6.662190568527337486e-02	0.000000000000000000e+00
1.414991297434578731e-10	1.839575224499867323e+00	1.311235979607906188e+01	2.071604898797737293e-01	6.478183824021328807e-02	0.000000000000000000e+00
1.482020705798860072e-10	1.854059501432331336e+00	1.307167827161224061e+01	2.094414097611293213e-01	6.298191614465160904e-02	0.000000000000000000e+00
1.552225357427047968e-10	1.868009855083019977e+00	1.302969289317969270e+01	2.116972510081411851e-01	6.122259545972665029e-02	0.000000000000000000e+00
1.625755666443793407e-10	1.881417875124275385e+00	1.298643856300059518e+01	2.139269186009439827e-01	5.950422836975904906e-02	0.000000000000000000e+00
1.702769172225897821e-10	1.894275744328242750e+00	1.294194983020596013e+01	2.161293370769862832e-01	5.782702538553149280e-02	0.000000000000000000e+00
1.783430876931905687e-10	1.906576614627717658e+00	1.289626109378163576e+01	2.183034904593249004e-01	5.619107491484027356e-02	0.000000000000000000e+00
1.867913599020784805e-10	1.918314686292006410e+00	1.284940696795373327e+01	2.204484260249460481e-01	5.459635232402029748e-02	0.000000000000000000e+00
1.956398343517064725e-10	1.929485234288465190e+00	1.280142251260004116e+01	2.225632541818116927e-01	5.304272941169833194e-02	0.000000000000000000e+00
2.049074689815846066e-10	1.940084613947723913e+00	1.275234337515464844e+01	2.246471474240734900e-01	5.152998724391967544e-02	0.000000000000000000e+00
2.146141197858401440e-10	1.950110254608911520e+00	1.270220587798998224e+01	2.266993388484890848e-01	5.005784401059755473e-02	0.000000000000000000e+00
2.247805833548729991e-10	1.959560644489445336e+00	1.265104706578784999e+01	2.287191203975783294e-01	4.862592353912745941e-02	0.000000000000000000e+00
2.354286414322420067e-10	1.968435309794503985e+00	1.259890472555827046e+01	2.307058409847284053e-01	4.723380640035605010e-02	0.000000000000000000e+00
2.465811075822603842e-10	1.976734789040107687e+00	1.254581738208665342e+01	2.326589045855836924e-01	4.588101427890853290e-02	0.000000000000000000e+00
2.582618760682674929e-10	1.984460692025531658e+00	1.249182363633438086e+01	2.345777907633978532e-01	4.456700072776298427e-02	0.000000000000000000e+00
2.704959730463131364e-10	1.991615783683278185e+00	1.243696089658038950e+01	2.364620909666442505e-01	4.329114489016044898e-02	0.000000000000000000e+00
2.833096101839318258e-10	1.998203693448264096e+00	1.238126668380262707e+01	2.383114528497362605e-01	4.205278436201880660e-02	0.000000000000000000e+00
2.967302408188872501e-10	2.004228831349255557e+00	1.232477888840878499e+01	2.401255671972671868e-01	4.085122904968740976e-02	0.000000000000000000e+00
3.107866187782014063e-10	2.009696349821515682e+00	1.226753573033893119e+01	2.419041656932599815e-01	3.968576459700066950e-02	0.000000000000000000e+00
3.255088599835056406e-10	2.014612105139467424e+00	1.220957571622900595e+01	2.436470187497151718e-01	3.855565873868283672e-02	0.000000000000000000e+00
3.409285069746807543e-10	2.018982618626797176e+00	1.215093759076372315e+01	2.453539334669014582e-01	3.746018528472334214e-02	0.000000000000000000e+00
3.570785964900469852e-10	2.022815037691246154e+00	1.209166028900439649e+01	2.470247515932341154e-01	3.639856866372065403e-02	0.000000000000000000e+00
3.739937302478801677e-10	2.026117097490431895e+00	1.203178288485385394e+01	2.486593476733236219e-01	3.537005390016716155e-02	0.000000000000000000e+00
3.917101490809260641e-10	2.028897082463572588e+00	1.197134454034404882e+01	2.502576271930091467e-01	3.437387066304201794e-02	0.000000000000000000e+00
4.102658105827190344e-10	2.031163785330593274e+00	1.191038440424082445e+01	2.518195255032041335e-01	3.340924701517199863e-02	0.000000000000000000e+00
4.297004704320835313e-10	2.032926402683007172e+00	1.184894161861347861e+01	2.533449966094268313e-01	3.247541210481079410e-02	0.000000000000000000e+00
4.500557675700488183e-10	2.034194401369802119e+00	1.178705549107430883e+01	2.548339943853023537e-01	3.157160424779378860e-02	0.000000000000000000e+00
4.713753134116729086e-10	2.034977460802688487e+00	1.172476533404808130e+01	2.562864699124327017e-01	3.069707338374434713e-02	0.000000000000000000e+00
4.937047852839003559e-10	2.035285442254274990e+00	1.166211030905935608e+01	2.577023721693054714e-01	2.985107566739894983e-02	0.000000000000000000e+00
5.170920242896755486e-10	2.035128369142739757e+00	1.159912931486542220e+01	2.590816492752075484e-01	2.903287880636112178e-02	0.000000000000000000e+00
5.415871378079465267e-10	2.034516410095181360e+00	1.153586089713702556e+01	2.604242497177781113e-01	2.824175354522516848e-02	0.000000000000000000e+00
5.672426068491988835e-10	2.033459868620989930e+00	1.147234317932065117e+01	2.617301240411608609e-01	2.747699018607337174e-02	0.000000000000000000e+00
5.941133984965039838e-10	2.031969170598064700e+00	1.140861380819798221e+01	2.629992260015549532e-01	2.673788041727834935e-02	0.000000000000000000e+00
6.222570836730231313e-10	2.030054855625693655e+00	1.134470990985959382e+01	2.642315140414371877e-01	2.602372777327334116e-02	0.000000000000000000e+00
6.517339604882420571e-10	2.027727570015637415e+00	1.128066812558380860e+01	2.654269511568742024e-01	2.533384544825303258e-02	0.000000000000000000e+00
6.826071834272379248e-10	2.024998063745637289e+00	1.121652477090534816e+01	2.665855023098518406e-01	2.466756503966258812e-02	0.000000000000000000e+00
7.149428986597561750e-10	2.021877178742250702e+00	1.115231568515574878e+01	2.677071379163743492e-01	2.402422324229732883e-02	0.000000000000000000e+00
7.488103857590030225e-10	2.018375834880322461e+00	1.108807616236514981e+01	2.687918352539602207e-01	2.340317263101170803e-02	0.000000000000000000e+00
7.842822061337681836e-10	2.014505022661469802e+00	1.102384093133306742e+01	2.698395796271484404e-01	2.280377703003561365e-02	0.000000000000000000e+00
8.214343584919422200e-10	2.010275793606682626e+00	1.095964413820368932e+01	2.708503651890726283e-01	2.222541007877655572e-02	0.000000000000000000e+00
8.603464416684491388e-10	2.005699251688299878e+00	1.089551933151891916e+01	2.718241958523160973e-01	2.166746392877626909e-02	0.000000000000000000e+00
9.011018251665036851e-10	2.000786544391481403e+00	1.083149945378310797e+01	2.727610859951419831e-01	2.112933782455969980e-02	0.000000000000000000e+00
9.437878277775391497e-10	1.995548853453242177e+00	1.076761683195190500e+01	2.736610611479393662e-01	2.061044780641067137e-02	0.000000000000000000e+00
9.884959046625586031e-10	1.989997385875003744e+00	1.070390317255187185e+01	2.745241585936561424e-01	2.011022030948381861e-02	0.000000000000000000e+00
1.035321843295661502e-09	1.984143359215761349e+00	1.064038951013265688e+01	2.753504283698984811e-01	1.962809623872915216e-02	0.000000000000000000e+00
1.084365968689608688e-09	1.977997975747355586e+00	1.057710616185095276e+01	2.761399325772758706e-01	1.916352911514836860e-02	0.000000000000000000e+00
1.135733358343102889e-09	1.971572415708127357e+00	1.051408293342797684e+01	2.768927407023547560e-01	1.871598818692192523e-02	0.000000000000000000e+00
1.189534067370320724e-09	1.964877823922946742e+00	1.045134912749507983e+01	2.776089289534856008e-01	1.828495679539395014e-02	0.000000000000000000e+00
1.245883364295008068e-09	1.957925298635292410e+00	1.038893351612763993e+01	2.782885808090808655e-01	1.786993351221290161e-02	0.000000000000000000e+00
1.304901978014401580e-09	1.950725882100770470e+00	1.032686432142079802e+01	2.789317875965260374e-01	1.747043077907161832e-02	0.000000000000000000e+00
1.366716356462010101e-09	1.943290553580171887e+00	1.026516920163482105e+01	2.795386492558155633e-01	1.708597786492765946e-02	0.000000000000000000e+00
1.431458937523481393e-09	1.935630222560683844e+00	1.020387524018768488e+01	2.801092750515433161e-01	1.671611323723408774e-02	0.000000000000000000e+00
1.499268432786047049e-09	1.927755721866166949e+00	1.014300894119815766e+01	2.806437840759251068e-01	1.636039678940569980e-02	0.000000000000000000e+00
1.570290124729377524e-09	1.919677802503750197e+00	1.008259622356430718e+01	2.811423060237519533e-01	1.601839116507326397e-02	0.000000000000000000e+00
1.644676177994662829e-09	1.911407119675851085e+00	1.002266236227114149e+01	2.816049821338162951e-01	1.568968237705726382e-02	0.000000000000000000e+00
1.722585965398783835e-09	1.902954205890538875e+00	9.963231892339202034e+00	2.820319652786504872e-01	1.537386313645692885e-02	0.000000000000000000e+00
1.804186409392068039e-09	1.894329486975324439e+00	9.904328848799893947e+00	2.824234168440917792e-01	1.507054179702976143e-02	0.000000000000000000e+00
1.889652339691211477e-09	1.885543280310647107e+00	9.845976802821546414e+00	2.827795065769359018e-01	1.477933865327686440e-02	0.000000000000000000e+00
1.979166867853557524e-09	1.876605787065697140e+00	9.788198847892395804e+00	2.831004129176297734e-01	1.449988873724889805e-02	0.000000000000000000e+00
2.072921779595369695e-09	1.867527087967878252e+00	9.731017587829473570e+00	2.833863237894436171e-01	1.423184009463458570e-02	0.000000000000000000e+00
2.171117945694509622e-09	1.858317138125886281e+00	9.674455128988357799e+00	2.836374371071571088e-01	1.397485105089629753e-02	0.000000000000000000e+00
2.273965752357932151e-09	1.848985765325131370e+00	9.618533075342144301e+00	2.838539617084412381e-01	1.372859574674161962e-02	0.000000000000000000e+00
2.381685551976160644e-09	1.839542665664127830e+00	9.563272524346947634e+00	2.840361178380468865e-01	1.349275699192113535e-02	0.000000000000000000e+00
2.494508135230316413e-09	1.829997402157462760e+00	9.508694067948134432e+00	2.841841379080377039e-01	1.326702874164751959e-02	0.000000000000000000e+00
2.612675225563326382e-09	1.820359390202778593e+00	9.454817724420625069e+00	2.842982672626217511e-01	1.305111948306401579e-02	0.000000000000000000e+00
2.736439997074666368e-09	1.810637864850202172e+00	9.401662813312295697e+00	2.843787637842402627e-01	1.284474132344244623e-02	0.000000000000000000e+00
2.866067616948244470e-09	1.800841917674098847e+00	9.349248215416213981e+00	2.844258967133648786e-01	1.264762706715760569e-02	0.000000000000000000e+00
3.001835813575592210e-09	1.790980501386283175e+00	9.297592425618956824e+00	2.844399465765992674e-01	1.245951050510886796e-02	0.000000000000000000e+00
3.144035471591500167e-09	1.781062422868065820e+00	9.246713535824616415e+00	2.844212053659703754e-01	1.228014379447951547e-02	0.000000000000000000e+00
3.292971255097148186e-09	1.771096347459244269e+00	9.196629236089952641e+00	2.843699779216560808e-01	1.210928435630815106e-02	0.000000000000000000e+00
3.448962260405766611e-09	1.761090791227895025e+00	9.147356794928303003e+00	2.842865820187388537e-01	1.194670040189856411e-02	0.000000000000000000e+00
3.612342699709437910e-09	1.751054123326788448e+00	9.098913057880000821e+00	2.841713494713539179e-01	1.179217255449924000e-02	0.000000000000000000e+00
3.783462617131932968e-09	1.740994564204084938e+00	9.051314438978403487e+00	2.840246267660519464e-01	1.164548730988181589e-02	0.000000000000000000e+00
3.962688638701478467e-09	1.730920186492065582e+00	9.004576920120300088e+00	2.838467758495472615e-01	1.150644153384074858e-02	0.000000000000000000e+00
4.150404757850472502e-09	1.720838901375514762e+00	8.958715989005805014e+00	2.836381744358792423e-01	1.137484075178645318e-02	0.000000000000000000e+00
4.347013158125017173e-09	1.710758436756496748e+00	8.913746549235060712e+00	2.833992157810306112e-01	1.125049650819059596e-02	0.000000000000000000e+00
4.552935074866938773e-09	1.700686369479863069e+00	8.869683104083572189e+00	2.831303086360628107e-01	1.113323103664022422e-02	0.000000000000000000e+00
4.768611697714474181e-09	1.690630137220399121e+00	8.826539812511644101e+00	2.828318778607819550e-01	1.102287403347052691e-02	0.000000000000000000e+00
4.994505115855140358e-09	1.680597038216983252e+00	8.784330471787804129e+00	2.825043653268389243e-01	1.091926204431077282e-02	0.000000000000000000e+00
5.231099308056257792e-09	1.670594229226646021e+00	8.743068505751612207e+00	2.821482303028098326e-01	1.082224159112955310e-02	0.000000000000000000e+00
5.478901179593956120e-09	1.660628720586449170e+00	8.702766933365166935e+00	2.817639499347257548e-01	1.073166047829470296e-02	0.000000000000000000e+00
5.738441648302404521e-09	1.650707391331457607e+00	8.663438400475227397e+00	2.813520210349987893e-01	1.064738229669617668e-02	0.000000000000000000e+00
6.010276782070388176e-09	1.640836971972616576e+00	8.625095112620590143e+00	2.809129595508804145e-01	1.056927004971016520e-02	0.000000000000000000e+00
6.294988990221888141e-09	1.631024055504470605e+00	8.587748852750483053e+00	2.804473020121430182e-01	1.049719664851023887e-02	0.000000000000000000e+00
6.593188271333541710e-09	1.621275089816195614e+00	8.551410941864689974e+00	2.799556056104629542e-01	1.043103906875647927e-02	0.000000000000000000e+00
6.905513520162316861e-09	1.611596355316386564e+00	8.516092148264906569e+00	2.794384473180483996e-01	1.037068025750793529e-02	0.000000000000000000e+00
7.232633896483518810e-09	1.601993998473524305e+00	8.481802818743744865e+00	2.788964253140009397e-01	1.031601097431974860e-02	0.000000000000000000e+00
7.575250258771920716e-09	1.592474038366027411e+00	8.448552884607602564e+00	2.783301598279290801e-01	1.026692519862972518e-02	0.000000000000000000e+00
7.934096665797492339e-09	1.583042368458534188e+00	8.416351858280037845e+00	2.777402934065244522e-01	1.022332042400518615e-02	0.000000000000000000e+00
8.309941949353386453e-09	1.573704751970381732e+00	8.385208781931346778e+00	2.771274915680541628e-01	1.018510392126598454e-02	0.000000000000000000e+00
8.703591361485183753e-09	1.564466830421883392e+00	8.355132248317458377e+00	2.764924433126071390e-01	1.015218213818679105e-02	0.000000000000000000e+00
9.115888299750837812e-09	1.555334107528169474e+00	8.326130304149582884e+00	2.758358610949104284e-01	1.012446930417974962e-02	0.000000000000000000e+00
9.547716114208065503e-09	1.546311975348183987e+00	8.298210533592806470e+00	2.751584822180530576e-01	1.010188211441926179e-02	0.000000000000000000e+00
1.000000000000000021e-08	1.537405686524086157e+00	8.271379919014087534e+00	2.744610679832102940e-01	1.008434185133551264e-02	0.000000000000000000e+00
