pc	M	R	C	k2	j3
9.999999999999999799e-13	8.912267980432719838e-02	2.367894926199830152e+01	5.557712087749352298e-03	-4.862261805735629827e-01	0.000000000000000000e+00
1.047370897959448749e-12	9.264203235460317931e-02	2.240949784507671794e+01	6.104444983996879306e-03	-4.848858292490628163e-01	0.000000000000000000e+00
1.096985797892381920e-12	9.630037633734277180e-02	2.132804696976828396e+01	6.667255999763233541e-03	-4.835044997838588432e-01	0.000000000000000000e+00
1.148951000187311009e-12	1.001003305555763778e-01	2.039767537368293659e+01	7.246446178075706228e-03	-4.820905656901701697e-01	0.000000000000000000e+00
1.203377840777590522e-12	1.040449718703597287e-01	1.959051128997191427e+01	7.842338094338487456e-03	-4.806349011055028875e-01	0.000000000000000000e+00
1.260382929679727463e-12	1.081377379873537520e-01	1.888512463783891349e+01	8.455273505359756775e-03	-4.791419355284853854e-01	0.000000000000000000e+00
1.320088400831416649e-12	1.123823619922838524e-01	1.826477089512217589e+01	9.085611482921676987e-03	-4.776086514789823489e-01	0.000000000000000000e+00
1.382622173764653478e-12	1.167827883623228924e-01	1.771618350066787073e+01	9.733721262822793777e-03	-4.760362683045751830e-01	0.000000000000000000e+00
1.448118227674535917e-12	1.213430239304110758e-01	1.722872764087282960e+01	1.039996417014528440e-02	-4.744231021880097043e-01	0.000000000000000000e+00
1.516716888470924089e-12	1.260672473814666017e-01	1.679376514811264087e+01	1.108471240749094727e-02	-4.727685904805508654e-01	0.000000000000000000e+00
1.588565129428052692e-12	1.309598382114736115e-01	1.640420417535716524e+01	1.178835480669392435e-02	-4.710720807580948688e-01	0.000000000000000000e+00
1.663816886076127415e-12	1.360253660863578185e-01	1.605416918666846016e+01	1.251129611345150328e-02	-4.693332891247933847e-01	0.000000000000000000e+00
1.742633386009647278e-12	1.412685807486842027e-01	1.573875176419757693e+01	1.325395621253123990e-02	-4.675510996071464698e-01	0.000000000000000000e+00
1.825183494319046040e-12	1.466944053724881236e-01	1.545382019913387595e+01	1.401676948156864791e-02	-4.657249836490660044e-01	0.000000000000000000e+00
1.911644075385703708e-12	1.523079280671721658e-01	1.519587221143954636e+01	1.480018392529621613e-02	-4.638543034007179267e-01	0.000000000000000000e+00
2.002200371815584363e-12	1.581143958276146622e-01	1.496191972071299503e+01	1.560466061883030060e-02	-4.619381790219422301e-01	0.000000000000000000e+00
2.097046401323230665e-12	1.641192087443070213e-01	1.474939833446821780e+01	1.643067270909680591e-02	-4.599759696137108445e-01	0.000000000000000000e+00
2.196385372416542332e-12	1.703278448784348031e-01	1.455609664203632292e+01	1.727869569622171586e-02	-4.579669371322034332e-01	0.000000000000000000e+00
2.300430119772921506e-12	1.767454010801595976e-01	1.438010850560346832e+01	1.814914599714472637e-02	-4.559104854056454381e-01	0.000000000000000000e+00
2.409403560239526876e-12	1.833766975045696412e-01	1.421977509403024698e+01	1.904239873150633672e-02	-4.538062196703407380e-01	0.000000000000000000e+00
2.523539170434765862e-12	1.902264088493504646e-01	1.407364009322026810e+01	1.995880815392411800e-02	-4.516537246767993175e-01	0.000000000000000000e+00
2.643081486974102692e-12	1.972990284137890182e-01	1.394041814782760902e+01	2.089870525096042611e-02	-4.494527451444806365e-01	0.000000000000000000e+00
2.768286630392061017e-12	2.045988296922842120e-01	1.381896906553197901e+01	2.186239494603414713e-02	-4.472030492519629141e-01	0.000000000000000000e+00
2.899422853882880921e-12	2.121298243439458386e-01	1.370827643054595590e+01	2.285015307975966567e-02	-4.449045096094806362e-01	0.000000000000000000e+00
3.036771118035460378e-12	2.198957184009016352e-01	1.360742975460719784e+01	2.386222339868503822e-02	-4.425571014504157685e-01	0.000000000000000000e+00
3.180625692794118977e-12	2.278998661421241523e-01	1.351560954978865858e+01	2.489881441133283066e-02	-4.401608865497315115e-01	0.000000000000000000e+00
3.331294787934670055e-12	2.361452183516145609e-01	1.343207475482858548e+01	2.596009580899009267e-02	-4.377160472136648051e-01	0.000000000000000000e+00
3.489101213406766494e-12	2.446343109612604538e-01	1.335615184559414281e+01	2.704620002983995977e-02	-4.352228614868589585e-01	0.000000000000000000e+00
3.654383070957261569e-12	2.533695500244549370e-01	1.328722429237233804e+01	2.815725987087485879e-02	-4.326816255411080614e-01	0.000000000000000000e+00
3.827494478516314936e-12	2.623534895412308332e-01	1.322472618641092623e+01	2.929344109987054232e-02	-4.300925761883713228e-01	0.000000000000000000e+00
4.008806328898464320e-12	2.715888533508032943e-01	1.316813875337430595e+01	3.045494240051077606e-02	-4.274558915210062704e-01	0.000000000000000000e+00
4.198707084443905621e-12	2.810785439929323060e-01	1.311698673874360566e+01	3.164199450298810917e-02	-4.247717022392780151e-01	0.000000000000000000e+00
4.397603609302712498e-12	2.908256510864405397e-01	1.307083504134001473e+01	3.285485919876901528e-02	-4.220400846743669887e-01	0.000000000000000000e+00
4.605922041145112927e-12	3.008334628337441807e-01	1.302928540109076039e+01	3.409382915906214451e-02	-4.192610703089547086e-01	0.000000000000000000e+00
4.824108704165373984e-12	3.111054748481600352e-01	1.299197348459346024e+01	3.535922709861979291e-02	-4.164346464580819251e-01	0.000000000000000000e+00
5.052631065335679604e-12	3.216454020637505851e-01	1.295856604403980228e+01	3.665140571563151733e-02	-4.135607593627705914e-01	0.000000000000000000e+00
5.291978735958436557e-12	3.324572009339589185e-01	1.292875837631221536e+01	3.797074865618711020e-02	-4.106393142330756474e-01	0.000000000000000000e+00
5.542664520663095602e-12	3.435451566928338085e-01	1.290227162618196033e+01	3.931768007948396176e-02	-4.076701545194605925e-01	0.000000000000000000e+00
5.805225516094907684e-12	3.549135680303681650e-01	1.287885057560507640e+01	4.069262750659434491e-02	-4.046531473608864782e-01	0.000000000000000000e+00
6.080224261649427052e-12	3.665665257529060472e-01	1.285826088745675655e+01	4.209599753313406773e-02	-4.015882372051453597e-01	0.000000000000000000e+00
6.368249944718585906e-12	3.785078816075325148e-01	1.284028663622707178e+01	4.352817345556509593e-02	-3.984754503806026693e-01	0.000000000000000000e+00
6.669919663030115058e-12	3.907412308842043713e-01	1.282472791246648036e+01	4.498951541005837690e-02	-3.953148930942760875e-01	0.000000000000000000e+00
6.985879746785234820e-12	4.032698872860202011e-01	1.281139898254660459e+01	4.648035884977165522e-02	-3.921067554203815919e-01	0.000000000000000000e+00
7.316807143427207274e-12	4.160968542661597769e-01	1.280012669429589245e+01	4.800101261926201235e-02	-3.888513138732391794e-01	0.000000000000000000e+00
7.663410868007462274e-12	4.292248033143541974e-01	1.279074899618598238e+01	4.955175820739255582e-02	-3.855489320051486701e-01	0.000000000000000000e+00
8.026433522257174683e-12	4.426560465079949491e-01	1.278311374572189685e+01	5.113284797882353822e-02	-3.822000625838489762e-01	0.000000000000000000e+00
8.406652885618316356e-12	4.563925709438214628e-01	1.277707762447525575e+01	5.274451074818632679e-02	-3.788052352269317136e-01	0.000000000000000000e+00
8.804883581643446547e-12	4.704360946161177948e-01	1.277250541394149330e+01	5.438695890794088134e-02	-3.753650395462939660e-01	0.000000000000000000e+00
9.221978823334340144e-12	4.847880439381817563e-01	1.276926936940761692e+01	5.606038641987445142e-02	-3.718801291869889836e-01	0.000000000000000000e+00
9.658832241158709141e-12	4.994495340811185291e-01	1.276724861295721247e+01	5.776496732291891423e-02	-3.683512235169035809e-01	0.000000000000000000e+00
1.011637979766206976e-11	5.144213375755481987e-01	1.276632872236586458e+01	5.950085225790621019e-02	-3.647791137701683062e-01	0.000000000000000000e+00
1.059560179277614774e-11	5.297038796553458218e-01	1.276640100248181220e+01	6.126816975828190681e-02	-3.611646589741009938e-01	0.000000000000000000e+00
1.109752496412069864e-11	5.452972036320989924e-01	1.276736220992221682e+01	6.306702226801924605e-02	-3.575087926471057775e-01	0.000000000000000000e+00
1.162322468679854125e-11	5.612009563853362915e-01	1.276911404842577902e+01	6.489748572533175774e-02	-3.538125217199092898e-01	0.000000000000000000e+00
1.217382727739662020e-11	5.774143725837738161e-01	1.277156280959244938e+01	6.675960852121042011e-02	-3.500769269281231444e-01	0.000000000000000000e+00
1.275051240713012859e-11	5.939363660029826075e-01	1.277461905305464107e+01	6.865342279697154992e-02	-3.463031383243527772e-01	0.000000000000000000e+00
1.335451562929897339e-11	6.107655065287869167e-01	1.277819734294273601e+01	7.057894234823396118e-02	-3.424923379670261614e-01	0.000000000000000000e+00
1.398713102647241439e-11	6.278999152225496205e-01	1.278221593639720410e+01	7.253615143766725670e-02	-3.386457804490475287e-01	0.000000000000000000e+00
1.464971398307287854e-11	6.453372410745009669e-01	1.278659654786363831e+01	7.452500277625123681e-02	-3.347647943487509492e-01	0.000000000000000000e+00
1.534368408930013065e-11	6.630746440274301046e-01	1.279126411047405654e+01	7.654541634795336558e-02	-3.308507819684761708e-01	0.000000000000000000e+00
1.607052818261638620e-11	6.811087790670479203e-01	1.279614656519297888e+01	7.859727829695718759e-02	-3.269052186228754708e-01	0.000000000000000000e+00
1.683180353330955093e-11	6.994357698379707333e-01	1.280117473963534280e+01	8.068043813102597495e-02	-3.229296550787542630e-01	0.000000000000000000e+00
1.762914118095944293e-11	7.180512136233828668e-01	1.280628205302333633e+01	8.279471067545278451e-02	-3.189257105901852629e-01	0.000000000000000000e+00
1.846424942895546448e-11	7.369501612988867967e-01	1.281140450274666343e+01	8.493987345000571232e-02	-3.148950746369287845e-01	0.000000000000000000e+00
1.933891750455232057e-11	7.561272329179203888e-01	1.281648051563685087e+01	8.711568050019168064e-02	-3.108394777741443349e-01	0.000000000000000000e+00
2.025501939230666486e-11	7.755765544735682138e-01	1.282145077425018087e+01	8.932185581319398993e-02	-3.067607012891723772e-01	0.000000000000000000e+00
2.121451784910627571e-11	7.952916652345438653e-01	1.282625813845403329e+01	9.155808274985412221e-02	-3.026605934109183327e-01	0.000000000000000000e+00
2.221946860939528424e-11	8.152655156978962925e-01	1.283084750089516035e+01	9.382400438431769130e-02	-2.985410648061549987e-01	0.000000000000000000e+00
2.327202478960412005e-11	8.354904573335357743e-01	1.283516572906734154e+01	9.611922229170757892e-02	-2.944040867670344452e-01	0.000000000000000000e+00
2.437444150122221807e-11	8.559582354137457161e-01	1.283916158910716554e+01	9.844329578342282672e-02	-2.902516884230536554e-01	0.000000000000000000e+00
2.552908068239516723e-11	8.766599866772498695e-01	1.284278568643013152e+01	1.007957415365171167e-01	-2.860859531601352423e-01	0.000000000000000000e+00
2.673841615839943880e-11	8.975862393621929503e-01	1.284599040412557081e+01	1.031760334639909571e-01	-2.819090144659402997e-01	0.000000000000000000e+00
2.800503894183625342e-11	9.187269386146664774e-01	1.284872990855116548e+01	1.055836049011447120e-01	-2.777230477628240823e-01	0.000000000000000000e+00
2.933166278390048099e-11	9.400715891162625404e-01	1.285096003685417365e+01	1.080178651262363593e-01	-2.735302378056321260e-01	0.000000000000000000e+00
3.072112998861759207e-11	9.616091286204145883e-01	1.285263833924935994e+01	1.104781836317756810e-01	-2.693328024400332699e-01	0.000000000000000000e+00
3.217641750250735458e-11	9.833279166614912192e-01	1.285372398909689906e+01	1.129638886405867348e-01	-2.651329908648172307e-01	0.000000000000000000e+00
3.370064329271925032e-11	1.005215727794164904e+00	1.285417780967084767e+01	1.154742650799683162e-01	-2.609330826223980049e-01	0.000000000000000000e+00
3.529707302730657668e-11	1.027259782992482551e+00	1.285396220428648562e+01	1.180085576752325782e-01	-2.567353779612824849e-01	0.000000000000000000e+00
3.696912707195032437e-11	1.049446738049573780e+00	1.285304121559094526e+01	1.205659678530886098e-01	-2.525421985960897842e-01	0.000000000000000000e+00
3.872038781812557004e-11	1.071762722484065788e+00	1.285138045508503701e+01	1.231456574980664825e-01	-2.483558771104576457e-01	0.000000000000000000e+00
4.055460735840827506e-11	1.094193341293355326e+00	1.284894715391800446e+01	1.257467472175868295e-01	-2.441787555377803176e-01	0.000000000000000000e+00
4.247571552536894126e-11	1.116723776726362694e+00	1.284571012342641083e+01	1.283683268216825324e-01	-2.400131644933116148e-01	0.000000000000000000e+00
4.448782831127576069e-11	1.139338829280405863e+00	1.284163972046577840e+01	1.310094587115436804e-01	-2.358614145088610559e-01	0.000000000000000000e+00
4.659525668664686662e-11	1.162022821247823190e+00	1.283670785357285204e+01	1.336691649721614972e-01	-2.317258129721068705e-01	0.000000000000000000e+00
4.880251583654433574e-11	1.184759637772676788e+00	1.283088793515243076e+01	1.363464307160629774e-01	-2.276086549647351187e-01	0.000000000000000000e+00
5.111433483440165318e-11	1.207532723924976681e+00	1.282415493922628258e+01	1.390402011722279008e-01	-2.235122239681835155e-01	0.000000000000000000e+00
5.353566677410718816e-11	1.230325149507065507e+00	1.281648535949096335e+01	1.417493874865793091e-01	-2.194387793283111010e-01	0.000000000000000000e+00
5.607169938205469661e-11	1.253119618989741557e+00	1.280785724617599897e+01	1.444728652710867978e-01	-2.153905551255341222e-01	0.000000000000000000e+00
5.872786613189488850e-11	1.275898514267065575e+00	1.279825021920836825e+01	1.472094770539845165e-01	-2.113697532975890581e-01	0.000000000000000000e+00
6.150985788580503926e-11	1.298643953010637953e+00	1.278764545266521502e+01	1.499580367594129382e-01	-2.073785341908089275e-01	0.000000000000000000e+00
6.442363508721370414e-11	1.321337899197211563e+00	1.277602564661281903e+01	1.527173403143295971e-01	-2.034189989486466232e-01	0.000000000000000000e+00
6.747544053110686101e-11	1.343962125632685689e+00	1.276337501471394731e+01	1.554861589509101139e-01	-1.994931974973517264e-01	0.000000000000000000e+00
7.067181273927477085e-11	1.366498207418685995e+00	1.274967929801243827e+01	1.582632356684860742e-01	-1.956031315683137428e-01	0.000000000000000000e+00
7.401959996915652408e-11	1.388927563054319414e+00	1.273492577681709648e+01	1.610472871239845283e-01	-1.917507500211222682e-01	0.000000000000000000e+00
7.752597488629464062e-11	1.411231505194454172e+00	1.271910325689091259e+01	1.638370068962959614e-01	-1.879379426309708001e-01	0.000000000000000000e+00
8.119844993184008328e-11	1.433391285623578204e+00	1.270220209044063964e+01	1.666310675960424037e-01	-1.841665358903329386e-01	0.000000000000000000e+00
8.504489341802668113e-11	1.455388145032820546e+00	1.268421418025386593e+01	1.694281236887530406e-01	-1.804382882240107011e-01	0.000000000000000000e+00
8.907354638610458163e-11	1.477203357422949948e+00	1.266513298701680412e+01	1.722268136148173423e-01	-1.767548865445660866e-01	0.000000000000000000e+00
9.329304026284695888e-11	1.498818338117855253e+00	1.264495347732103525e+01	1.750257701245873376e-01	-1.731179325551601145e-01	0.000000000000000000e+00
9.771241535346501225e-11	1.520214681508222476e+00	1.262367207442822448e+01	1.778236224923486763e-01	-1.695289405672720517e-01	0.000000000000000000e+00
1.023411402105452712e-10	1.541374110724610613e+00	1.260128669708650584e+01	1.806189872199715496e-01	-1.659893501411611183e-01	0.000000000000000000e+00
1.071891319205126445e-10	1.562278531842481666e+00	1.257779673870443204e+01	1.834104717175363275e-01	-1.625005218165627707e-01	0.000000000000000000e+00
1.122667773510811312e-10	1.582910074292593228e+00	1.255320306159774724e+01	1.861966761934020220e-01	-1.590637355262238817e-01	0.000000000000000000e+00
1.175849554052158201e-10	1.603251149773324391e+00	1.252750798281015321e+01	1.889761978782677210e-01	-1.556801864917707612e-01	0.000000000000000000e+00
1.231550603292826197e-10	1.623284494602601935e+00	1.250071527847300068e+01	1.917476330852470046e-01	-1.523509842247098844e-01	0.000000000000000000e+00
1.289890261253308184e-10	1.642993227411361223e+00	1.247283016300911562e+01	1.945095815149320284e-01	-1.490771491844071761e-01	0.000000000000000000e+00
1.350993521198024986e-10	1.662360897341942145e+00	1.244385927963875815e+01	1.972606493654830428e-01	-1.458596113272546402e-01	0.000000000000000000e+00
1.414991297434578731e-10	1.681371615307577727e+00	1.241381051719649875e+01	1.999994652132232875e-01	-1.426991943932072737e-01	0.000000000000000000e+00
1.482020705798860072e-10	1.700009927814849275e+00	1.238269313746641842e+01	2.027246606356373493e-01	-1.395966415962767437e-01	0.000000000000000000e+00
1.552225357427047968e-10	1.718260893772526776e+00	1.235051769073978001e+01	2.054348782220228042e-01	-1.365526090194875974e-01	0.000000000000000000e+00
1.625755666443793407e-10	1.736110094574131901e+00	1.231729602687007841e+01	2.081287702603982770e-01	-1.335676700601045042e-01	0.000000000000000000e+00
1.702769172225897821e-10	1.753543682195255027e+00	1.228304124993029944e+01	2.108050029883272447e-01	-1.306423137579054983e-01	0.000000000000000000e+00
1.783430876931905687e-10	1.770548421085661461e+00	1.224776770853096330e+01	2.134622596723876053e-01	-1.277769447911410727e-01	0.000000000000000000e+00
1.867913599020784805e-10	1.787111725937467588e+00	1.221149095859125033e+01	2.160992438186116193e-01	-1.249718836221107438e-01	0.000000000000000000e+00
1.956398343517064725e-10	1.803221697362407561e+00	1.217422773875447461e+01	2.187146820917263146e-01	-1.222273672271348283e-01	0.000000000000000000e+00
2.049074689815846066e-10	1.818867208633252908e+00	1.213599579735913458e+01	2.213073363307709318e-01	-1.195435407100606806e-01	0.000000000000000000e+00
2.146141197858401440e-10	1.834037871271173570e+00	1.209681386487546817e+01	2.238759986336393004e-01	-1.169204670627744663e-01	0.000000000000000000e+00
2.247805833548729991e-10	1.848723991420854862e+00	1.205670173054083882e+01	2.264194834012545343e-01	-1.143581394937894097e-01	0.000000000000000000e+00
2.354286414322420067e-10	1.862916590949748263e+00	1.201568019074178295e+01	2.289366296235528231e-01	-1.118564829414853135e-01	0.000000000000000000e+00
2.465811075822603842e-10	1.876607431717802532e+00	1.197377099226856956e+01	2.314263038671758310e-01	-1.094153550416444298e-01	0.000000000000000000e+00
2.582618760682674929e-10	1.889789039719121044e+00	1.193099681471898421e+01	2.338874027168036385e-01	-1.070345477973732168e-01	0.000000000000000000e+00
2.704959730463131364e-10	1.902454724700066047e+00	1.188738122791494689e+01	2.363188553323226915e-01	-1.047137892539373727e-01	0.000000000000000000e+00
2.833096101839318258e-10	1.914598594935974285e+00	1.184294863039936097e+01	2.387196260022326488e-01	-1.024527452857510179e-01	0.000000000000000000e+00
2.967302408188872501e-10	1.926215603565009538e+00	1.179772411863169168e+01	2.410887223071172814e-01	-1.002510162935327798e-01	0.000000000000000000e+00
3.107866187782014063e-10	1.937301553634449558e+00	1.175173328655819027e+01	2.434251999972520675e-01	-9.810813737593199191e-02	0.000000000000000000e+00
3.255088599835056406e-10	1.947852994896193124e+00	1.170500244451780247e+01	2.457281458785983974e-01	-9.602359847846202168e-02	0.000000000000000000e+00
3.409285069746807543e-10	1.957867232805699853e+00	1.165755856717514227e+01	2.479966801114191488e-01	-9.399684595075974425e-02	0.000000000000000000e+00
3.570785964900469852e-10	1.967342320865725691e+00	1.160942920186543326e+01	2.502299574629845424e-01	-9.202728506771519490e-02	0.000000000000000000e+00
3.739937302478801677e-10	1.976277065812639844e+00	1.156064249807026911e+01	2.524271677932525271e-01	-9.011428317759047346e-02	0.000000000000000000e+00
3.917101490809260641e-10	1.984671037048868714e+00	1.151122710680454375e+01	2.545875400388863397e-01	-8.825716976629470467e-02	0.000000000000000000e+00
4.102658105827190344e-10	1.992524553138103949e+00	1.146121217223143240e+01	2.567103414904318148e-01	-8.645524061645165625e-02	0.000000000000000000e+00
4.297004704320835313e-10	1.999838702895043951e+00	1.141062717577486829e+01	2.587948849762727321e-01	-8.470775518721850028e-02	0.000000000000000000e+00
4.500557675700488183e-10	2.006615340940755665e+00	1.135950161261353131e+01	2.608405370304305304e-01	-8.301393347789101651e-02	0.000000000000000000e+00
4.713753134116729086e-10	2.012857004201814348e+00	1.130786526332312469e+01	2.628467025574383609e-01	-8.137297231377406403e-02	0.000000000000000000e+00
4.937047852839003559e-10	2.018566866660909120e+00	1.125574823533900393e+01	2.648128192912430623e-01	-7.978405267082726293e-02	0.000000000000000000e+00
5.170920242896755486e-10	2.023748729482397035e+00	1.120318090537337774e+01	2.667383591481808369e-01	-7.824634106703107217e-02	0.000000000000000000e+00
5.415871378079465267e-10	2.028407009456405508e+00	1.115019386881622765e+01	2.686228293544616341e-01	-7.675899108003758631e-02	0.000000000000000000e+00
5.672426068491988835e-10	2.032546728598937591e+00	1.109681790676688173e+01	2.704657734443867700e-01	-7.532114489575056360e-02	0.000000000000000000e+00
5.941133984965039838e-10	2.036173505144457163e+00	1.104308395054413161e+01	2.722667726270708299e-01	-7.393193449364532377e-02	0.000000000000000000e+00
6.222570836730231313e-10	2.039293535228524412e+00	1.098902298444247094e+01	2.740254475709153481e-01	-7.259048244913540726e-02	0.000000000000000000e+00
6.517339604882420571e-10	2.041913584441587659e+00	1.093466561873023402e+01	2.757414700312686984e-01	-7.129589529995961072e-02	0.000000000000000000e+00
6.826071834272379248e-10	2.044040918835167808e+00	1.088004230216004053e+01	2.774145507402456801e-01	-7.004727494704819646e-02	0.000000000000000000e+00
7.149428986597561750e-10	2.045683249263486658e+00	1.082518351997875783e+01	2.790444289450795257e-01	-6.884372809778481483e-02	0.000000000000000000e+00
7.488103857590030225e-10	2.046848718780338139e+00	1.077011977197466486e+01	2.806308731050344285e-01	-6.768436698715553368e-02	0.000000000000000000e+00
7.842822061337681836e-10	2.047545878183114620e+00	1.071488150717274834e+01	2.821736811626911479e-01	-6.656831033708252021e-02	0.000000000000000000e+00
8.214343584919422200e-10	2.047783676790414287e+00	1.065949911008480555e+01	2.836726816387930006e-01	-6.549468364146525390e-02	0.000000000000000000e+00
8.603464416684491388e-10	2.047571438688962964e+00	1.060400281774478337e+01	2.851277346253592304e-01	-6.446261946948532440e-02	0.000000000000000000e+00
9.011018251665036851e-10	2.046918842903941549e+00	1.054842275348411107e+01	2.865387302660991620e-01	-6.347125946580445266e-02	0.000000000000000000e+00
9.437878277775391497e-10	2.045835902141035056e+00	1.049278840734379514e+01	2.879056021475209226e-01	-6.251974585912102589e-02	0.000000000000000000e+00
9.884959046625586031e-10	2.044332895619343837e+00	1.043712873874563130e+01	2.892283177766242219e-01	-6.160722910705998534e-02	0.000000000000000000e+00
1.035321843295661502e-09	2.042420345699822448e+00	1.038147254697376454e+01	2.905068673771379339e-01	-6.073287621192625246e-02	0.000000000000000000e+00
1.084365968689608688e-09	2.040108994193750025e+00	1.032584845701502729e+01	2.917412628476985792e-01	-5.989587169092335656e-02	0.000000000000000000e+00
1.135733358343102889e-09	2.037409784035836946e+00	1.027028487609828744e+01	2.929315382925664069e-01	-5.909541739703592228e-02	0.000000000000000000e+00
1.189534067370320724e-09	2.034333843936557251e+00	1.021480995299513950e+01	2.940777509364793652e-01	-5.833073204401818118e-02	0.000000000000000000e+00
1.245883364295008068e-09	2.030892474791782032e+00	1.015945157974730506e+01	2.951799810999488627e-01	-5.760105132158205993e-02	0.000000000000000000e+00
1.304901978014401580e-09	2.027097128802976211e+00	1.010423733277821690e+01	2.962383328607809396e-01	-5.690562750189144536e-02	0.000000000000000000e+00
1.366716356462010101e-09	2.022959364577369801e+00	1.004919412804683354e+01	2.972529396761443565e-01	-5.624372578281282981e-02	0.000000000000000000e+00
1.431458937523481393e-09	2.018490805704335145e+00	9.994348089347719011e+00	2.982239645119674765e-01	-5.561462426849936302e-02	0.000000000000000000e+00
1.499268432786047049e-09	2.013703132364855986e+00	9.939725044273490795e+00	2.991515860081144229e-01	-5.501762283786049146e-02	0.000000000000000000e+00
1.570290124729377524e-09	2.008608075350225342e+00	9.885350537066571519e+00	3.000359988733424244e-01	-5.445204253942047962e-02	0.000000000000000000e+00
1.644676177994662829e-09	2.003217389702572682e+00	9.831249802875756671e+00	3.008774123724505811e-01	-5.391722617643086163e-02	0.000000000000000000e+00
1.722585965398783835e-09	1.997542863911258459e+00	9.777447767288213853e+00	3.016760533305781200e-01	-5.341253598521423368e-02	0.000000000000000000e+00
1.804186409392068039e-09	1.991596287341487415e+00	9.723968979384578049e+00	3.024321649239793408e-01	-5.293735399278283460e-02	0.000000000000000000e+00
1.889652339691211477e-09	1.985389443656631947e+00	9.670837627459370367e+00	3.031460067975310091e-01	-5.249108149334883594e-02	0.000000000000000000e+00
1.979166867853557524e-09	1.978934084633344526e+00	9.618077235858208951e+00	3.038178621963131820e-01	-5.207313414782394068e-02	0.000000000000000000e+00
2.072921779595369695e-09	1.972241836787820501e+00	9.565710479279768919e+00	3.044480312946818978e-01	-5.168294570426180262e-02	0.000000000000000000e+00
2.171117945694509622e-09	1.965324274480058309e+00	9.513759618468181856e+00	3.050368302191163727e-01	-5.131996806580244042e-02	0.000000000000000000e+00
2.273965752357932151e-09	1.958192899922002184e+00	9.462246630319391727e+00	3.055845851474993102e-01	-5.098367433574964996e-02	0.000000000000000000e+00
2.381685551976160644e-09	1.950859125431623875e+00	9.411193150445166467e+00	3.060916325732864762e-01	-5.067355799757115170e-02	0.000000000000000000e+00
2.494508135230316413e-09	1.943334294504970972e+00	9.360620397086794497e+00	3.065583262885258620e-01	-5.038912800483821841e-02	0.000000000000000000e+00
2.612675225563326382e-09	1.935629629856569167e+00	9.310549277299497106e+00	3.069850269749744842e-01	-5.012991449309475711e-02	0.000000000000000000e+00
2.736439997074666368e-09	1.927756266979794297e+00	9.261000264849981178e+00	3.073721125898648543e-01	-4.989546178332079918e-02	0.000000000000000000e+00
2.866067616948244470e-09	1.919725207223283103e+00	9.211993287741735870e+00	3.077199758458624146e-01	-4.968532927044966990e-02	0.000000000000000000e+00
3.001835813575592210e-09	1.911547235927324673e+00	9.163547336485965644e+00	3.080290253306530168e-01	-4.949909007689159979e-02	0.000000000000000000e+00
3.144035471591500167e-09	1.903233014669678314e+00	9.115681100760927080e+00	3.082996800885647870e-01	-4.933633362511422732e-02	0.000000000000000000e+00
3.292971255097148186e-09	1.894793057504158273e+00	9.068412875260973394e+00	3.085323698173217943e-01	-4.919666479034887074e-02	0.000000000000000000e+00
3.448962260405766611e-09	1.886237733827144103e+00	9.021760612760285625e+00	3.087275343569659825e-01	-4.907970347310430109e-02	0.000000000000000000e+00
3.612342699709437910e-09	1.877577276773805481e+00	8.975741896572582590e+00	3.088856267877728157e-01	-4.898508200512220745e-02	0.000000000000000000e+00
3.783462617131932968e-09	1.868821761557529326e+00	8.930373930023639772e+00	3.090071110165626966e-01	-4.891244585475118534e-02	0.000000000000000000e+00
3.962688638701478467e-09	1.859981105834958015e+00	8.885673472221144564e+00	3.090924647637872114e-01	-4.886145108962840211e-02	0.000000000000000000e+00
4.150404757850472502e-09	1.851065064884142242e+00	8.841656854106110686e+00	3.091421789151629351e-01	-4.883176400773038550e-02	0.000000000000000000e+00
4.347013158125017173e-09	1.842083150113419387e+00	8.798339596887972291e+00	3.091567578967743257e-01	-4.882306014456842119e-02	0.000000000000000000e+00
4.552935074866938773e-09	1.833044680360049306e+00	8.755736702003321881e+00	3.091367186812302714e-01	-4.883502408654711441e-02	0.000000000000000000e+00
4.768611697714474181e-09	1.823958844849881800e+00	8.713863000920406776e+00	3.090825895462814277e-01	-4.886734942200325615e-02	0.000000000000000000e+00
4.994505115855140358e-09	1.814834639044252684e+00	8.672732840836696155e+00	3.089949107736459921e-01	-4.891973752633015093e-02	0.000000000000000000e+00
5.231099308056257792e-09	1.805680904055960267e+00	8.632360214918492147e+00	3.088742371085137495e-01	-4.899189528550382949e-02	0.000000000000000000e+00
5.478901179593956120e-09	1.796506300547221935e+00	8.592758675952094194e+00	3.087211367617570534e-01	-4.908353487261648412e-02	0.000000000000000000e+00
5.738441648302404521e-09	1.787319339047476863e+00	8.553941449721184753e+00	3.085361928513928320e-01	-4.919437205405725183e-02	0.000000000000000000e+00
6.010276782070388176e-09	1.778128317614569909e+00	8.515921188319492074e+00	3.083200018084120697e-01	-4.932412630078236715e-02	0.000000000000000000e+00
6.294988990221888141e-09	1.768941318073693481e+00	8.478709790523998535e+00	3.080731794053254147e-01	-4.947251631059283727e-02	0.000000000000000000e+00
6.593188271333541710e-09	1.759766249394525639e+00	8.442318995151575578e+00	3.077963468997497176e-01	-4.963926746748197755e-02	0.000000000000000000e+00
6.905513520162316861e-09	1.750610836578564644e+00	8.406759839456878325e+00	3.074901488116582593e-01	-4.982410027636952066e-02	0.000000000000000000e+00
7.232633896483518810e-09	1.741482643402910480e+00	8.372043088244250697e+00	3.071552413365853385e-01	-5.002673643633662875e-02	0.000000000000000000e+00
7.575250258771920716e-09	1.732389066789119303e+00	8.338179005651726428e+00	3.067922996604319219e-01	-5.024689351848759394e-02	0.000000000000000000e+00
7.934096665797492339e-09	1.723337343258100507e+00	8.305177621540456911e+00	3.064020092369100778e-01	-5.048428933352453601e-02	0.000000000000000000e+00
8.309941949353386453e-09	1.714334510310489224e+00	8.273048125096686078e+00	3.059850811064575016e-01	-5.073863169163655984e-02	0.000000000000000000e+00
8.703591361485183753e-09	1.705387465553305448e+00	8.241799492512674519e+00	3.055422390861441406e-01	-5.100962522370160179e-02	0.000000000000000000e+00
9.115888299750837812e-09	1.696502867360288658e+00	8.211439885371152769e+00	3.050742239679467560e-01	-5.129696787688756837e-02	0.000000000000000000e+00
9.547716114208065503e-09	1.687687210551927164e+00	8.181977000664007349e+00	3.045817937047289314e-01	-5.160034982995132663e-02	0.000000000000000000e+00
1.000000000000000021e-08	1.678946834981800418e+00	8.153418106878028482e+00	3.040657232098486484e-01	-5.191945263777827946e-02	0.000000000000000000e+00
