pc	M	R	C	k2	j3
9.999999999999999799e-13	8.941840408763757075e-02	2.318447741077110891e+01	5.695080121377729850e-03	1.878116338036177379e-03	0.000000000000000000e+00
1.047370897959448749e-12	9.297290863321840126e-02	2.198969439255493086e+01	6.243203041783794427e-03	2.507491814166833491e-03	0.000000000000000000e+00
1.096985797892381920e-12	9.666514891369652751e-02	2.096706511726014810e+01	6.807733016142266183e-03	3.272118487603755191e-03	0.000000000000000000e+00
1.148951000187311009e-12	1.004990681751431469e-01	2.008377378243129385e+01	7.389021820443245417e-03	4.183083421453599217e-03	0.000000000000000000e+00
1.203377840777590522e-12	1.044786432074197857e-01	1.931486229672199073e+01	7.987413038290909137e-03	5.249929005217760652e-03	0.000000000000000000e+00
1.260382929679727463e-12	1.086078292919538113e-01	1.864101081721707942e+01	8.603237462269715252e-03	6.480470428440320008e-03	0.000000000000000000e+00
1.320088400831416649e-12	1.128904881718242187e-01	1.804703139322997174e+01	9.236805787973208226e-03	7.880654659399613862e-03	0.000000000000000000e+00
1.382622173764653478e-12	1.173302327150897995e-01	1.752082852625373732e+01	9.888388658557678568e-03	9.454438758542746749e-03	0.000000000000000000e+00
1.448118227674535917e-12	1.219306847954057665e-01	1.705261844282958705e+01	1.055825564424295489e-02	1.120384781183532581e-02	0.000000000000000000e+00
1.516716888470924089e-12	1.266956404580359963e-01	1.663438850167230854e+01	1.124669884031149342e-02	1.312906964911528425e-02	0.000000000000000000e+00
1.588565129428052692e-12	1.316290709598132713e-01	1.625951651814615317e+01	1.195403225992307250e-02	1.522855634807581370e-02	0.000000000000000000e+00
1.663816886076127415e-12	1.367351228965255627e-01	1.592248393299188614e+01	1.268059117490442055e-02	1.749912479811697660e-02	0.000000000000000000e+00
1.742633386009647278e-12	1.420181201747704736e-01	1.561865682915642317e+01	1.342673174252524866e-02	1.993609155794580021e-02	0.000000000000000000e+00
1.825183494319046040e-12	1.474825665147183607e-01	1.534411692075756406e+01	1.419283070903237624e-02	2.253341664267763736e-02	0.000000000000000000e+00
1.911644075385703708e-12	1.531331484154051237e-01	1.509552973398946563e+01	1.497928517028766435e-02	2.528384409613328859e-02	0.000000000000000000e+00
2.002200371815584363e-12	1.589747384371732186e-01	1.487004078871616741e+01	1.578651237357138470e-02	2.817905563890414286e-02	0.000000000000000000e+00
2.097046401323230665e-12	1.650123988417626641e-01	1.466519309093163592e+01	1.661494956537031345e-02	3.120983090580426930e-02	0.000000000000000000e+00
2.196385372416542332e-12	1.712513850399263460e-01	1.447886103846932038e+01	1.746505379658964616e-02	3.436616382797289676e-02	0.000000000000000000e+00
2.300430119772921506e-12	1.776971484303029869e-01	1.430919704518673541e+01	1.833730165876704815e-02	3.763742316771515745e-02	0.000000000000000000e+00
2.409403560239526876e-12	1.843551187288966220e-01	1.415459286468225386e+01	1.923215956232516774e-02	4.101236995966169030e-02	0.000000000000000000e+00
2.523539170434765862e-12	1.912303211878347287e-01	1.401364797213181390e+01	2.015003411873640682e-02	4.447908427068390791e-02	0.000000000000000000e+00
2.643081486974102692e-12	1.983276226476485271e-01	1.388512910225004759e+01	2.109130824882756577e-02	4.802520473357838743e-02	0.000000000000000000e+00
2.768286630392061017e-12	2.056517529560003832e-01	1.376794369287472719e+01	2.205634618434598390e-02	5.163807045093572051e-02	0.000000000000000000e+00
2.899422853882880921e-12	2.132072745256347046e-01	1.366111921259289197e+01	2.304549136414268951e-02	5.530480398120529717e-02	0.000000000000000000e+00
3.036771118035460378e-12	2.209985483824413732e-01	1.356378596435793149e+01	2.405906403515034250e-02	5.901244169102921877e-02	0.000000000000000000e+00
3.180625692794118977e-12	2.290296986364074028e-01	1.347516269258318466e+01	2.509735878726094410e-02	6.274796507164119574e-02	0.000000000000000000e+00
3.331294787934670055e-12	2.373045743163204879e-01	1.339454447812417648e+01	2.616064190863127276e-02	6.649842869904229459e-02	0.000000000000000000e+00
3.489101213406766494e-12	2.458267092416925870e-01	1.332129249269874016e+01	2.724914867141235361e-02	7.025100209049277289e-02	0.000000000000000000e+00
3.654383070957261569e-12	2.545992800702260861e-01	1.325482529485176819e+01	2.836308055401506184e-02	7.399305883422691021e-02	0.000000000000000000e+00
3.827494478516314936e-12	2.636250623926519321e-01	1.319461139881554956e+01	2.950260240163636583e-02	7.771223120956943786e-02	0.000000000000000000e+00
4.008806328898464320e-12	2.729063857500326762e-01	1.314016291105964918e+01	3.066783961077737888e-02	8.139644958869846070e-02	0.000000000000000000e+00
4.198707084443905621e-12	2.824452589472551955e-01	1.309102934444402777e+01	3.185889641393630650e-02	8.503408582317692477e-02	0.000000000000000000e+00
4.397603609302712498e-12	2.922438373480276130e-01	1.304679231688252727e+01	3.307591351099815197e-02	8.861416309731087737e-02	0.000000000000000000e+00
4.605922041145112927e-12	3.023044508232724525e-01	1.300706442092642590e+01	3.431906799366950256e-02	9.212643164532688389e-02	0.000000000000000000e+00
4.824108704165373984e-12	3.126295901419551271e-01	1.297148772558505136e+01	3.558856913765870433e-02	9.556134191242557363e-02	0.000000000000000000e+00
5.052631065335679604e-12	3.232219136796183334e-01	1.293973196017752336e+01	3.688465724045390803e-02	9.891009251723842377e-02	0.000000000000000000e+00
5.291978735958436557e-12	3.340842553345695354e-01	1.291149267907164777e+01	3.820760281631553623e-02	1.021646177191247035e-01	0.000000000000000000e+00
5.542664520663095602e-12	3.452196323885828866e-01	1.288648949577426350e+01	3.955770584696802900e-02	1.053175994546851763e-01	0.000000000000000000e+00
5.805225516094907684e-12	3.566312540612252557e-01	1.286446438522086133e+01	4.093529521772878987e-02	1.083624148501659973e-01	0.000000000000000000e+00
6.080224261649427052e-12	3.683225293512334964e-01	1.284518010025266399e+01	4.234072806104781372e-02	1.112931690500427451e-01	0.000000000000000000e+00
6.368249944718585906e-12	3.802970751686113871e-01	1.282841868230495841e+01	4.377438918075295810e-02	1.141046616839360428e-01	0.000000000000000000e+00
6.669919663030115058e-12	3.925587237739692759e-01	1.281398008028220126e+01	4.523669039330224795e-02	1.167923443389173727e-01	0.000000000000000000e+00
6.985879746785234820e-12	4.051115468600205993e-01	1.280168082912948080e+01	4.672807194167394318e-02	1.193523395403203319e-01	0.000000000000000000e+00
7.316807143427207274e-12	4.179597359512094434e-01	1.279135248501581579e+01	4.824898864186546316e-02	1.217813216110032876e-01	0.000000000000000000e+00
7.663410868007462274e-12	4.311071836952889424e-01	1.278283964646841220e+01	4.979986366111650159e-02	1.240764349419504475e-01	0.000000000000000000e+00
8.026433522257174683e-12	4.445573782692905374e-01	1.277599798390654762e+01	5.138107933420778956e-02	1.262351705750366648e-01	0.000000000000000000e+00
8.406652885618316356e-12	4.583133735036616918e-01	1.277069264210818034e+01	5.299297636065396916e-02	1.282556507076525742e-01	0.000000000000000000e+00
8.804883581643446547e-12	4.723777585657893408e-01	1.276679692107804520e+01	5.463585275620562454e-02	1.301360328138821409e-01	0.000000000000000000e+00
9.221978823334340144e-12	4.867526261767659013e-01	1.276419117367511902e+01	5.630996251446737655e-02	1.318750638355988825e-01	0.000000000000000000e+00
9.658832241158709141e-12	5.014395412231463789e-01	1.276276186932769185e+01	5.801551426958904967e-02	1.334718371273093118e-01	0.000000000000000000e+00
1.011637979766206976e-11	5.164395083518357188e-01	1.276240079652890635e+01	5.975266980639125369e-02	1.349257355376186351e-01	0.000000000000000000e+00
1.059560179277614774e-11	5.317529400685209184e-01	1.276300438125385739e+01	6.152154260278044212e-02	1.362365056078377323e-01	0.000000000000000000e+00
1.109752496412069864e-11	5.473796248515566676e-01	1.276447310371395005e+01	6.332219634846567025e-02	1.374042830441199459e-01	0.000000000000000000e+00
1.162322468679854125e-11	5.633187196265477814e-01	1.276671101072871828e+01	6.515464619351953035e-02	1.384294026174453518e-01	0.000000000000000000e+00
1.217382727739662020e-11	5.795689344198199366e-01	1.276962551695374692e+01	6.701888103450431844e-02	1.393125949173608935e-01	0.000000000000000000e+00
1.275051240713012859e-11	5.961286381415695779e-01	1.277312755993583337e+01	6.891487482375752149e-02	1.400549759932070704e-01	0.000000000000000000e+00
1.335451562929897339e-11	6.129958348223218945e-01	1.277713163648324546e+01	7.084258329551353095e-02	1.406578586032257994e-01	0.000000000000000000e+00
1.398713102647241439e-11	6.301681486326192738e-01	1.278155573291220826e+01	7.280194215903021404e-02	1.411229470998638935e-01	0.000000000000000000e+00
1.464971398307287854e-11	6.476428085668362034e-01	1.278632122200755994e+01	7.479286538823032293e-02	1.414522113392989167e-01	0.000000000000000000e+00
1.534368408930013065e-11	6.654166335199011018e-01	1.279135274506032260e+01	7.681524361920528954e-02	1.416478963842490169e-01	0.000000000000000000e+00
1.607052818261638620e-11	6.834860178576167566e-01	1.279657809098577381e+01	7.886894261202259671e-02	1.417124944556866772e-01	0.000000000000000000e+00
1.683180353330955093e-11	7.018469174566146496e-01	1.280192807467838811e+01	8.095380176646346793e-02	1.416487535891100547e-01	0.000000000000000000e+00
1.762914118095944293e-11	7.204948364705707764e-01	1.280733642013949947e+01	8.306963268897259167e-02	1.414596336109671115e-01	0.000000000000000000e+00
1.846424942895546448e-11	7.394248145024200358e-01	1.281273964510283214e+01	8.521621779274002328e-02	1.411482855818643189e-01	0.000000000000000000e+00
1.933891750455232057e-11	7.586314664279600883e-01	1.281807697030152227e+01	8.739331479231512989e-02	1.407180780977208556e-01	0.000000000000000000e+00
2.025501939230666486e-11	7.781090874570129046e-01	1.282329017121641535e+01	8.960066907202612896e-02	1.401725276325870295e-01	0.000000000000000000e+00
2.121451784910627571e-11	7.978514294201030088e-01	1.282832328137681621e+01	9.183798927717722049e-02	1.395152979159992590e-01	0.000000000000000000e+00
2.221946860939528424e-11	8.178516309705750054e-01	1.283312239991166059e+01	9.410494010484395100e-02	1.387501806655413172e-01	0.000000000000000000e+00
2.327202478960412005e-11	8.381022089855086898e-01	1.283763556604468370e+01	9.640114173983332924e-02	1.378810923343793404e-01	0.000000000000000000e+00
2.437444150122221807e-11	8.585950522580858557e-01	1.284181265737357691e+01	9.872616939590371510e-02	1.369120352949610986e-01	0.000000000000000000e+00
2.552908068239516723e-11	8.793214169514035339e-01	1.284560531023014818e+01	1.010795528853926928e-01	1.358471244558178415e-01	0.000000000000000000e+00
2.673841615839943880e-11	9.002719244540215993e-01	1.284896685468317479e+01	1.034607763225162819e-01	1.346905348947304848e-01	0.000000000000000000e+00
2.800503894183625342e-11	9.214365613323481918e-01	1.285185226380375312e+01	1.058692779086745500e-01	1.334465097803717859e-01	0.000000000000000000e+00
2.933166278390048099e-11	9.428046814100174977e-01	1.285421811319127094e+01	1.083044498172148484e-01	1.321193532148960681e-01	0.000000000000000000e+00
3.072112998861759207e-11	9.643650114005368756e-01	1.285602255119201942e+01	1.107656383228557972e-01	1.307134166947664378e-01	0.000000000000000000e+00
3.217641750250735458e-11	9.861057441608470642e-01	1.285722528194036052e+01	1.132521537962223740e-01	1.292330469537068538e-01	0.000000000000000000e+00
3.370064329271925032e-11	1.008014629837259202e+00	1.285778755994646616e+01	1.157632802486919382e-01	1.276826399516128308e-01	0.000000000000000000e+00
3.529707302730657668e-11	1.030078868346695486e+00	1.285767218069902107e+01	1.182982619907935878e-01	1.260665647260325872e-01	0.000000000000000000e+00
3.696912707195032437e-11	1.052285108886496623e+00	1.285684348444700476e+01	1.208563023579153628e-01	1.243891956814704575e-01	0.000000000000000000e+00
3.872038781812557004e-11	1.074619465923257966e+00	1.285526736281962989e+01	1.234365641779633094e-01	1.226548985364255967e-01	0.000000000000000000e+00
4.055460735840827506e-11	1.097067536177951386e+00	1.285291125329040085e+01	1.260381703451892155e-01	1.208680050694249941e-01	0.000000000000000000e+00
4.247571552536894126e-11	1.119614419776887804e+00	1.284974415714098761e+01	1.286602045250696269e-01	1.190328298309513283e-01	0.000000000000000000e+00
4.448782831127576069e-11	1.142244742271981250e+00	1.284573664069857735e+01	1.313017119900083685e-01	1.171536230933132444e-01	0.000000000000000000e+00
4.659525668664686662e-11	1.164942679479913146e+00	1.284086084633966252e+01	1.339617005592166898e-01	1.152345789882355392e-01	0.000000000000000000e+00
4.880251583654433574e-11	1.187691984867133899e+00	1.283509050372682125e+01	1.366391417010275056e-01	1.132799022516057658e-01	0.000000000000000000e+00
5.111433483440165318e-11	1.210476032063827923e+00	1.282840093604806775e+01	1.393329733055366226e-01	1.112936170564181176e-01	0.000000000000000000e+00
5.353566677410718816e-11	1.233277954061687609e+00	1.282076901576857608e+01	1.420421140421091744e-01	1.092797309392658234e-01	0.000000000000000000e+00
5.607169938205469661e-11	1.256080588066008197e+00	1.281217313349987030e+01	1.447654551773526754e-01	1.072421463702518257e-01	0.000000000000000000e+00
5.872786613189488850e-11	1.278866427720493970e+00	1.280259319611004720e+01	1.475018528226683112e-01	1.051846722842237486e-01	0.000000000000000000e+00
6.150985788580503926e-11	1.301617659631146395e+00	1.279201062480801454e+01	1.502501297841959405e-01	1.031110330420011989e-01	0.000000000000000000e+00
6.442363508721370414e-11	1.324316202946375087e+00	1.278040835757144578e+01	1.530090776275050413e-01	1.010248170207578566e-01	0.000000000000000000e+00
6.747544053110686101e-11	1.346943750958847330e+00	1.276777085681649737e+01	1.557774588276198691e-01	9.892953589954668614e-02	0.000000000000000000e+00
7.067181273927477085e-11	1.369481814846517320e+00	1.275408412090859755e+01	1.585540090350468501e-01	9.682857239234123059e-02	0.000000000000000000e+00
7.401959996915652408e-11	1.391911768278488504e+00	1.273933569189569681e+01	1.613374394091526276e-01	9.472518073224150958e-02	0.000000000000000000e+00
7.752597488629464062e-11	1.414214894094981689e+00	1.272351466840841105e+01	1.641264390583355992e-01	9.262253844872085640e-02	0.000000000000000000e+00
8.119844993184008328e-11	1.436372431598357258e+00	1.270661171212000795e+01	1.669196775711499769e-01	9.052361379161397159e-02	0.000000000000000000e+00
8.504489341802668113e-11	1.458365677289227058e+00	1.268861901326777186e+01	1.697158142683524162e-01	8.843133567265683281e-02	0.000000000000000000e+00
8.907354638610458163e-11	1.480176051281506977e+00	1.266953021446691352e+01	1.725135041011630344e-01	8.634840766666797285e-02	0.000000000000000000e+00
9.329304026284695888e-11	1.501785025010304420e+00	1.264934045105013638e+01	1.753113858666301150e-01	8.427745465242977851e-02	0.000000000000000000e+00
9.771241535346501225e-11	1.523174156865872098e+00	1.262804634166474571e+01	1.781080835513895455e-01	8.222094005076122092e-02	0.000000000000000000e+00
1.023411402105452712e-10	1.544325142778557813e+00	1.260564597978827273e+01	1.809022094100118383e-01	8.018121114830165097e-02	0.000000000000000000e+00
1.071891319205126445e-10	1.565219867459541891e+00	1.258213893020556640e+01	1.836923670704899980e-01	7.816046504956561392e-02	0.000000000000000000e+00
1.122667773510811312e-10	1.585840455518342740e+00	1.255752622364813931e+01	1.864771546801879121e-01	7.616077144600585935e-02	0.000000000000000000e+00
1.175849554052158201e-10	1.606169322368088848e+00	1.253181035655095776e+01	1.892551679916094909e-01	7.418405392379368024e-02	0.000000000000000000e+00
1.231550603292826197e-10	1.626189223621516744e+00	1.250499528077816436e+01	1.920250034701551922e-01	7.223210481566162688e-02	0.000000000000000000e+00
1.289890261253308184e-10	1.645883304839498962e+00	1.247708640557092430e+01	1.947852613241805031e-01	7.030659974894347408e-02	0.000000000000000000e+00
1.350993521198024986e-10	1.665235166126512567e+00	1.244809055413610821e+01	1.975345510816290395e-01	6.840904866788978522e-02	0.000000000000000000e+00
1.414991297434578731e-10	1.684228964849781240e+00	1.241801581120031450e+01	2.002715036324638487e-01	6.654084329526915864e-02	0.000000000000000000e+00
1.482020705798860072e-10	1.702849339472953138e+00	1.238687157545968098e+01	2.029947590191919227e-01	6.470323918915978079e-02	0.000000000000000000e+00
1.552225357427047968e-10	1.721081404803753934e+00	1.235466854803392422e+01	2.057029636343559453e-01	6.289737457815555710e-02	0.000000000000000000e+00
1.625755666443793407e-10	1.738910796062047570e+00	1.232141870914051829e+01	2.083947734936962004e-01	6.112426742551109460e-02	0.000000000000000000e+00
1.702769172225897821e-10	1.756323710484274159e+00	1.228713528152981027e+01	2.110688575830010627e-01	5.938482268965739053e-02	0.000000000000000000e+00
1.783430876931905687e-10	1.773306948464091981e+00	1.225183270698727611e+01	2.137239010920981286e-01	5.767982077820744957e-02	0.000000000000000000e+00
1.867913599020784805e-10	1.789847951374706314e+00	1.221552661969055187e+01	2.163586084650203356e-01	5.600992339192330249e-02	0.000000000000000000e+00
1.956398343517064725e-10	1.805934838449478885e+00	1.217823382361980578e+01	2.189717064346546060e-01	5.437571783458802072e-02	0.000000000000000000e+00
2.049074689815846066e-10	1.821556439315581200e+00	1.213997226548728392e+01	2.215619467849287705e-01	5.277766007992747838e-02	0.000000000000000000e+00
2.146141197858401440e-10	1.836702331021470735e+00	1.210076100004670074e+01	2.241281099854938730e-01	5.121612516675677629e-02	0.000000000000000000e+00
2.247805833548729991e-10	1.851362921764821756e+00	1.206061994953209471e+01	2.266690186302844912e-01	4.969136959126427971e-02	0.000000000000000000e+00
2.354286414322420067e-10	1.865529396231633719e+00	1.201956991728472346e+01	2.291835297119359238e-01	4.820356827830598462e-02	0.000000000000000000e+00
2.465811075822603842e-10	1.879193650225226664e+00	1.197763267303196955e+01	2.316705241264202797e-01	4.675281345342412187e-02	0.000000000000000000e+00
2.582618760682674929e-10	1.892348309462085654e+00	1.193483090547315761e+01	2.341289089715558602e-01	4.533911598197353648e-02	0.000000000000000000e+00
2.704959730463131364e-10	1.904986749284982128e+00	1.189118815736555312e+01	2.365576205179801550e-01	4.396242390427253927e-02	0.000000000000000000e+00
2.833096101839318258e-10	1.917103112529727760e+00	1.184672880204180956e+01	2.389556263641615663e-01	4.262260201534020382e-02	0.000000000000000000e+00
2.967302408188872501e-10	1.928692324002469816e+00	1.180147798230595058e+01	2.413219281204256883e-01	4.131945978783651413e-02	0.000000000000000000e+00
3.107866187782014063e-10	1.939750104380767670e+00	1.175546159259308787e+01	2.436555633677252863e-01	4.005274250905846434e-02	0.000000000000000000e+00
3.255088599835056406e-10	1.950272978553768466e+00	1.170870623344936234e+01	2.459556076730090302e-01	3.882213733568090630e-02	0.000000000000000000e+00
3.409285069746807543e-10	1.960258283342096730e+00	1.166123916904672342e+01	2.482211766732522751e-01	3.762728233825347185e-02	0.000000000000000000e+00
3.570785964900469852e-10	1.969704212443489588e+00	1.161308804226830205e+01	2.504514383308046321e-01	3.646775975118624752e-02	0.000000000000000000e+00
3.739937302478801677e-10	1.978609775184181130e+00	1.156428074060912792e+01	2.526456116304288124e-01	3.534309942241033176e-02	0.000000000000000000e+00
3.917101490809260641e-10	1.986974690014646328e+00	1.151484572005683837e+01	2.548029469940548131e-01	3.425280035455453842e-02	0.000000000000000000e+00
4.102658105827190344e-10	1.994799363852149510e+00	1.146481186408119157e+01	2.569227273904506337e-01	3.319632889002854803e-02	0.000000000000000000e+00
4.297004704320835313e-10	2.002084897988226864e+00	1.141420851483722920e+01	2.590042692479536668e-01	3.217311673611514267e-02	0.000000000000000000e+00
4.500557675700488183e-10	2.008833079200497362e+00	1.136306537006628936e+01	2.610469246036574154e-01	3.118257257191689447e-02	0.000000000000000000e+00
4.713753134116729086e-10	2.015046379282879219e+00	1.131141250699701395e+01	2.630500816499471983e-01	3.022408301087047000e-02	0.000000000000000000e+00
4.937047852839003559e-10	2.020727939681010277e+00	1.125928021679077595e+01	2.650131678545299962e-01	2.929701456159247361e-02	0.000000000000000000e+00
5.170920242896755486e-10	2.025881569675772376e+00	1.120669910190081708e+01	2.669356489381997655e-01	2.840071014631865426e-02	0.000000000000000000e+00
5.415871378079465267e-10	2.030511734236503329e+00	1.115369997880439001e+01	2.688170311150182012e-01	2.753450599526697726e-02	0.000000000000000000e+00
5.672426068491988835e-10	2.034623550822561633e+00	1.110031358833975546e+01	2.706568694441782164e-01	2.669771601516894230e-02	0.000000000000000000e+00
5.941133984965039838e-10	2.038222756923400603e+00	1.104657034466826460e+01	2.724547719058365569e-01	2.588964110122916537e-02	0.000000000000000000e+00
6.222570836730231313e-10	2.041315616529636223e+00	1.099250078241628970e+01	2.742103782631500342e-01	2.510958049777762408e-02	0.000000000000000000e+00
6.517339604882420571e-10	2.043908891705481512e+00	1.093813553103481517e+01	2.759233586159985929e-01	2.435682693419335965e-02	0.000000000000000000e+00
6.826071834272379248e-10	2.046009823573414099e+00	1.088350526441447208e+01	2.775934138835690068e-01	2.363067534181691881e-02	0.000000000000000000e+00
7.149428986597561750e-10	2.047626122850885189e+00	1.082864069443480837e+01	2.792202765525655939e-01	2.293042199446346935e-02	0.000000000000000000e+00
7.488103857590030225e-10	2.048765940954693221e+00	1.077357246114150691e+01	2.808037115151532093e-01	2.225536496253801774e-02	0.000000000000000000e+00
7.842822061337681836e-10	2.049437867871623187e+00	1.071833119354537622e+01	2.823435162475078086e-01	2.160482615564626035e-02	0.000000000000000000e+00
8.214343584919422200e-10	2.049650902105744521e+00	1.066294739420236404e+01	2.838395217841540585e-01	2.097805982519106160e-02	0.000000000000000000e+00
8.603464416684491388e-10	2.049414440666486037e+00	1.060745147170868030e+01	2.852915926473009178e-01	2.037443227548770691e-02	0.000000000000000000e+00
9.011018251665036851e-10	2.048738245996549523e+00	1.055187334709942348e+01	2.866996351058652137e-01	1.979324781244396272e-02	0.000000000000000000e+00
9.437878277775391497e-10	2.047632389623956772e+00	1.049624202258107530e+01	2.880636037696004403e-01	1.923382413324010651e-02	0.000000000000000000e+00
9.884959046625586031e-10	2.046107169217806554e+00	1.044058613952033987e+01	2.893834775185852304e-01	1.869549421407040377e-02	0.000000000000000000e+00
1.035321843295661502e-09	2.044173109400885480e+00	1.038493433174119041e+01	2.906592518322378971e-01	1.817760387361739768e-02	0.000000000000000000e+00
1.084365968689608688e-09	2.041840921760848637e+00	1.032931501979696343e+01	2.918909405604422913e-01	1.767951679386467120e-02	0.000000000000000000e+00
1.135733358343102889e-09	2.039121499114127101e+00	1.027375640422605407e+01	2.930785771407206641e-01	1.720060632977894396e-02	0.000000000000000000e+00
1.189534067370320724e-09	2.036025897611811963e+00	1.021828645741743635e+01	2.942222141267260560e-01	1.674026486587976842e-02	0.000000000000000000e+00
1.245883364295008068e-09	2.032565322941018771e+00	1.016293285299612670e+01	2.953219250988085576e-01	1.629789186851357888e-02	0.000000000000000000e+00
1.304901978014401580e-09	2.028751121573188154e+00	1.010772299790545681e+01	2.963778043866592271e-01	1.587291367175187873e-02	0.000000000000000000e+00
1.366716356462010101e-09	2.024594760507682167e+00	1.005268395229476042e+01	2.973899683647917014e-01	1.546475723269197765e-02	0.000000000000000000e+00
1.431458937523481393e-09	2.020107815089609016e+00	9.997842457127410043e+00	2.983585547874064159e-01	1.507287409061959342e-02	0.000000000000000000e+00
1.499268432786047049e-09	2.015301969486155809e+00	9.943224961019202723e+00	2.992837239535184879e-01	1.469672674381689720e-02	0.000000000000000000e+00
1.570290124729377524e-09	2.010188975512489762e+00	9.888857466425312381e+00	3.001656591248329509e-01	1.433579150156146995e-02	0.000000000000000000e+00
1.644676177994662829e-09	2.004780663991194700e+00	9.834765673424822552e+00	3.010045657791421969e-01	1.398956315793034241e-02	0.000000000000000000e+00
1.722585965398783835e-09	1.999088919410901832e+00	9.780974903326145053e+00	3.018006719733678511e-01	1.365754773960782889e-02	0.000000000000000000e+00
1.804186409392068039e-09	1.993125661130468407e+00	9.727510055220935925e+00	3.025542286820196436e-01	1.333926478265507094e-02	0.000000000000000000e+00
1.889652339691211477e-09	1.986902845225209324e+00	9.674395645599441096e+00	3.032655106647705878e-01	1.303425194157935459e-02	0.000000000000000000e+00
1.979166867853557524e-09	1.980432439484410390e+00	9.621655863296201261e+00	3.039348126882182033e-01	1.274205912166854159e-02	0.000000000000000000e+00
2.072921779595369695e-09	1.973726398687082773e+00	9.569314332100434584e+00	3.045624548961365363e-01	1.246225035128330390e-02	0.000000000000000000e+00
2.171117945694509622e-09	1.966950885106086400e+00	9.518527946998363021e+00	3.051363601254764024e-01	1.220015258830148275e-02	0.000000000000000000e+00
2.273965752357932151e-09	1.962268044347611706e+00	9.484716597666633220e+00	3.054950711115612672e-01	1.203114287375032197e-02	0.000000000000000000e+00
2.381685551976160644e-09	1.957498552389124402e+00	9.451672359242065724e+00	3.058179875749409971e-01	1.187123590732405351e-02	0.000000000000000000e+00
2.494508135230316413e-09	1.952614892751305842e+00	9.419321115957679069e+00	3.061027488513838879e-01	1.172017587699978637e-02	0.000000000000000000e+00
2.612675225563326382e-09	1.947602098203569554e+00	9.387604708541630316e+00	3.063484410709107486e-01	1.157762587843485548e-02	0.000000000000000000e+00
2.736439997074666368e-09	1.942451712807824027e+00	9.356475824819796117e+00	3.065548325462233437e-01	1.144321448420928741e-02	0.000000000000000000e+00
2.866067616948244470e-09	1.937159463452810648e+00	9.325895573557897222e+00	3.067220932413163292e-01	1.131658193936195198e-02	0.000000000000000000e+00
3.001835813575592210e-09	1.931723966124957004e+00	9.295831770691918905e+00	3.068506498890504197e-01	1.119738152967983576e-02	0.000000000000000000e+00
3.144035471591500167e-09	1.926145947613528309e+00	9.266257832897467850e+00	3.069411006535516240e-01	1.108527331039575042e-02	0.000000000000000000e+00
3.292971255097148186e-09	1.920427715729958296e+00	9.237151915604613350e+00	3.069941600584066843e-01	1.097994613531663721e-02	0.000000000000000000e+00
3.448962260405766611e-09	1.914572759640504884e+00	9.208496152626862497e+00	3.070106206170651886e-01	1.088109842096947159e-02	0.000000000000000000e+00
3.612342699709437910e-09	1.908585469036004456e+00	9.180276044315405670e+00	3.069913281263947358e-01	1.078845698283744867e-02	0.000000000000000000e+00
3.783462617131932968e-09	1.902470936808745572e+00	9.152480075043373020e+00	3.069371624796967124e-01	1.070175723967397609e-02	0.000000000000000000e+00
3.962688638701478467e-09	1.896234770809453130e+00	9.125099247271638347e+00	3.068490225705035601e-01	1.062076314908019792e-02	0.000000000000000000e+00
4.150404757850472502e-09	1.889882973841231495e+00	9.098126740789499678e+00	3.067278179127397308e-01	1.054523847447768649e-02	0.000000000000000000e+00
4.347013158125017173e-09	1.883421846194064164e+00	9.071557607963319114e+00	3.065744626750556701e-01	1.047498135002960899e-02	0.000000000000000000e+00
4.552935074866938773e-09	1.876857888009245467e+00	9.045388554581627716e+00	3.063898667709181178e-01	1.040978519207581485e-02	0.000000000000000000e+00
4.768611697714474181e-09	1.870197746767973568e+00	9.019617690262890619e+00	3.061749352903676558e-01	1.034946796718037680e-02	0.000000000000000000e+00
4.994505115855140358e-09	1.863448152689926030e+00	8.994244366218238085e+00	3.059305630192811210e-01	1.029385444110793302e-02	0.000000000000000000e+00
5.231099308056257792e-09	1.856615880260130691e+00	8.969268957025422040e+00	3.056576351238289857e-01	1.024278497728386972e-02	0.000000000000000000e+00
5.478901179593956120e-09	1.849707722413002298e+00	8.944692838436074211e+00	3.053570232676999785e-01	1.019610593927581209e-02	0.000000000000000000e+00
5.738441648302404521e-09	1.842730431346848663e+00	8.920518045556233844e+00	3.050295871208104082e-01	1.015367667397372962e-02	0.000000000000000000e+00
6.010276782070388176e-09	1.835690729408426369e+00	8.896747380234137026e+00	3.046761721092419162e-01	1.011536413411541664e-02	0.000000000000000000e+00
6.294988990221888141e-09	1.828595269306952487e+00	8.873384179898341273e+00	3.042976103684901790e-01	1.008104131005961579e-02	0.000000000000000000e+00
6.593188271333541710e-09	1.821450632913287349e+00	8.850432328783837121e+00	3.038947198007339034e-01	1.005059346829549789e-02	0.000000000000000000e+00
6.905513520162316861e-09	1.814263290838290743e+00	8.827895988397864713e+00	3.034683062373155216e-01	1.002391095544775262e-02	0.000000000000000000e+00
7.232633896483518810e-09	1.807039637127185738e+00	8.805779815416274303e+00	3.030191613992141431e-01	1.000087639964333287e-02	0.000000000000000000e+00
7.575250258771920716e-09	1.799785938220636483e+00	8.784088630232673722e+00	3.025480654183559381e-01	9.981430738146827852e-03	0.000000000000000000e+00
7.934096665797492339e-09	1.792508355401081444e+00	8.762827535071341600e+00	3.020557861910402320e-01	9.965443709660610702e-03	0.000000000000000000e+00
8.309941949353386453e-09	1.785212924837971338e+00	8.742001780258428667e+00	3.015430802945130440e-01	9.952850850698864715e-03	0.000000000000000000e+00
8.703591361485183753e-09	1.777905558911068606e+00	8.721616738921499135e+00	3.010106937378865255e-01	9.943551791750103105e-03	0.000000000000000000e+00
9.115888299750837812e-09	1.770592045971508988e+00	8.701677855302438758e+00	3.004593633642845263e-01	9.937485906867660201e-03	0.000000000000000000e+00
9.547716114208065503e-09	1.763278047088853384e+00	8.682190646495939745e+00	2.998898158965077054e-01	9.934590564252677655e-03	0.000000000000000000e+00
1.000000000000000021e-08	1.755969100728627774e+00	8.663160711833041816e+00	2.993027680585926276e-01	9.934759880887376535e-03	0.000000000000000000e+00
