pc	M	R	C	k2	j3
9.999999999999999799e-13	8.626836280214636443e-02	1.755083683942262240e+01	7.258116959634878726e-03	1.999642101312287465e-02	0.000000000000000000e+00
1.047370897959448749e-12	8.726316464231073655e-02	1.718151138260968480e+01	7.499629862524028606e-03	2.043163125941102609e-02	0.000000000000000000e+00
1.096985797892381920e-12	8.843029049110712192e-02	1.681105437630878185e+01	7.767411859096802484e-03	2.095981187825968206e-02	0.000000000000000000e+00
1.148951000187311009e-12	8.978028027884264739e-02	1.644298814928650287e+01	8.062513375065907470e-03	2.158994002995378789e-02	0.000000000000000000e+00
1.203377840777590522e-12	9.132022955058667624e-02	1.608090380789478857e+01	8.385457756511194641e-03	2.232981298713851079e-02	0.000000000000000000e+00
1.260382929679727463e-12	9.305345344410338726e-02	1.572819744310144863e+01	8.736224345026973037e-03	2.318565911185333298e-02	0.000000000000000000e+00
1.320088400831416649e-12	9.498085295814721885e-02	1.538766236665610876e+01	9.114516844059665501e-03	2.416254911835706218e-02	0.000000000000000000e+00
1.382622173764653478e-12	9.710167725978476050e-02	1.506141182194240535e+01	9.519875815183218362e-03	2.526455708309816028e-02	0.000000000000000000e+00
1.448118227674535917e-12	9.941394669421142749e-02	1.475091977737341864e+01	9.951726899565412759e-03	2.649475750243665551e-02	0.000000000000000000e+00
1.516716888470924089e-12	1.019148491255505162e-01	1.445708808602969242e+01	1.040942819553576128e-02	2.785520409809210188e-02	0.000000000000000000e+00
1.588565129428052692e-12	1.046011074143728681e-01	1.418032924112364057e+01	1.089231526520632702e-02	2.934695378784293873e-02	0.000000000000000000e+00
1.663816886076127415e-12	1.074693153901138121e-01	1.392065480967091595e+01	1.139974279994332429e-02	3.097007157222152543e-02	0.000000000000000000e+00
1.742633386009647278e-12	1.105162426046332053e-01	1.367776195586342425e+01	1.193112250738655351e-02	3.272370635214522788e-02	0.000000000000000000e+00
1.825183494319046040e-12	1.137391107389238987e-01	1.345111297208604029e+01	1.248595723844608471e-02	3.460616918121720009e-02	0.000000000000000000e+00
1.911644075385703708e-12	1.171358465468567561e-01	1.324000499671638842e+01	1.306387170116888978e-02	3.661505151368066313e-02	0.000000000000000000e+00
2.002200371815584363e-12	1.207053167416149847e-01	1.304362889424505134e+01	1.366464020025088058e-02	3.874737955698077246e-02	0.000000000000000000e+00
2.097046401323230665e-12	1.244475515650089736e-01	1.286111738507995206e+01	1.428821213345898497e-02	4.099978489874769871e-02	0.000000000000000000e+00
2.196385372416542332e-12	1.283639631180278906e-01	1.269158333936147542e+01	1.493473586809683853e-02	4.336870164543860096e-02	0.000000000000000000e+00
2.300430119772921506e-12	1.324575649517339415e-01	1.253414948650035754e+01	1.560458172219987907e-02	4.585056912968023951e-02	0.000000000000000000e+00
2.409403560239526876e-12	1.367331990478266035e-01	1.238797094429324375e+01	1.629836470782666108e-02	4.844206038746860093e-02	0.000000000000000000e+00
2.523539170434765862e-12	1.411977405920152584e-01	1.225225288400543633e+01	1.701696205144942811e-02	5.114027880195773368e-02	0.000000000000000000e+00
2.643081486974102692e-12	1.458595871402303679e-01	1.212627839284015074e+01	1.776141985529283013e-02	5.394248287055632834e-02	0.000000000000000000e+00
2.768286630392061017e-12	1.507276415470016340e-01	1.200942455089186289e+01	1.853279580645606980e-02	5.684547382255503850e-02	0.000000000000000000e+00
2.899422853882880921e-12	1.558111129560717512e-01	1.190114691296427374e+01	1.933213629903678815e-02	5.984544668669319889e-02	0.000000000000000000e+00
3.036771118035460378e-12	1.611194544870105383e-01	1.180096498460558685e+01	2.016047201951062448e-02	6.293794709729727543e-02	0.000000000000000000e+00
3.180625692794118977e-12	1.666622982369730666e-01	1.170845081763603091e+01	2.101881198470099271e-02	6.611785001937171835e-02	0.000000000000000000e+00
3.331294787934670055e-12	1.724493865394273739e-01	1.162321970223650247e+01	2.190813668771816186e-02	6.937932914865643785e-02	0.000000000000000000e+00
3.489101213406766494e-12	1.784904994522695798e-01	1.154492241695418464e+01	2.282939072217587267e-02	7.271584475947848181e-02	0.000000000000000000e+00
3.654383070957261569e-12	1.847953768053476054e-01	1.147323869736015567e+01	2.378347490367095987e-02	7.612013557742058900e-02	0.000000000000000000e+00
3.827494478516314936e-12	1.913736341467827395e-01	1.140787169294113745e+01	2.477123795563731384e-02	7.958421903473787695e-02	0.000000000000000000e+00
4.008806328898464320e-12	1.982346719942177649e-01	1.134854322856637765e+01	2.579346783199154558e-02	8.309939868134007257e-02	0.000000000000000000e+00
4.198707084443905621e-12	2.053875773038779662e-01	1.129498974270347311e+01	2.685088263528607327e-02	8.665627741758843983e-02	0.000000000000000000e+00
4.397603609302712498e-12	2.128410170443716110e-01	1.124695879238221252e+01	2.794412122105805266e-02	9.024478944840101657e-02	0.000000000000000000e+00
4.605922041145112927e-12	2.206031230796575149e-01	1.120420604004031517e+01	2.907373347111212245e-02	9.385421879163746706e-02	0.000000000000000000e+00
4.824108704165373984e-12	2.286813681505012186e-01	1.116649265540038805e+01	3.024017027620793871e-02	9.747324736524509703e-02	0.000000000000000000e+00
5.052631065335679604e-12	2.370824329602933545e-01	1.113358307145893455e+01	3.144377330110337265e-02	1.010899951611375636e-01	0.000000000000000000e+00
5.291978735958436557e-12	2.458120534871127971e-01	1.110524309283252720e+01	3.268476300250267030e-02	1.046920652063695611e-01	0.000000000000000000e+00
5.542664520663095602e-12	2.548749695833557039e-01	1.108123865174898270e+01	3.396323998058914384e-02	1.082666661425275428e-01	0.000000000000000000e+00
5.805225516094907684e-12	2.642756984262101816e-01	1.106133562334256659e+01	3.527929471671124168e-02	1.118011040124748251e-01	0.000000000000000000e+00
6.080224261649427052e-12	2.740189137011325160e-01	1.104530241792274836e+01	3.663305720026325402e-02	1.152830381502595314e-01	0.000000000000000000e+00
6.368249944718585906e-12	2.841094512396593608e-01	1.103291258167899613e+01	3.802469500021724014e-02	1.187005825736668213e-01	0.000000000000000000e+00
6.669919663030115058e-12	2.945523106244373746e-01	1.102394656005138529e+01	3.945441148443519508e-02	1.220423609372285056e-01	0.000000000000000000e+00
6.985879746785234820e-12	3.053526567557053317e-01	1.101819288954069975e+01	4.092244436562608723e-02	1.252975459818023996e-01	0.000000000000000000e+00
7.316807143427207274e-12	3.165158217543911356e-01	1.101544898344328693e+01	4.242906443814561945e-02	1.284559259898120087e-01	0.000000000000000000e+00
7.663410868007462274e-12	3.280473057851784890e-01	1.101552160038681727e+01	4.397457429811212071e-02	1.315079225995615941e-01	0.000000000000000000e+00
8.026433522257174683e-12	3.399527780442692104e-01	1.101822708962115449e+01	4.555930710732521149e-02	1.344446234631031800e-01	0.000000000000000000e+00
8.406652885618316356e-12	3.522380765489417920e-01	1.102339145249896823e+01	4.718362526218974201e-02	1.372578004692510401e-01	0.000000000000000000e+00
8.804883581643446547e-12	3.649092075050362483e-01	1.103085027503127691e+01	4.884791901843833772e-02	1.399399268282249253e-01	0.000000000000000000e+00
9.221978823334340144e-12	3.779723438973787708e-01	1.104044856173404909e+01	5.055260503193409471e-02	1.424841797984437997e-01	0.000000000000000000e+00
9.658832241158709141e-12	3.914338230589806678e-01	1.105204049728600246e+01	5.229812478087290939e-02	1.448844427747947861e-01	0.000000000000000000e+00
1.011637979766206976e-11	4.053001432734519294e-01	1.106548915747173112e+01	5.408494287343511286e-02	1.471353087083858147e-01	0.000000000000000000e+00
1.059560179277614774e-11	4.195779592197291241e-01	1.108066618368478373e+01	5.591354522610848116e-02	1.492320660655090947e-01	0.000000000000000000e+00
1.109752496412069864e-11	4.342740877050679793e-01	1.109745145072291272e+01	5.778443855072427915e-02	1.511706963759664180e-01	0.000000000000000000e+00
1.162322468679854125e-11	4.493957045243321402e-01	1.111573287954140810e+01	5.969817437854845615e-02	1.529478763690086951e-01	0.000000000000000000e+00
1.217382727739662020e-11	4.649501285466040579e-01	1.113540544202322735e+01	6.165532235802328315e-02	1.545609024687752964e-01	0.000000000000000000e+00
1.275051240713012859e-11	4.809444585964105512e-01	1.115636989013565739e+01	6.365642657071450550e-02	1.560076075018724528e-01	0.000000000000000000e+00
1.335451562929897339e-11	4.973855276302078243e-01	1.117853203815539764e+01	6.570200208505495854e-02	1.572863882146798009e-01	0.000000000000000000e+00
1.398713102647241439e-11	5.142798676897516463e-01	1.120180218072461464e+01	6.779253275096051856e-02	1.583961012914283650e-01	0.000000000000000000e+00
1.464971398307287854e-11	5.316336730001911537e-01	1.122609459457696701e+01	6.992846874975656990e-02	1.593361328928580845e-01	0.000000000000000000e+00
1.534368408930013065e-11	5.494527614634459045e-01	1.125132710358282750e+01	7.211022399095982915e-02	1.601063518506676275e-01	0.000000000000000000e+00
1.607052818261638620e-11	5.677425346411195672e-01	1.127742069693099758e+01	7.433817338255532814e-02	1.607070798273462775e-01	0.000000000000000000e+00
1.683180353330955093e-11	5.865079366914859316e-01	1.130429919441585085e+01	7.661265003134347384e-02	1.611390982505414571e-01	0.000000000000000000e+00
1.762914118095944293e-11	6.057534115920845119e-01	1.133188894575851080e+01	7.893394233474509969e-02	1.614036196742626439e-01	0.000000000000000000e+00
1.846424942895546448e-11	6.254828599243461573e-01	1.136011856849803614e+01	8.130229106978910381e-02	1.615022735359846195e-01	0.000000000000000000e+00
1.933891750455232057e-11	6.456995947997463681e-01	1.138891871781574849e+01	8.371788643364676263e-02	1.614370797256459433e-01	0.000000000000000000e+00
2.025501939230666486e-11	6.664062962436599902e-01	1.141822187226544472e+01	8.618086503481135752e-02	1.612104615141546626e-01	0.000000000000000000e+00
2.121451784910627571e-11	6.876049664181986820e-01	1.144796215844914222e+01	8.869130695108466689e-02	1.608251880516758658e-01	0.000000000000000000e+00
2.221946860939528424e-11	7.092968843842325510e-01	1.147807520224174738e+01	9.124923273315338479e-02	1.602843755808856796e-01	0.000000000000000000e+00
2.327202478960412005e-11	7.314825522044112738e-01	1.150849794626983602e+01	9.385459975820402423e-02	1.595915030563569148e-01	0.000000000000000000e+00
2.437444150122221807e-11	7.541613819236828720e-01	1.153916818358716512e+01	9.650726804346533572e-02	1.587503228075945461e-01	0.000000000000000000e+00
2.552908068239516723e-11	7.773314333493643868e-01	1.157002407835895141e+01	9.920697379085081924e-02	1.577649218376262485e-01	0.000000000000000000e+00
2.673841615839943880e-11	8.009896011140325012e-01	1.160100423670059122e+01	1.019533563471811677e-01	1.566396859676376374e-01	0.000000000000000000e+00
2.800503894183625342e-11	8.251315911345833420e-01	1.163204768436813730e+01	1.047459587071152276e-01	1.553792512637630074e-01	0.000000000000000000e+00
2.933166278390048099e-11	8.497518751397036274e-01	1.166309374868077420e+01	1.075842260934247174e-01	1.539885194971863103e-01	0.000000000000000000e+00
3.072112998861759207e-11	8.748436509268673333e-01	1.169408203284053371e+01	1.104675045156636864e-01	1.524726101866267503e-01	0.000000000000000000e+00
3.217641750250735458e-11	9.003988050305629098e-01	1.172495236892689974e+01	1.133950398204144061e-01	1.508368626286870906e-01	0.000000000000000000e+00
3.370064329271925032e-11	9.264078811730090957e-01	1.175564484383930619e+01	1.163659767366773679e-01	1.490868152468210195e-01	0.000000000000000000e+00
3.529707302730657668e-11	9.528600524510193459e-01	1.178609980230783272e+01	1.193793584867672980e-01	1.472281570126147965e-01	0.000000000000000000e+00
3.696912707195032437e-11	9.797430990801881956e-01	1.181625787903661617e+01	1.224341266626127050e-01	1.452668572406644598e-01	0.000000000000000000e+00
3.872038781812557004e-11	1.007043391813263966e+00	1.184606005208420321e+01	1.255291213901772451e-01	1.432088391762476598e-01	0.000000000000000000e+00
4.055460735840827506e-11	1.034745881684560498e+00	1.187544768960683150e+01	1.286630821015606330e-01	1.410602716080361363e-01	0.000000000000000000e+00
4.247571552536894126e-11	1.062834095805092582e+00	1.190436262788655419e+01	1.318346484426420051e-01	1.388273918193777268e-01	0.000000000000000000e+00
4.448782831127576069e-11	1.091290140301006462e+00	1.193274724579031165e+01	1.350423617663357723e-01	1.365165142564795375e-01	0.000000000000000000e+00
4.659525668664686662e-11	1.120094710465237453e+00	1.196054454876980522e+01	1.382846670463571404e-01	1.341340064726987413e-01	0.000000000000000000e+00
4.880251583654433574e-11	1.149227107832612615e+00	1.198769826701423469e+01	1.415599150790007310e-01	1.316862847819541826e-01	0.000000000000000000e+00
5.111433483440165318e-11	1.178665343539317067e+00	1.201415302264615903e+01	1.448663740172619063e-01	1.291797495121064510e-01	0.000000000000000000e+00
5.353566677410718816e-11	1.208386832985362647e+00	1.203985512205489528e+01	1.482023050417770049e-01	1.266207498569630607e-01	0.000000000000000000e+00
5.607169938205469661e-11	1.238368499828519154e+00	1.206475299235341581e+01	1.515659676795565458e-01	1.240155530510735765e-01	0.000000000000000000e+00
5.872786613189488850e-11	1.268586639641851255e+00	1.208879730104316153e+01	1.549555988085450642e-01	1.213703557265952554e-01	0.000000000000000000e+00
6.150985788580503926e-11	1.299016956277194268e+00	1.211194112920932753e+01	1.583694118362769243e-01	1.186912751394018223e-01	0.000000000000000000e+00
6.442363508721370414e-11	1.329634603775708745e+00	1.213414006679178314e+01	1.618055970706426816e-01	1.159843163283033052e-01	0.000000000000000000e+00
6.747544053110686101e-11	1.360414222414231267e+00	1.215535232727225434e+01	1.652623207145626494e-01	1.132553743761248732e-01	0.000000000000000000e+00
7.067181273927477085e-11	1.391329995304984468e+00	1.217553873716318513e+01	1.687377276769299883e-01	1.105101966124800994e-01	0.000000000000000000e+00
7.401959996915652408e-11	1.422355685130337388e+00	1.219466284183438454e+01	1.722299401086927195e-01	1.077543827550216382e-01	0.000000000000000000e+00
7.752597488629464062e-11	1.453464690663762937e+00	1.221269089855778134e+01	1.757370595823660731e-01	1.049933584135887416e-01	0.000000000000000000e+00
8.119844993184008328e-11	1.484630100549707121e+00	1.222959190348607450e+01	1.792571682430791624e-01	1.022323661334580136e-01	0.000000000000000000e+00
8.504489341802668113e-11	1.515824748498958208e+00	1.224533760224102252e+01	1.827883301413697759e-01	9.947645065360638528e-02	0.000000000000000000e+00
8.907354638610458163e-11	1.547021274850618244e+00	1.225990248757760881e+01	1.863285933379355830e-01	9.673044394530741497e-02	0.000000000000000000e+00
9.329304026284695888e-11	1.578192186910123418e+00	1.227326380284581298e+01	1.898759916139134418e-01	9.399895633035341980e-02	0.000000000000000000e+00
9.771241535346501225e-11	1.609309923148491084e+00	1.228540153267142188e+01	1.934285466998100500e-01	9.128637691334312576e-02	0.000000000000000000e+00
1.023411402105452712e-10	1.640346919755207633e+00	1.229629839004253178e+01	1.969842707354861888e-01	8.859684526246577874e-02	0.000000000000000000e+00
1.071891319205126445e-10	1.671275677602485077e+00	1.230593979939421700e+01	2.005411687602559889e-01	8.593426564209806495e-02	0.000000000000000000e+00
1.122667773510811312e-10	1.702068253824733146e+00	1.231431366619500523e+01	2.040971756889996269e-01	8.330233792481944732e-02	0.000000000000000000e+00
1.175849554052158201e-10	1.732694424166735248e+00	1.232140921520728227e+01	2.076499502445635359e-01	8.070468774703361270e-02	0.000000000000000000e+00
1.231550603292826197e-10	1.763122097928462306e+00	1.232721603476616146e+01	2.111969376357973327e-01	7.814477113094131511e-02	0.000000000000000000e+00
1.289890261253308184e-10	1.793317676654591075e+00	1.233172364041591429e+01	2.147354174990915854e-01	7.562582645010054727e-02	0.000000000000000000e+00
1.350993521198024986e-10	1.823246268157678873e+00	1.233492129901842738e+01	2.182625302107416843e-01	7.315085156927224330e-02	0.000000000000000000e+00
1.414991297434578731e-10	1.852871921675456335e+00	1.233679801952654209e+01	2.217753026991660659e-01	7.072258662106940819e-02	0.000000000000000000e+00
1.482020705798860072e-10	1.882157878815214458e+00	1.233734262958402006e+01	2.252706743115286958e-01	6.834351744461576728e-02	0.000000000000000000e+00
1.552225357427047968e-10	1.911066830545584017e+00	1.233654391279349305e+01	2.287455219185259292e-01	6.601585261367286239e-02	0.000000000000000000e+00
1.625755666443793407e-10	1.939561180290563458e+00	1.233439078656014054e+01	2.321966845792917955e-01	6.374153952951863711e-02	0.000000000000000000e+00
1.702769172225897821e-10	1.967603302536910848e+00	1.233087249380478667e+01	2.356209869892239295e-01	6.152226365625876325e-02	0.000000000000000000e+00
1.783430876931905687e-10	1.995155801654320049e+00	1.232597882470200723e+01	2.390152619948929247e-01	5.935944269640823501e-02	0.000000000000000000e+00
1.867913599020784805e-10	2.022181763745445338e+00	1.231970033068639481e+01	2.423763720635576935e-01	5.725424794820721530e-02	0.000000000000000000e+00
1.956398343517064725e-10	2.048644997612213636e+00	1.231202854815214565e+01	2.457012289700613583e-01	5.520759843513621534e-02	0.000000000000000000e+00
2.049074689815846066e-10	2.074510267588326684e+00	1.230295621428472508e+01	2.489868124301280183e-01	5.322018216003478186e-02	0.000000000000000000e+00
2.146141197858401440e-10	2.099743513447159593e+00	1.229247747427131010e+01	2.522301871992426725e-01	5.129245003328802149e-02	0.000000000000000000e+00
2.247805833548729991e-10	2.124312048437275280e+00	1.228058809055814038e+01	2.554285174158759109e-01	4.942465886524038954e-02	0.000000000000000000e+00
2.354286414322420067e-10	2.148184778614036450e+00	1.226728559787316719e+01	2.585790846166848289e-01	4.761684508251956549e-02	0.000000000000000000e+00
2.465811075822603842e-10	2.171333068463460858e+00	1.225256909368679281e+01	2.616793915654668790e-01	4.586881025113028615e-02	0.000000000000000000e+00
2.582618760682674929e-10	2.193731307820080634e+00	1.223643929510278561e+01	2.647272257062194822e-01	4.418010662905370173e-02	0.000000000000000000e+00
2.704959730463131364e-10	2.215356297253678441e+00	1.221889937571318896e+01	2.677205636841128444e-01	4.255012342010184440e-02	0.000000000000000000e+00
2.833096101839318258e-10	2.236187256495771880e+00	1.219995526015432752e+01	2.706575618125335314e-01	4.097810857517142358e-02	0.000000000000000000e+00
2.967302408188872501e-10	2.256205854504596431e+00	1.217961576666441026e+01	2.735365525707207923e-01	3.946318430989528836e-02	0.000000000000000000e+00
3.107866187782014063e-10	2.275396218746180477e+00	1.215789268988355332e+01	2.763560402224743417e-01	3.800436716588471292e-02	0.000000000000000000e+00
3.255088599835056406e-10	2.293744927068964046e+00	1.213480082966694518e+01	2.791146959329840471e-01	3.660057805634413935e-02	0.000000000000000000e+00
3.409285069746807543e-10	2.311240986707417733e+00	1.211035799046222294e+01	2.818113524476846266e-01	3.525066175968578908e-02	0.000000000000000000e+00
3.570785964900469852e-10	2.327875801716163817e+00	1.208458495216659934e+01	2.844449985049135043e-01	3.395338961502775837e-02	0.000000000000000000e+00
3.739937302478801677e-10	2.343643129629578770e+00	1.205750541726816749e+01	2.870147729930639380e-01	3.270747733802751439e-02	0.000000000000000000e+00
3.917101490809260641e-10	2.358539031025661981e+00	1.202914594537961257e+01	2.895199590500624476e-01	3.151160060702562493e-02	0.000000000000000000e+00
4.102658105827190344e-10	2.372561809019327672e+00	1.199953586606687850e+01	2.919599779551977914e-01	3.036439174557590756e-02	0.000000000000000000e+00
4.297004704320835313e-10	2.385711943382000211e+00	1.196870718416969126e+01	2.943343830442819997e-01	2.926445999543551488e-02	0.000000000000000000e+00
4.500557675700488183e-10	2.397992018058434649e+00	1.193669447277928697e+01	2.966428535963808732e-01	2.821039414660922798e-02	0.000000000000000000e+00
4.713753134116729086e-10	2.409406757797788234e+00	1.190353441512266386e+01	2.988852115353231031e-01	2.720076105554651569e-02	0.000000000000000000e+00
4.937047852839003559e-10	2.419963732504322618e+00	1.186926298398996593e+01	3.010615823346594055e-01	2.623404339005665567e-02	0.000000000000000000e+00
5.170920242896755486e-10	2.429672699869144026e+00	1.183391636376492251e+01	3.031722964193787062e-01	2.530868644542418402e-02	0.000000000000000000e+00
5.415871378079465267e-10	2.438545002916959969e+00	1.179753231483128673e+01	3.052177835650837223e-01	2.442316091540342946e-02	0.000000000000000000e+00
5.672426068491988835e-10	2.446593469853679093e+00	1.176015013895816530e+01	3.071985637910362166e-01	2.357595797785555156e-02	0.000000000000000000e+00
5.941133984965039838e-10	2.453832293897642902e+00	1.172181060446864542e+01	3.091152368791893479e-01	2.276560328638303765e-02	0.000000000000000000e+00
6.222570836730231313e-10	2.460276926448347723e+00	1.168255583016336274e+01	3.109684747415782935e-01	2.199065176947398101e-02	0.000000000000000000e+00
6.517339604882420571e-10	2.465943953322410120e+00	1.164242917198650673e+01	3.127590116894677363e-01	2.124969657220023359e-02	0.000000000000000000e+00
6.826071834272379248e-10	2.470850987322655623e+00	1.160147508815918194e+01	3.144876374040441180e-01	2.054137428666537660e-02	0.000000000000000000e+00
7.149428986597561750e-10	2.475016557722807153e+00	1.155973900534365306e+01	3.161551895622852215e-01	1.986434289204649234e-02	0.000000000000000000e+00
7.488103857590030225e-10	2.478460008570330331e+00	1.151726718091747870e+01	3.177625477342266302e-01	1.921732892841177681e-02	0.000000000000000000e+00
7.842822061337681836e-10	2.481201397076224335e+00	1.147410656533448226e+01	3.193106273201305467e-01	1.859908201857083526e-02	0.000000000000000000e+00
8.214343584919422200e-10	2.483261396916215613e+00	1.143030466878763995e+01	3.208003740021155847e-01	1.800839933591084213e-02	0.000000000000000000e+00
8.603464416684491388e-10	2.484661218484164547e+00	1.138590941237194443e+01	3.222327608128767173e-01	1.744411919813804862e-02	0.000000000000000000e+00
9.011018251665036851e-10	2.485422490752164482e+00	1.134096834649039920e+01	3.236087982874186753e-01	1.690511625676262286e-02	0.000000000000000000e+00
9.437878277775391497e-10	2.485567007920327143e+00	1.129552796753250732e+01	3.249295248743901410e-01	1.639029796777387304e-02	0.000000000000000000e+00
9.884959046625586031e-10	2.485116438664589644e+00	1.124963459682799893e+01	3.261959472777450908e-01	1.589862548375118798e-02	0.000000000000000000e+00
1.035321843295661502e-09	2.484092232966178759e+00	1.120333420512035261e+01	3.274090354603584885e-01	1.542910568375025285e-02	0.000000000000000000e+00
1.084365968689608688e-09	2.482515576786778144e+00	1.115667220289358497e+01	3.285697248557710726e-01	1.498079797138913982e-02	0.000000000000000000e+00
1.135733358343102889e-09	2.480407370778431986e+00	1.110969329521684301e+01	3.296789199177220242e-01	1.455279942059935737e-02	0.000000000000000000e+00
1.189534067370320724e-09	2.477788211792690820e+00	1.106244138153537548e+01	3.307374967421786716e-01	1.414425018806537114e-02	0.000000000000000000e+00
1.245883364295008068e-09	2.474678387851663164e+00	1.101495948840676320e+01	3.317463064902085867e-01	1.375433203416320978e-02	0.000000000000000000e+00
1.304901978014401580e-09	2.471097875199980365e+00	1.096728970750769960e+01	3.327061789209608822e-01	1.338225862335616634e-02	0.000000000000000000e+00
1.366716356462010101e-09	2.467066334543063455e+00	1.091947317867254874e+01	3.336179244296524349e-01	1.302728130573453831e-02	0.000000000000000000e+00
1.431458937523481393e-09	2.462603110605475987e+00	1.087155005522676277e+01	3.344823370118074068e-01	1.268868378745340725e-02	0.000000000000000000e+00
1.499268432786047049e-09	2.457727233258110378e+00	1.082355950089524477e+01	3.353001964303389260e-01	1.236578119481608791e-02	0.000000000000000000e+00
1.570290124729377524e-09	2.452457416882278363e+00	1.077553967965893555e+01	3.360722702949300866e-01	1.205792043477572212e-02	0.000000000000000000e+00
1.644676177994662829e-09	2.446812061168590180e+00	1.072752775647857604e+01	3.367993159362115407e-01	1.176447630365422617e-02	0.000000000000000000e+00
1.722585965398783835e-09	2.440809249733076669e+00	1.067955993573696460e+01	3.374820807179100268e-01	1.148485066748704264e-02	0.000000000000000000e+00
1.804186409392068039e-09	2.434466752771972331e+00	1.063167156542565905e+01	3.381213006983598279e-01	1.121847423324973114e-02	0.000000000000000000e+00
1.889652339691211477e-09	2.427802024160381045e+00	1.058389714787441527e+01	3.387177013265031955e-01	1.096480450059775583e-02	0.000000000000000000e+00
1.979166867853557524e-09	2.420832202126447452e+00	1.053627033078019259e+01	3.392719991885990716e-01	1.072332194899365890e-02	0.000000000000000000e+00
2.072921779595369695e-09	2.413574108766658011e+00	1.048882390508041773e+01	3.397849033232400173e-01	1.049353441704555662e-02	0.000000000000000000e+00
2.171117945694509622e-09	2.406044253575027270e+00	1.044158980123555480e+01	3.402571170969694858e-01	1.027496969574217406e-02	0.000000000000000000e+00
2.273965752357932151e-09	2.398258835308953341e+00	1.039459909623275813e+01	3.406893394508870854e-01	1.006717894901339172e-02	0.000000000000000000e+00
2.381685551976160644e-09	2.390233741891039987e+00	1.034788201407908481e+01	3.410822660220899083e-01	9.869732245499376888e-03	0.000000000000000000e+00
2.494508135230316413e-09	2.381984550272152834e+00	1.030146793356560408e+01	3.414365899591861320e-01	9.682222277572720762e-03	0.000000000000000000e+00
2.612675225563326382e-09	2.373526534540414623e+00	1.025538538716147841e+01	3.417530041532040874e-01	9.504257594857526414e-03	0.000000000000000000e+00
2.736439997074666368e-09	2.364874660666307804e+00	1.020966206978043012e+01	3.420322011789941885e-01	9.335466721607075039e-03	0.000000000000000000e+00
2.866067616948244470e-09	2.356043585725701384e+00	1.016432484374271894e+01	3.422748739269145246e-01	9.175493934166990134e-03	0.000000000000000000e+00
3.001835813575592210e-09	2.347047662401647194e+00	1.011939973742147458e+01	3.424817171513939162e-01	9.024000524187357486e-03	0.000000000000000000e+00
3.144035471591500167e-09	2.337900891022415273e+00	1.007491173936683104e+01	3.426534282454087310e-01	8.880663040958391638e-03	0.000000000000000000e+00
3.292971255097148186e-09	2.328616883279683858e+00	1.003088471590488240e+01	3.427907054707468038e-01	8.745171965842651884e-03	0.000000000000000000e+00
3.448962260405766611e-09	2.319208930676817104e+00	9.987341830141435395e+00	3.428942443259068162e-01	8.617232454927537325e-03	0.000000000000000000e+00
3.612342699709437910e-09	2.309690008736153821e+00	9.944305560105387798e+00	3.429647379962029174e-01	8.496565728154650485e-03	0.000000000000000000e+00
3.783462617131932968e-09	2.300072773415486438e+00	9.901797680211751995e+00	3.430028778579500282e-01	8.382905913670244888e-03	0.000000000000000000e+00
3.962688638701478467e-09	2.290369564196465202e+00	9.859839247065870893e+00	3.430093547800365239e-01	8.276000069148284691e-03	0.000000000000000000e+00
4.150404757850472502e-09	2.280592401871043506e+00	9.818450591399347616e+00	3.429848593831800740e-01	8.175608039851499712e-03	0.000000000000000000e+00
4.347013158125017173e-09	2.270752994495591537e+00	9.777651309400892998e+00	3.429300834964318367e-01	8.081501460670060741e-03	0.000000000000000000e+00
4.552935074866938773e-09	2.260862741490140326e+00	9.737460255974307088e+00	3.428457212374342866e-01	7.993462091804560271e-03	0.000000000000000000e+00
4.768611697714474181e-09	2.250932732280101600e+00	9.697895545288810482e+00	3.427324689669933866e-01	7.911283166623964483e-03	0.000000000000000000e+00
4.994505115855140358e-09	2.240973754188104294e+00	9.658974544150879638e+00	3.425910268485046206e-01	7.834766487757275494e-03	0.000000000000000000e+00
5.231099308056257792e-09	2.230996293941799546e+00	9.620713871366623593e+00	3.424220991895472466e-01	7.763724281473803092e-03	0.000000000000000000e+00
5.478901179593956120e-09	2.221010544568565503e+00	9.583129393175932265e+00	3.422263957000630241e-01	7.697976935335023446e-03	0.000000000000000000e+00
5.738441648302404521e-09	2.211026391966754545e+00	9.546236224747174148e+00	3.420046293576479712e-01	7.637352993060011856e-03	0.000000000000000000e+00
6.010276782070388176e-09	2.201053436237742744e+00	9.510048684634464067e+00	3.417575212512590221e-01	7.581688743596540735e-03	0.000000000000000000e+00
6.294988990221888141e-09	2.191100988713234887e+00	9.474580407077251465e+00	3.414857959921568376e-01	7.530828252986569021e-03	0.000000000000000000e+00
6.593188271333541710e-09	2.181178094073303431e+00	9.439844363365148538e+00	3.411901841935995883e-01	7.484622810470855162e-03	0.000000000000000000e+00
6.905513520162316861e-09	2.171293530639615277e+00	9.405852848065926253e+00	3.408714228043138172e-01	7.442929632101134493e-03	0.000000000000000000e+00
7.232633896483518810e-09	2.161455806649605460e+00	9.372617470449318589e+00	3.405302545719283702e-01	7.405613011336675648e-03	0.000000000000000000e+00
7.575250258771920716e-09	2.151673166290434480e+00	9.340149138775345250e+00	3.401674292443832570e-01	7.372543141200458075e-03	0.000000000000000000e+00
7.934096665797492339e-09	2.141953589109412803e+00	9.308458053119624154e+00	3.397837033798093431e-01	7.343595495308742442e-03	0.000000000000000000e+00
8.309941949353386453e-09	2.132304792439866592e+00	9.277553694534391937e+00	3.393798407143537865e-01	7.318649759808532052e-03	0.000000000000000000e+00
8.703591361485183753e-09	2.122734233487391098e+00	9.247444817344410595e+00	3.389566123163090250e-01	7.297591975328226142e-03	0.000000000000000000e+00
9.115888299750837812e-09	2.113249113364907839e+00	9.218139443424480106e+00	3.385147969324426853e-01	7.280311176149361838e-03	0.000000000000000000e+00
9.547716114208065503e-09	2.103856373107067856e+00	9.189644849063375531e+00	3.380551802763540059e-01	7.266701099269798521e-03	0.000000000000000000e+00
1.000000000000000021e-08	2.094562702882868610e+00	9.161967565777429101e+00	3.375785558675311604e-01	7.256657944006416998e-03	0.000000000000000000e+00
