pc	M	R	C	k2	j3
9.999999999999999799e-13	1.240356945903655778e-01	1.551422701430416673e+01	1.180556498058189796e-02	4.201678369888078163e-02	0.000000000000000000e+00
1.047370897959448749e-12	1.277814759831923108e-01	1.531103597864622046e+01	1.232348549655366832e-02	4.430595585499048222e-02	0.000000000000000000e+00
1.096985797892381920e-12	1.317206817332020330e-01	1.512082843427672429e+01	1.286318805864127002e-02	4.671941542727903185e-02	0.000000000000000000e+00
1.148951000187311009e-12	1.358577088964893209e-01	1.494309344299856868e+01	1.342499118451057245e-02	4.925507437471340205e-02	0.000000000000000000e+00
1.203377840777590522e-12	1.401971532279488175e-01	1.477730900174090145e+01	1.400922386948721780e-02	5.191005828772161240e-02	0.000000000000000000e+00
1.260382929679727463e-12	1.447438068370177633e-01	1.462294984368987905e+01	1.461622551833371801e-02	5.468069983351543650e-02	0.000000000000000000e+00
1.320088400831416649e-12	1.495026524065863893e-01	1.447949364411373274e+01	1.524634553638397685e-02	5.756255250005845592e-02	0.000000000000000000e+00
1.382622173764653478e-12	1.544788538910600861e-01	1.434642582507921915e+01	1.589994259851455760e-02	6.055041329367245179e-02	0.000000000000000000e+00
1.448118227674535917e-12	1.596777443056332790e-01	1.422324318668656851e+01	1.657738364559241395e-02	6.363834907585999567e-02	0.000000000000000000e+00
1.516716888470924089e-12	1.651048103100959119e-01	1.410945653339905626e+01	1.727904261126179258e-02	6.681972645131582789e-02	0.000000000000000000e+00
1.588565129428052692e-12	1.707656737068248276e-01	1.400459247579536637e+01	1.800529889455607102e-02	7.008725422970600583e-02	0.000000000000000000e+00
1.663816886076127415e-12	1.766660626571024684e-01	1.390819466607169375e+01	1.875653468207049562e-02	7.343302042466665069e-02	0.000000000000000000e+00
1.742633386009647278e-12	1.828116655512283251e-01	1.381982613675489091e+01	1.953311743569125999e-02	7.684847299233756035e-02	0.000000000000000000e+00
1.825183494319046040e-12	1.892082157718500690e-01	1.373906772316687963e+01	2.033541131479133998e-02	8.032455258896480099e-02	0.000000000000000000e+00
1.911644075385703708e-12	1.958616680460356918e-01	1.366551659202526636e+01	2.116379908931289092e-02	8.385186523935642122e-02	0.000000000000000000e+00
2.002200371815584363e-12	2.027782014514769859e-01	1.359878722265967532e+01	2.201868220063590495e-02	8.742074694956683545e-02	0.000000000000000000e+00
2.097046401323230665e-12	2.099642150379271155e-01	1.353851197027036690e+01	2.290047994964151262e-02	9.102136282277940860e-02	0.000000000000000000e+00
2.196385372416542332e-12	2.174263224449461962e-01	1.348434119667861175e+01	2.380962866842443668e-02	9.464373373869350292e-02	0.000000000000000000e+00
2.300430119772921506e-12	2.251713449985368598e-01	1.343594309990446334e+01	2.474658076941366192e-02	9.827782182008856782e-02	0.000000000000000000e+00
2.409403560239526876e-12	2.332063037290956486e-01	1.339300332140320648e+01	2.571180371572163656e-02	1.019135791834130389e-01	0.000000000000000000e+00
2.523539170434765862e-12	2.415384101507543346e-01	1.335522437980323396e+01	2.670577892048069113e-02	1.055410102931439997e-01	0.000000000000000000e+00
2.643081486974102692e-12	2.501750556026197114e-01	1.332232499073529475e+01	2.772900053842185242e-02	1.091502001388891530e-01	0.000000000000000000e+00
2.768286630392061017e-12	2.591237994698447622e-01	1.329403931848117537e+01	2.878197417181103945e-02	1.127314020928297938e-01	0.000000000000000000e+00
2.899422853882880921e-12	2.683923558465143300e-01	1.327011616123124149e+01	2.986521550506355746e-02	1.162750330724309916e-01	0.000000000000000000e+00
3.036771118035460378e-12	2.779885788483996145e-01	1.325031812683856636e+01	3.097924882877873404e-02	1.197717508311581386e-01	0.000000000000000000e+00
3.180625692794118977e-12	2.879204460612209138e-01	1.323442078254690912e+01	3.212460547615941797e-02	1.232124553970551928e-01	0.000000000000000000e+00
3.331294787934670055e-12	2.981960396162232074e-01	1.322221183790328602e+01	3.330182201790780894e-02	1.265883401662136476e-01	0.000000000000000000e+00
3.489101213406766494e-12	3.088234838440795382e-01	1.321349035319901333e+01	3.451143366400984125e-02	1.298909018993125719e-01	0.000000000000000000e+00
3.654383070957261569e-12	3.198109296314039507e-01	1.320806590788003376e+01	3.575397313266792665e-02	1.331119602945271541e-01	0.000000000000000000e+00
3.827494478516314936e-12	3.311665906134166337e-01	1.320575784810505304e+01	3.702997532018766774e-02	1.362437201052865976e-01	0.000000000000000000e+00
4.008806328898464320e-12	3.428987256523978733e-01	1.320639460671766763e+01	3.833997596622569504e-02	1.392787665811837383e-01	0.000000000000000000e+00
4.198707084443905621e-12	3.550156175947793424e-01	1.320981312967156995e+01	3.968450976441134648e-02	1.422100968322738967e-01	0.000000000000000000e+00
4.397603609302712498e-12	3.675255482774392179e-01	1.321585816831960791e+01	4.106410861716707633e-02	1.450311203097173762e-01	0.000000000000000000e+00
4.605922041145112927e-12	3.804367744141902707e-01	1.322438177669937609e+01	4.247929958962124580e-02	1.477356719879043268e-01	0.000000000000000000e+00
4.824108704165373984e-12	3.937574997409992172e-01	1.323524267590219594e+01	4.393060304759090207e-02	1.503180238075817465e-01	0.000000000000000000e+00
5.052631065335679604e-12	4.074958474982579570e-01	1.324830583044768595e+01	4.541853037928560155e-02	1.527728814344378183e-01	0.000000000000000000e+00
5.291978735958436557e-12	4.216598289726654625e-01	1.326344185314374258e+01	4.694358204624371478e-02	1.550953989515617137e-01	0.000000000000000000e+00
5.542664520663095602e-12	4.362573118477928724e-01	1.328052658800248409e+01	4.850624526270132242e-02	1.572811544222531555e-01	0.000000000000000000e+00
5.805225516094907684e-12	4.512959864278430766e-01	1.329944065522348851e+01	5.010699178607577742e-02	1.593261899163388451e-01	0.000000000000000000e+00
6.080224261649427052e-12	4.667833296799654419e-01	1.332006905841276989e+01	5.174627547565274766e-02	1.612269621771295625e-01	0.000000000000000000e+00
6.368249944718585906e-12	4.827265680649283630e-01	1.334230078615864556e+01	5.342452996937367693e-02	1.629803918345960889e-01	0.000000000000000000e+00
6.669919663030115058e-12	4.991326386660021597e-01	1.336602846685326718e+01	5.514216620494508114e-02	1.645838054189153188e-01	0.000000000000000000e+00
6.985879746785234820e-12	5.160081806008571803e-01	1.339114810295621538e+01	5.689957317377699469e-02	1.660349776552958179e-01	0.000000000000000000e+00
7.316807143427207274e-12	5.333595464895186655e-01	1.341755891009615098e+01	5.869712056887087248e-02	1.673321056083011404e-01	0.000000000000000000e+00
7.663410868007462274e-12	5.511927558534750471e-01	1.344516310791290081e+01	6.053515531387840959e-02	1.684738167915494356e-01	0.000000000000000000e+00
8.026433522257174683e-12	5.695134536775532386e-01	1.347386574537528325e+01	6.241399865484321963e-02	1.694591436324695832e-01	0.000000000000000000e+00
8.406652885618316356e-12	5.883268722207629642e-01	1.350357444026894527e+01	6.433394414654607096e-02	1.702875444627482970e-01	0.000000000000000000e+00
8.804883581643446547e-12	6.076377881392561742e-01	1.353419924820560105e+01	6.629525469280161953e-02	1.709588631144511317e-01	0.000000000000000000e+00
9.221978823334340144e-12	6.274504806290582826e-01	1.356565245843156475e+01	6.829816017521513072e-02	1.714733403616703622e-01	0.000000000000000000e+00
9.658832241158709141e-12	6.477686918480953793e-01	1.359784839380366961e+01	7.034285547793509008e-02	1.718315964596145717e-01	0.000000000000000000e+00
1.011637979766206976e-11	6.685955794700737531e-01	1.363070331535602797e+01	7.242949727162246998e-02	1.720346145355738932e-01	0.000000000000000000e+00
1.059560179277614774e-11	6.899336743537679562e-01	1.366413526517842314e+01	7.455820178054019254e-02	1.720837455738448984e-01	0.000000000000000000e+00
1.109752496412069864e-11	7.117848363475003381e-01	1.369806393028187941e+01	7.672904236890194796e-02	1.719807121838553832e-01	0.000000000000000000e+00
1.162322468679854125e-11	7.341502152920896807e-01	1.373241047909006696e+01	7.894204796649439970e-02	1.717274842198597551e-01	0.000000000000000000e+00
1.217382727739662020e-11	7.570301944235571234e-01	1.376709759805233624e+01	8.119719856449653106e-02	1.713264634142146192e-01	0.000000000000000000e+00
1.275051240713012859e-11	7.804243588681554211e-01	1.380204925981182207e+01	8.349442500476092488e-02	1.707803117878626820e-01	0.000000000000000000e+00
1.335451562929897339e-11	8.043314494852782381e-01	1.383719073127067212e+01	8.583360589962925336e-02	1.700919808161987234e-01	0.000000000000000000e+00
1.398713102647241439e-11	8.287495393624931816e-01	1.387244881082615322e+01	8.821458677830491812e-02	1.692647143685713507e-01	0.000000000000000000e+00
1.464971398307287854e-11	8.536762422038428610e-01	1.390775220318766969e+01	9.063720111974804539e-02	1.683020032561900747e-01	0.000000000000000000e+00
1.534368408930013065e-11	8.791084420148768119e-01	1.394303120543845687e+01	9.310124448873327574e-02	1.672075945190935331e-01	0.000000000000000000e+00
1.607052818261638620e-11	9.050422280354890603e-01	1.397821770605516001e+01	9.560646883957117648e-02	1.659854596933486026e-01	0.000000000000000000e+00
1.683180353330955093e-11	9.314728740086360981e-01	1.401324508911875810e+01	9.815258214871226683e-02	1.646397746179590615e-01	0.000000000000000000e+00
1.762914118095944293e-11	9.583947855536082416e-01	1.404804838930746946e+01	1.007392429075877893e-01	1.631749688122883513e-01	0.000000000000000000e+00
1.846424942895546448e-11	9.858014985984978606e-01	1.408256409552592636e+01	1.033660623538912027e-01	1.615956074528945297e-01	0.000000000000000000e+00
1.933891750455232057e-11	1.013685638814702417e+00	1.411673024053092895e+01	1.060326005495359908e-01	1.599064614203813683e-01	0.000000000000000000e+00
2.025501939230666486e-11	1.042038888463007851e+00	1.415048641096888637e+01	1.087383636840909551e-01	1.581124072119414747e-01	0.000000000000000000e+00
2.121451784910627571e-11	1.070851983022023335e+00	1.418377367167112801e+01	1.114828050551432553e-01	1.562185401455623845e-01	0.000000000000000000e+00
2.221946860939528424e-11	1.100114684982973712e+00	1.421653457520537778e+01	1.142653229358936429e-01	1.542300015220759712e-01	0.000000000000000000e+00
2.327202478960412005e-11	1.129815754596544153e+00	1.424871322793344497e+01	1.170852575470792412e-01	1.521520805721029435e-01	0.000000000000000000e+00
2.437444150122221807e-11	1.159942956238635858e+00	1.428025520666079906e+01	1.199418927879424279e-01	1.499901251209605768e-01	0.000000000000000000e+00
2.552908068239516723e-11	1.190483030090986771e+00	1.431110764287280190e+01	1.228344528793172685e-01	1.477495711978641380e-01	0.000000000000000000e+00
2.673841615839943880e-11	1.221421694639240885e+00	1.434121916704926392e+01	1.257621031963303548e-01	1.454359070268438636e-01	0.000000000000000000e+00
2.800503894183625342e-11	1.252743190851711041e+00	1.437053953635262005e+01	1.287239067424165162e-01	1.430546633243771348e-01	0.000000000000000000e+00
2.933166278390048099e-11	1.284429461684475804e+00	1.439901863741094346e+01	1.317187497627134996e-01	1.406115118425149968e-01	0.000000000000000000e+00
3.072112998861759207e-11	1.316460580287965421e+00	1.442660651441279285e+01	1.347453875076207452e-01	1.381121341197033559e-01	0.000000000000000000e+00
3.217641750250735458e-11	1.348814827774098113e+00	1.445325338369984713e+01	1.378024535383590710e-01	1.355621895859515369e-01	0.000000000000000000e+00
3.370064329271925032e-11	1.381468743795376986e+00	1.447890956449398203e+01	1.408884667418491832e-01	1.329673657489563732e-01	0.000000000000000000e+00
3.529707302730657668e-11	1.414397140265687858e+00	1.450352560213559094e+01	1.440018324777427028e-01	1.303332575419010042e-01	0.000000000000000000e+00
3.696912707195032437e-11	1.447573183440770572e+00	1.452705227853676462e+01	1.471408514199450124e-01	1.276654355343722624e-01	0.000000000000000000e+00
3.872038781812557004e-11	1.480968440807908681e+00	1.454944078595453227e+01	1.503037228040690343e-01	1.249693984479907788e-01	0.000000000000000000e+00
4.055460735840827506e-11	1.514552963998087254e+00	1.457064282597803384e+01	1.534885516153713381e-01	1.222505321734136396e-01	0.000000000000000000e+00
4.247571552536894126e-11	1.548295362470022418e+00	1.459061079570295938e+01	1.566933534648973225e-01	1.195141413802004726e-01	0.000000000000000000e+00
4.448782831127576069e-11	1.582162902751021116e+00	1.460929794818357585e+01	1.599160617925079741e-01	1.167654040247874114e-01	0.000000000000000000e+00
4.659525668664686662e-11	1.616121615496959540e+00	1.462665851999353883e+01	1.631545357033216126e-01	1.140093646082593476e-01	0.000000000000000000e+00
4.880251583654433574e-11	1.650136396700022434e+00	1.464264796385615774e+01	1.664065655418193457e-01	1.112509253965377060e-01	0.000000000000000000e+00
5.111433483440165318e-11	1.684171134811494941e+00	1.465722308530546414e+01	1.696698815923858017e-01	1.084948412040379340e-01	0.000000000000000000e+00
5.353566677410718816e-11	1.718188834827486744e+00	1.467034223532725967e+01	1.729421613370646649e-01	1.057456932970741725e-01	0.000000000000000000e+00
5.607169938205469661e-11	1.752152031682289834e+00	1.468196557374585609e+01	1.762210644329309517e-01	1.030078472923198207e-01	0.000000000000000000e+00
5.872786613189488850e-11	1.786023396497029569e+00	1.469205537442096698e+01	1.795042858410479947e-01	1.002854544100010015e-01	0.000000000000000000e+00
6.150985788580503926e-11	1.819765352534902458e+00	1.470057598391412768e+01	1.827895130346751662e-01	9.758242439511470578e-02	0.000000000000000000e+00
6.442363508721370414e-11	1.853340099874621449e+00	1.470749398876168534e+01	1.860744217112871024e-01	9.490249290221333678e-02	0.000000000000000000e+00
6.747544053110686101e-11	1.886709750190210144e+00	1.471277832654146600e+01	1.893566829387734185e-01	9.224917344839413114e-02	0.000000000000000000e+00
7.067181273927477085e-11	1.919836459978155441e+00	1.471640043711919432e+01	1.926339693402002728e-01	8.962576388030372987e-02	0.000000000000000000e+00
7.401959996915652408e-11	1.952682562832695146e+00	1.471833436101463732e+01	1.959039615844034576e-01	8.703534704117421583e-02	0.000000000000000000e+00
7.752597488629464062e-11	1.985210693415523808e+00	1.471855685213759202e+01	1.991643536465419473e-01	8.448079557614057711e-02	0.000000000000000000e+00
8.119844993184008328e-11	2.017383933275872732e+00	1.471704743621521416e+01	2.024128608174363686e-01	8.196475232563504854e-02	0.000000000000000000e+00
8.504489341802668113e-11	2.049165919009147352e+00	1.471378852027286577e+01	2.056472231346901935e-01	7.948964324000616644e-02	0.000000000000000000e+00
8.907354638610458163e-11	2.080520982647824368e+00	1.470876542539958010e+01	2.088652130144734165e-01	7.705767720932223119e-02	0.000000000000000000e+00
9.329304026284695888e-11	2.111414267080439444e+00	1.470196644749353254e+01	2.120646399862951559e-01	7.467084605730064939e-02	0.000000000000000000e+00
9.771241535346501225e-11	2.141811847589745188e+00	1.469338289824686505e+01	2.152433563370736158e-01	7.233092559503780106e-02	0.000000000000000000e+00
1.023411402105452712e-10	2.171680839265626606e+00	1.468300912791166013e+01	2.183992616701450062e-01	7.003948108316906951e-02	0.000000000000000000e+00
1.071891319205126445e-10	2.200989855605652412e+00	1.467084242384125581e+01	2.215303448016826549e-01	6.779785035687453665e-02	0.000000000000000000e+00
1.122667773510811312e-10	2.229711593972057759e+00	1.465688254329048945e+01	2.246349460493451966e-01	6.560697485892220959e-02	0.000000000000000000e+00
1.175849554052158201e-10	2.257822911815068778e+00	1.464113324444361908e+01	2.277117378919424617e-01	6.346748647747685323e-02	0.000000000000000000e+00
1.231550603292826197e-10	2.285304211406450570e+00	1.462360347774487579e+01	2.307596398269372018e-01	6.137979346705864370e-02	0.000000000000000000e+00
1.289890261253308184e-10	2.312139309878650462e+00	1.460430773024684292e+01	2.337777944348999049e-01	5.934411039525520903e-02	0.000000000000000000e+00
1.350993521198024986e-10	2.338315290917901468e+00	1.458326608088497700e+01	2.367655462695600066e-01	5.736049340360135917e-02	0.000000000000000000e+00
1.414991297434578731e-10	2.363822335117834239e+00	1.456050408572926358e+01	2.397224217095663135e-01	5.542887059602121663e-02	0.000000000000000000e+00
1.482020705798860072e-10	2.388653507823805811e+00	1.453605263987380170e+01	2.426481053728063719e-01	5.354902314679559766e-02	0.000000000000000000e+00
1.552225357427047968e-10	2.412804610128299831e+00	1.450994769575997978e+01	2.455424258096551571e-01	5.172065040962448706e-02	0.000000000000000000e+00
1.625755666443793407e-10	2.436273965934197872e+00	1.448223001381733610e+01	2.484053347525784217e-01	4.994333067499286821e-02	0.000000000000000000e+00
1.702769172225897821e-10	2.459062253567585010e+00	1.445294486914484722e+01	2.512368921384349196e-01	4.821657097031541855e-02	0.000000000000000000e+00
1.783430876931905687e-10	2.481172320574300372e+00	1.442214174989183562e+01	2.540372500673154788e-01	4.653981086963360214e-02	0.000000000000000000e+00
1.867913599020784805e-10	2.502609020443213872e+00	1.438987404699956585e+01	2.568066396143558472e-01	4.491240106307735347e-02	0.000000000000000000e+00
1.956398343517064725e-10	2.523379048708014771e+00	1.435619875464970185e+01	2.595453578224437008e-01	4.333366208736233460e-02	0.000000000000000000e+00
2.049074689815846066e-10	2.543490472934530455e+00	1.432117665519420946e+01	2.622537146357238336e-01	4.180286948435481958e-02	0.000000000000000000e+00
2.146141197858401440e-10	2.562947912227321101e+00	1.428487766566365202e+01	2.649314335653265018e-01	4.031957564848780151e-02	0.000000000000000000e+00
2.247805833548729991e-10	2.581749100765549088e+00	1.424737710686465419e+01	2.675773509646559023e-01	3.888364538513140040e-02	0.000000000000000000e+00
2.354286414322420067e-10	2.599885594231228225e+00	1.420874746213861251e+01	2.701896303989148596e-01	3.749506099717461044e-02	0.000000000000000000e+00
2.465811075822603842e-10	2.617342993287885111e+00	1.416905541816559655e+01	2.727658368267653066e-01	3.615381869305353546e-02	0.000000000000000000e+00
2.582618760682674929e-10	2.634101635986303425e+00	1.412836021301948186e+01	2.753030380978013225e-01	3.485989996257258389e-02	0.000000000000000000e+00
2.704959730463131364e-10	2.650137321739776564e+00	1.408671290631194672e+01	2.777978944748213941e-01	3.361323429795608914e-02	0.000000000000000000e+00
2.833096101839318258e-10	2.665422157322014485e+00	1.404415618226638784e+01	2.802467521469691469e-01	3.241366017698030233e-02	0.000000000000000000e+00
2.967302408188872501e-10	2.679925454822826403e+00	1.400072455548203898e+01	2.826457354836085512e-01	3.126090685687354237e-02	0.000000000000000000e+00
3.107866187782014063e-10	2.693614592837792365e+00	1.395644495585821154e+01	2.849908286909431099e-01	3.015461093897189859e-02	0.000000000000000000e+00
3.255088599835056406e-10	2.706455911642561496e+00	1.391133748527181346e+01	2.872779580647265019e-01	2.909428299636531573e-02	0.000000000000000000e+00
3.409285069746807543e-10	2.718415465878375237e+00	1.386541645290404290e+01	2.895030537207755605e-01	2.807932934926171686e-02	0.000000000000000000e+00
3.570785964900469852e-10	2.729459939513272815e+00	1.381869138547613396e+01	2.916621290943206546e-01	2.710904978820083411e-02	0.000000000000000000e+00
3.739937302478801677e-10	2.739557227220805746e+00	1.377116831242526729e+01	2.937513192120769223e-01	2.618264898071053642e-02	0.000000000000000000e+00
3.917101490809260641e-10	2.748677070476464479e+00	1.372285148947993072e+01	2.957669148489546762e-01	2.529925256378388540e-02	0.000000000000000000e+00
4.102658105827190344e-10	2.756788273276534529e+00	1.367375940585575833e+01	2.977047154686144892e-01	2.445819755372195814e-02	0.000000000000000000e+00
4.297004704320835313e-10	2.763855183937964810e+00	1.362393067400805258e+01	2.995594977947216853e-01	2.365918001993977740e-02	0.000000000000000000e+00
4.500557675700488183e-10	2.769838930483575101e+00	1.357340812923779794e+01	3.013254697614377586e-01	2.290199536106228215e-02	0.000000000000000000e+00
4.713753134116729086e-10	2.774699064204795729e+00	1.352223573424199543e+01	3.029965056507353260e-01	2.218646219716146478e-02	0.000000000000000000e+00
4.937047852839003559e-10	2.778395767778821135e+00	1.347045879925143552e+01	3.045663761230469335e-01	2.151236109121609785e-02	0.000000000000000000e+00
5.170920242896755486e-10	2.780892377421171346e+00	1.341812568450124488e+01	3.060289845333858394e-01	2.087939282249823281e-02	0.000000000000000000e+00
5.415871378079465267e-10	2.782157758939106884e+00	1.336529051585448080e+01	3.073785688951207740e-01	2.028716986226986041e-02	0.000000000000000000e+00
5.672426068491988835e-10	2.782168772371669263e+00	1.331201624904088376e+01	3.086099098352142467e-01	1.973520006538105262e-02	0.000000000000000000e+00
5.941133984965039838e-10	2.780912383769021279e+00	1.325837714388713628e+01	3.097185179512824682e-01	1.922287439787668389e-02	0.000000000000000000e+00
6.222570836730231313e-10	2.778387354907704498e+00	1.320443374125009761e+01	3.107014264254305824e-01	1.874919135593247632e-02	0.000000000000000000e+00
6.517339604882420571e-10	2.774608955051178771e+00	1.315021601081363301e+01	3.115581611174494392e-01	1.831253089327626246e-02	0.000000000000000000e+00
6.826071834272379248e-10	2.769612784222271973e+00	1.309575597557726745e+01	3.122904592294099557e-01	1.791092579446129651e-02	0.000000000000000000e+00
7.149428986597561750e-10	2.763453620451500115e+00	1.304109765587898018e+01	3.129019488745682920e-01	1.754220490111638858e-02	0.000000000000000000e+00
7.488103857590030225e-10	2.756202486104140537e+00	1.298629949768637637e+01	3.133977978878631498e-01	1.720409654674523448e-02	0.000000000000000000e+00
7.842822061337681836e-10	2.747943185868327642e+00	1.293143347679737865e+01	3.137843753246635781e-01	1.689429850359700988e-02	0.000000000000000000e+00
8.214343584919422200e-10	2.738765688347393645e+00	1.287656678068370297e+01	3.140689689735905454e-01	1.661045565556094200e-02	0.000000000000000000e+00
8.603464416684491388e-10	2.728756939764998446e+00	1.282174993176709421e+01	3.142590446063651122e-01	1.635027082075290322e-02	0.000000000000000000e+00
9.011018251665036851e-10	2.717999866157947420e+00	1.276704404919797575e+01	3.143614687783139461e-01	1.611174455857742813e-02	0.000000000000000000e+00
9.437878277775391497e-10	2.706571746438773740e+00	1.271251706188803787e+01	3.143824037226249368e-01	1.589315866464127008e-02	0.000000000000000000e+00
9.884959046625586031e-10	2.694543431917116205e+00	1.265823890649163275e+01	3.143273238879705778e-01	1.569304103622200589e-02	0.000000000000000000e+00
1.035321843295661502e-09	2.681979211822936637e+00	1.260427861845029085e+01	3.142010612608115427e-01	1.551011397110438859e-02	0.000000000000000000e+00
1.084365968689608688e-09	2.668938627922256224e+00	1.255070917551346810e+01	3.140078867439543564e-01	1.534330394074449010e-02	0.000000000000000000e+00
1.135733358343102889e-09	2.655481276044416639e+00	1.249762090782709834e+01	3.137517317269735706e-01	1.519172128420416719e-02	0.000000000000000000e+00
1.189534067370320724e-09	2.641663605246343138e+00	1.244510175827061360e+01	3.134363028180945365e-01	1.505456671057351335e-02	0.000000000000000000e+00
1.245883364295008068e-09	2.627538334274143406e+00	1.239323280233444713e+01	3.130651232065772005e-01	1.493109457658226349e-02	0.000000000000000000e+00
1.304901978014401580e-09	2.613154723902523902e+00	1.234208867183872194e+01	3.126415517858658344e-01	1.482061390445617473e-02	0.000000000000000000e+00
1.366716356462010101e-09	2.598558765157442441e+00	1.229173785251083295e+01	3.121687951863043042e-01	1.472248348122771888e-02	0.000000000000000000e+00
1.431458937523481393e-09	2.583793414223151341e+00	1.224224318725586791e+01	3.116499199187529046e-01	1.463610615484172567e-02	0.000000000000000000e+00
1.499268432786047049e-09	2.568899232021453649e+00	1.219366382540046878e+01	3.110878765022419001e-01	1.456092447364156113e-02	0.000000000000000000e+00
1.570290124729377524e-09	2.553914280252558733e+00	1.214605525943685116e+01	3.104854827636437942e-01	1.449642458956701928e-02	0.000000000000000000e+00
1.644676177994662829e-09	2.538874097716719014e+00	1.209946879063203440e+01	3.098454308458769568e-01	1.444214626663594542e-02	0.000000000000000000e+00
1.722585965398783835e-09	2.523811678089590504e+00	1.205395157375927617e+01	3.091702792506372255e-01	1.439764286223598963e-02	0.000000000000000000e+00
1.804186409392068039e-09	2.508757620659173071e+00	1.200954667512326779e+01	3.084624653925340798e-01	1.436251937835761154e-02	0.000000000000000000e+00
1.889652339691211477e-09	2.493740335416391840e+00	1.196629356757082263e+01	3.077243137249053295e-01	1.433640307276735568e-02	0.000000000000000000e+00
1.979166867853557524e-09	2.478787476128180511e+00	1.192423186045947858e+01	3.069581128562364203e-01	1.431895553249171692e-02	0.000000000000000000e+00
2.072921779595369695e-09	2.463925585274908236e+00	1.188339968653014367e+01	3.061661110984141843e-01	1.430985383512823998e-02	0.000000000000000000e+00
2.171117945694509622e-09	2.449179313226034882e+00	1.184383116371830447e+01	3.053504819337533038e-01	1.430880211541016127e-02	0.000000000000000000e+00
2.273965752357932151e-09	2.434571495047572753e+00	1.180555652408340173e+01	3.045133260795384045e-01	1.431551396171923049e-02	0.000000000000000000e+00
2.381685551976160644e-09	2.420123259972186691e+00	1.176860227643605938e+01	3.036566767591932781e-01	1.432972083994452084e-02	0.000000000000000000e+00
2.494508135230316413e-09	2.405854103782553821e+00	1.173299147821157185e+01	3.027824975689870635e-01	1.435116836388650174e-02	0.000000000000000000e+00
2.612675225563326382e-09	2.391782622518191292e+00	1.169874519716102945e+01	3.018927331368463363e-01	1.437961236746831441e-02	0.000000000000000000e+00
2.736439997074666368e-09	2.377926568589325829e+00	1.166588273872162596e+01	3.009893073675569131e-01	1.441481558216468895e-02	0.000000000000000000e+00
2.866067616948244470e-09	2.364302401240646834e+00	1.163442024047563272e+01	3.000740996328670751e-01	1.445655275238368759e-02	0.000000000000000000e+00
3.001835813575592210e-09	2.350925279143965430e+00	1.160437073967204036e+01	2.991489381501619693e-01	1.450460457025676275e-02	0.000000000000000000e+00
3.144035471591500167e-09	2.337809145199653216e+00	1.157574430075229621e+01	2.982156034976033432e-01	1.455875642398117217e-02	0.000000000000000000e+00
3.292971255097148186e-09	2.324966786555395792e+00	1.154854816114909433e+01	2.972758286197885180e-01	1.461880217990572418e-02	0.000000000000000000e+00
3.448962260405766611e-09	2.312410236375545658e+00	1.152278754596888355e+01	2.963313255285459080e-01	1.468453706720445132e-02	0.000000000000000000e+00
3.612342699709437910e-09	2.300151088317561765e+00	1.149846619328678443e+01	2.953838090170553543e-01	1.475575583417001145e-02	0.000000000000000000e+00
3.783462617131932968e-09	2.288199983714475305e+00	1.147558517226999975e+01	2.944349582819695277e-01	1.483225674423772553e-02	0.000000000000000000e+00
3.962688638701478467e-09	2.276566569440589216e+00	1.145414286401938142e+01	2.934864083939274781e-01	1.491383630161793698e-02	0.000000000000000000e+00
4.150404757850472502e-09	2.265259580349966217e+00	1.143413505156627430e+01	2.925397550270793512e-01	1.500029428483691529e-02	0.000000000000000000e+00
4.347013158125017173e-09	2.254286833052932426e+00	1.141555504813896249e+01	2.915965469259553244e-01	1.509142943804052568e-02	0.000000000000000000e+00
4.552935074866938773e-09	2.243655449273686653e+00	1.139839399577678947e+01	2.906583038612409187e-01	1.518703812155837093e-02	0.000000000000000000e+00
4.768611697714474181e-09	2.233372124990019802e+00	1.138264133054282112e+01	2.897265367005595338e-01	1.528691463122040448e-02	0.000000000000000000e+00
4.994505115855140358e-09	2.223442821417209725e+00	1.136828420812065588e+01	2.888027192669626042e-01	1.539084225351890559e-02	0.000000000000000000e+00
5.231099308056257792e-09	2.213872714926003127e+00	1.135530745428578037e+01	2.878882801527193891e-01	1.549861284785016523e-02	0.000000000000000000e+00
5.478901179593956120e-09	2.204666222105537976e+00	1.134369367022500263e+01	2.869846004514660098e-01	1.561000732008504914e-02	0.000000000000000000e+00
5.738441648302404521e-09	2.195827030773010335e+00	1.133342333571382987e+01	2.860930125085602849e-01	1.572480844970211220e-02	0.000000000000000000e+00
6.010276782070388176e-09	2.187358189975468381e+00	1.132447496669776221e+01	2.852148051971309939e-01	1.584279073529835935e-02	0.000000000000000000e+00
6.294988990221888141e-09	2.179262392080671962e+00	1.131682542363475363e+01	2.843512507317108584e-01	1.596372314832710665e-02	0.000000000000000000e+00
6.593188271333541710e-09	2.171541745979830296e+00	1.131044961682502148e+01	2.835035805499962480e-01	1.608736850561214710e-02	0.000000000000000000e+00
6.905513520162316861e-09	2.164197667016718896e+00	1.130532046535044444e+01	2.826729700183957528e-01	1.621348523190661861e-02	0.000000000000000000e+00
7.232633896483518810e-09	2.157230899180392125e+00	1.130140900704951079e+01	2.818605367684042240e-01	1.634182866947666776e-02	0.000000000000000000e+00
7.575250258771920716e-09	2.150641538571874900e+00	1.129868450984652561e+01	2.810673394044720941e-01	1.647214914932100191e-02	0.000000000000000000e+00
7.934096665797492339e-09	2.144429047287111256e+00	1.129711459087599401e+01	2.802943750066633766e-01	1.660419472562675580e-02	0.000000000000000000e+00
8.309941949353386453e-09	2.138592279260489448e+00	1.129666533789024285e+01	2.795425783828961452e-01	1.673771327314337032e-02	0.000000000000000000e+00
8.703591361485183753e-09	2.133129507386174240e+00	1.129730141578959923e+01	2.788128220980132799e-01	1.687244317802306243e-02	0.000000000000000000e+00
9.115888299750837812e-09	2.128038431644031281e+00	1.129898621279227200e+01	2.781059132756720231e-01	1.700812834193559178e-02	0.000000000000000000e+00
9.547716114208065503e-09	2.123316207714780024e+00	1.130168194690961059e+01	2.774225942940881096e-01	1.714450676065433846e-02	0.000000000000000000e+00
1.000000000000000021e-08	2.118959469812253360e+00	1.130534980494105213e+01	2.767635421469204493e-01	1.728131778063013435e-02	0.000000000000000000e+00
