pc	M	R	C	k2	j3
9.999999999999999799e-13	1.122970903246278546e-01	3.138820711855012391e+01	5.282898040970574437e-03	9.842138488758060775e-04	0.000000000000000000e+00
1.047370897959448749e-12	1.150994533202722853e-01	2.983884451485092271e+01	5.695888701122438398e-03	1.231786360702699168e-03	0.000000000000000000e+00
1.096985797892381920e-12	1.179658399750213166e-01	2.847372409092794143e+01	6.117616197323000153e-03	1.522984356823959716e-03	0.000000000000000000e+00
1.148951000187311009e-12	1.208964365652810818e-01	2.726226823262462773e+01	6.548197183871112305e-03	1.860999997910380748e-03	0.000000000000000000e+00
1.203377840777590522e-12	1.238916166020886112e-01	2.618025670417055295e+01	6.987764407345843296e-03	2.248746020735232359e-03	0.000000000000000000e+00
1.260382929679727463e-12	1.269519174484337043e-01	2.520826377443080801e+01	7.436465461293523087e-03	2.688803490118075491e-03	0.000000000000000000e+00
1.320088400831416649e-12	1.300780435669834922e-01	2.433052786903663645e+01	7.894464933246797891e-03	3.183440939402704117e-03	0.000000000000000000e+00
1.382622173764653478e-12	1.332710104953037378e-01	2.353409534816052329e+01	8.361966378770076258e-03	3.734567921576691964e-03	0.000000000000000000e+00
1.448118227674535917e-12	1.365321312605405069e-01	2.280823303452836370e+01	8.839210227337636686e-03	4.343826242431760715e-03	0.000000000000000000e+00
1.516716888470924089e-12	1.398629619690803516e-01	2.214398941794303610e+01	9.326465566249067529e-03	5.012526938052213818e-03	0.000000000000000000e+00
1.588565129428052692e-12	1.432653077178601964e-01	2.153384380885250593e+01	9.824030752887416562e-03	5.741698754300817061e-03	0.000000000000000000e+00
1.663816886076127415e-12	1.467412308072105209e-01	2.097143497334559470e+01	1.033223426182760737e-02	6.532083947557565558e-03	0.000000000000000000e+00
1.742633386009647278e-12	1.502930604822885763e-01	2.045134919463142253e+01	1.085143564619242204e-02	7.384197834876601342e-03	0.000000000000000000e+00
1.825183494319046040e-12	1.539234271771575402e-01	1.996895024289270992e+01	1.138202996864993988e-02	8.298309886462400253e-03	0.000000000000000000e+00
1.911644075385703708e-12	1.576354835066617888e-01	1.952022353812665756e+01	1.192447950495728257e-02	9.274546893056491437e-03	0.000000000000000000e+00
2.002200371815584363e-12	1.614328153648331154e-01	1.910169122106190898e+01	1.247930029556672087e-02	1.031289932252107099e-02	0.000000000000000000e+00
2.097046401323230665e-12	1.653193195785247760e-01	1.871034206324949878e+01	1.304704369373873608e-02	1.141322526470235112e-02	0.000000000000000000e+00
2.196385372416542332e-12	1.692992196213021772e-01	1.834355783198045842e+01	1.362829789394646822e-02	1.257523629087495612e-02	0.000000000000000000e+00
2.300430119772921506e-12	1.733770849898524646e-01	1.799905309508275408e+01	1.422368984728654417e-02	1.379854185028401604e-02	0.000000000000000000e+00
2.409403560239526876e-12	1.775578530708417091e-01	1.767482581825704102e+01	1.483388738251589963e-02	1.508265517764770594e-02	0.000000000000000000e+00
2.523539170434765862e-12	1.818468549353408070e-01	1.736911646598064962e+01	1.545960175125002042e-02	1.642702776726607389e-02	0.000000000000000000e+00
2.643081486974102692e-12	1.862499173477458747e-01	1.708036920442421547e+01	1.610160133827722925e-02	1.783105067123190099e-02	0.000000000000000000e+00
2.768286630392061017e-12	1.907733203437104452e-01	1.680720815476911412e+01	1.676070548260370080e-02	1.929412386320965983e-02	0.000000000000000000e+00
2.899422853882880921e-12	1.954236270355074745e-01	1.654842272953674254e+01	1.743776008067348532e-02	2.081549235895441274e-02	0.000000000000000000e+00
3.036771118035460378e-12	2.002076817453770641e-01	1.630294453933915122e+01	1.813363712534186989e-02	2.239435105385873329e-02	0.000000000000000000e+00
3.180625692794118977e-12	2.051326215383073026e-01	1.606982753141928200e+01	1.884923589147862594e-02	2.402974993070095683e-02	0.000000000000000000e+00
3.331294787934670055e-12	2.102058891824024611e-01	1.584823136630930485e+01	1.958548413682504458e-02	2.572066786187561169e-02	0.000000000000000000e+00
3.489101213406766494e-12	2.154352467910969626e-01	1.563740742703580544e+01	2.034333926553776387e-02	2.746596105733969950e-02	0.000000000000000000e+00
3.654383070957261569e-12	2.208287863599704137e-01	1.543668713015578753e+01	2.112378889779407617e-02	2.926435955603989836e-02	0.000000000000000000e+00
3.827494478516314936e-12	2.263948094549632084e-01	1.524547612058558599e+01	2.192783267435850433e-02	3.111445130438491441e-02	0.000000000000000000e+00
4.008806328898464320e-12	2.321417158570448502e-01	1.506324702897918577e+01	2.275646643598990687e-02	3.301460931570780744e-02	0.000000000000000000e+00
4.198707084443905621e-12	2.380780800192117685e-01	1.488952678969763532e+01	2.361069391209367346e-02	3.496299899535646599e-02	0.000000000000000000e+00
4.397603609302712498e-12	2.442126486718577960e-01	1.472388892349603040e+01	2.449152660785293076e-02	3.695760208749964554e-02	0.000000000000000000e+00
4.605922041145112927e-12	2.505543308224207899e-01	1.456594722628495298e+01	2.539998246514449734e-02	3.899616559889530071e-02	0.000000000000000000e+00
4.824108704165373984e-12	2.571121855525681510e-01	1.441535029897494447e+01	2.633708435142512530e-02	4.107624746630712809e-02	0.000000000000000000e+00
5.052631065335679604e-12	2.638954079254380303e-01	1.427177686683981328e+01	2.730385827693998860e-02	4.319514698947349296e-02	0.000000000000000000e+00
5.291978735958436557e-12	2.709133124429718986e-01	1.413493174984993139e+01	2.830133131882207539e-02	4.534993628147912514e-02	0.000000000000000000e+00
5.542664520663095602e-12	2.781752811111752322e-01	1.400454287156170530e+01	2.933052476751346269e-02	4.753742646143546691e-02	0.000000000000000000e+00
5.805225516094907684e-12	2.856903682382915810e-01	1.388036395511333687e+01	3.039239885256593901e-02	4.975407659069205207e-02	0.000000000000000000e+00
6.080224261649427052e-12	2.934674323148465103e-01	1.376216741562778267e+01	3.148787194450849286e-02	5.199600682148857594e-02	0.000000000000000000e+00
6.368249944718585906e-12	3.015154018718733120e-01	1.364973728043553436e+01	3.261785847275269073e-02	5.425914487544679365e-02	0.000000000000000000e+00
6.669919663030115058e-12	3.098432592413979392e-01	1.354286786975050028e+01	3.378326703792723651e-02	5.653919721958441252e-02	0.000000000000000000e+00
6.985879746785234820e-12	3.184600149612737963e-01	1.344136264184689722e+01	3.498499755397588284e-02	5.883166153789639446e-02	0.000000000000000000e+00
7.316807143427207274e-12	3.273746792186587595e-01	1.334503316450100741e+01	3.622393813823503173e-02	6.113184584013168360e-02	0.000000000000000000e+00
7.663410868007462274e-12	3.365962295449578812e-01	1.325369814146456271e+01	3.750096183082939072e-02	6.343486892924321552e-02	0.000000000000000000e+00
8.026433522257174683e-12	3.461335751596185117e-01	1.316718254189871828e+01	3.881692306215876048e-02	6.573565442672475723e-02	0.000000000000000000e+00
8.406652885618316356e-12	3.559955173686016883e-01	1.308531678935060860e+01	4.017265391098560900e-02	6.802898043455986310e-02	0.000000000000000000e+00
8.804883581643446547e-12	3.661905537032343894e-01	1.300793714998878947e+01	4.156893922633282668e-02	7.030942664709649570e-02	0.000000000000000000e+00
9.221978823334340144e-12	3.767263641010483166e-01	1.293488789948207440e+01	4.300644851709422428e-02	7.257130661580700470e-02	0.000000000000000000e+00
9.658832241158709141e-12	3.876103160580586238e-01	1.286601612068000833e+01	4.448580674715148231e-02	7.480884197350795572e-02	0.000000000000000000e+00
1.011637979766206976e-11	3.988496173167289105e-01	1.280117045931178055e+01	4.600761645456590693e-02	7.701623164533331900e-02	0.000000000000000000e+00
1.059560179277614774e-11	4.104512773790768287e-01	1.274020132918780845e+01	4.757245407691952643e-02	7.918765455031850919e-02	0.000000000000000000e+00
1.109752496412069864e-11	4.224220680716940235e-01	1.268296101198390602e+01	4.918086648816986234e-02	8.131731624543746262e-02	0.000000000000000000e+00
1.162322468679854125e-11	4.347684794867135993e-01	1.262930369749030923e+01	5.083336723040800254e-02	8.339946148318605479e-02	0.000000000000000000e+00
1.217382727739662020e-11	4.474966732319519691e-01	1.257908549417819621e+01	5.253043258950178263e-02	8.542843497803571939e-02	0.000000000000000000e+00
1.275051240713012859e-11	4.606124322689003625e-01	1.253216436058469263e+01	5.427249767182890094e-02	8.739856695130579500e-02	0.000000000000000000e+00
1.335451562929897339e-11	4.741211093536717991e-01	1.248840005601311454e+01	5.605995236159264788e-02	8.930445243847635883e-02	0.000000000000000000e+00
1.398713102647241439e-11	4.880275204893186336e-01	1.244765417725233547e+01	5.789313047647422217e-02	9.114071044906178753e-02	0.000000000000000000e+00
1.464971398307287854e-11	5.023354425069241902e-01	1.240979120536727720e+01	5.977224687847321888e-02	9.290211503336699705e-02	0.000000000000000000e+00
1.534368408930013065e-11	5.170478707065465640e-01	1.237467746173750349e+01	6.169743382741857407e-02	9.458362189871838410e-02	0.000000000000000000e+00
1.607052818261638620e-11	5.321673187790448845e-01	1.234218041061176585e+01	6.366878247007445868e-02	9.618044476270608267e-02	0.000000000000000000e+00
1.683180353330955093e-11	5.476957801257968939e-01	1.231216895310905812e+01	6.568633991617695012e-02	9.768812462696492560e-02	0.000000000000000000e+00
1.762914118095944293e-11	5.636346861023125987e-01	1.228451372316057544e+01	6.775010568033200398e-02	9.910250434436838896e-02	0.000000000000000000e+00
1.846424942895546448e-11	5.799848583338510499e-01	1.225908710188415363e+01	6.986002872264139574e-02	1.004197638689198618e-01	0.000000000000000000e+00
1.933891750455232057e-11	5.967464644755042791e-01	1.223576349342138414e+01	7.201600335139810016e-02	1.016364072233060800e-01	0.000000000000000000e+00
2.025501939230666486e-11	6.139189702748775179e-01	1.221441922237905686e+01	7.421786666030705248e-02	1.027493403452946902e-01	0.000000000000000000e+00
2.121451784910627571e-11	6.315010932195128657e-01	1.219493266331805614e+01	7.646539479117139826e-02	1.037558189093762129e-01	0.000000000000000000e+00
2.221946860939528424e-11	6.494907550911501737e-01	1.217718419769455096e+01	7.875829999350712762e-02	1.046534848949870339e-01	0.000000000000000000e+00
2.327202478960412005e-11	6.678849075466953833e-01	1.216105635658291995e+01	8.109621102804344395e-02	1.054403837033437014e-01	0.000000000000000000e+00
2.437444150122221807e-11	6.866793687613987895e-01	1.214643391079850865e+01	8.347865492942430077e-02	1.061148925929520093e-01	0.000000000000000000e+00
2.552908068239516723e-11	7.058691200789838360e-01	1.213320375924552508e+01	8.590509592209209788e-02	1.066759107069222140e-01	0.000000000000000000e+00
2.673841615839943880e-11	7.254483312057584676e-01	1.212125501395029303e+01	8.837494016747829417e-02	1.071227038498578088e-01	0.000000000000000000e+00
2.800503894183625342e-11	7.454103298085110740e-01	1.211047910114647941e+01	9.088753341896706195e-02	1.074549651820126128e-01	0.000000000000000000e+00
2.933166278390048099e-11	7.657475710775132338e-01	1.210076986141989508e+01	9.344215840083056057e-02	1.076728084566076771e-01	0.000000000000000000e+00
3.072112998861759207e-11	7.864516163671629867e-01	1.209202353318140410e+01	9.603803392569250363e-02	1.077768272891954787e-01	0.000000000000000000e+00
3.217641750250735458e-11	8.075131050417146961e-01	1.208413885042492275e+01	9.867431209426662242e-02	1.077677533539746491e-01	0.000000000000000000e+00
3.370064329271925032e-11	8.289217380671043411e-01	1.207701697784215611e+01	1.013500779719599537e-01	1.076470791922247427e-01	0.000000000000000000e+00
3.529707302730657668e-11	8.506662568615659392e-01	1.207056158631136356e+01	1.040643473620624371e-01	1.074164312959619977e-01	0.000000000000000000e+00
3.696912707195032437e-11	8.727344362382779552e-01	1.206467880856491526e+01	1.068160670456828609e-01	1.070778436537399569e-01	0.000000000000000000e+00
3.872038781812557004e-11	8.951131410814681111e-01	1.205927726797736099e+01	1.096041220001919003e-01	1.066336953322680053e-01	0.000000000000000000e+00
4.055460735840827506e-11	9.177883937857129748e-01	1.205426819436457997e+01	1.124273428696300481e-01	1.060866769191845110e-01	0.000000000000000000e+00
4.247571552536894126e-11	9.407453777095154956e-01	1.204956552755994004e+01	1.152845053167451811e-01	1.054397931261560617e-01	0.000000000000000000e+00
4.448782831127576069e-11	9.639684441347807775e-01	1.204508595841931751e+01	1.181743300069783148e-01	1.046963200579730108e-01	0.000000000000000000e+00
4.659525668664686662e-11	9.874411162775259543e-01	1.204074900765127687e+01	1.210954815211447710e-01	1.038597977149679635e-01	0.000000000000000000e+00
4.880251583654433574e-11	1.011146115436986515e+00	1.203647694602919138e+01	1.240465712260411940e-01	1.029339866907219569e-01	0.000000000000000000e+00
5.111433483440165318e-11	1.035065362068596340e+00	1.203219492928634970e+01	1.270261546463342384e-01	1.019228722743059784e-01	0.000000000000000000e+00
5.353566677410718816e-11	1.059180006903244209e+00	1.202783092506182427e+01	1.300327342873786596e-01	1.008306029634940121e-01	0.000000000000000000e+00
5.607169938205469661e-11	1.083470451022879200e+00	1.202331576048270989e+01	1.330647596006869215e-01	9.966143742061757405e-02	0.000000000000000000e+00
5.872786613189488850e-11	1.107916388059490664e+00	1.201858308427642541e+01	1.361206302837699444e-01	9.842002993792703380e-02	0.000000000000000000e+00
6.150985788580503926e-11	1.132497032353033228e+00	1.201356932609768613e+01	1.391987222570161831e-01	9.711072938451494052e-02	0.000000000000000000e+00
6.442363508721370414e-11	1.157191187808686683e+00	1.200821375798386370e+01	1.422973927007951667e-01	9.573821838440317589e-02	0.000000000000000000e+00
6.747544053110686101e-11	1.181977102187349526e+00	1.200245847497099305e+01	1.454149593381953154e-01	9.430717997163361177e-02	0.000000000000000000e+00
7.067181273927477085e-11	1.206832502350945857e+00	1.199624839444044433e+01	1.485497014812532934e-01	9.282229652996272506e-02	0.000000000000000000e+00
7.401959996915652408e-11	1.231734631296118154e+00	1.198953129236999793e+01	1.516998605883228823e-01	9.128833336618304151e-02	0.000000000000000000e+00
7.752597488629464062e-11	1.256660325455427829e+00	1.198225769905788241e+01	1.548636473063259023e-01	8.970995562930471345e-02	0.000000000000000000e+00
8.119844993184008328e-11	1.281586023178965750e+00	1.197438107303474908e+01	1.580392363187395344e-01	8.809186058056830970e-02	0.000000000000000000e+00
8.504489341802668113e-11	1.306487871117275601e+00	1.196585759779526548e+01	1.612247778436235734e-01	8.643868256661801919e-02	0.000000000000000000e+00
8.907354638610458163e-11	1.331341743507148845e+00	1.195664633267516130e+01	1.644183936748567221e-01	8.475497175374072101e-02	0.000000000000000000e+00
9.329304026284695888e-11	1.356123347852983940e+00	1.194670905431409480e+01	1.676181877947860999e-01	8.304521244030672877e-02	0.000000000000000000e+00
9.771241535346501225e-11	1.380808344223161122e+00	1.193601033483761320e+01	1.708222554169158136e-01	8.131377954178460599e-02	0.000000000000000000e+00
1.023411402105452712e-10	1.405372350156278038e+00	1.192451727940688677e+01	1.740286826058529968e-01	7.956492004253690187e-02	0.000000000000000000e+00
1.071891319205126445e-10	1.429790797103864586e+00	1.191219952964590156e+01	1.772355238270640065e-01	7.780275329618151214e-02	0.000000000000000000e+00
1.122667773510811312e-10	1.454039015452630146e+00	1.189902912440654070e+01	1.804408097525839194e-01	7.603128216060098254e-02	0.000000000000000000e+00
1.175849554052158201e-10	1.478092290943064491e+00	1.188498052102390012e+01	1.836425491833713064e-01	7.425434075815851021e-02	0.000000000000000000e+00
1.231550603292826197e-10	1.501925967732306022e+00	1.187003050654269742e+01	1.868387383760744813e-01	7.247561074499790645e-02	0.000000000000000000e+00
1.289890261253308184e-10	1.525515506541887056e+00	1.185415824531599682e+01	1.900273627114137387e-01	7.069861549389122590e-02	0.000000000000000000e+00
1.350993521198024986e-10	1.548836598588001712e+00	1.183734518687858461e+01	1.932064074663394915e-01	6.892671347550285987e-02	0.000000000000000000e+00
1.414991297434578731e-10	1.571865216044776581e+00	1.181957513230838330e+01	1.963738582123336351e-01	6.716305619355288081e-02	0.000000000000000000e+00
1.482020705798860072e-10	1.594577727357912256e+00	1.180083415652804391e+01	1.995277116297611841e-01	6.541064468960806899e-02	0.000000000000000000e+00
1.552225357427047968e-10	1.616950896896666601e+00	1.178111063984182394e+01	2.026659701627588073e-01	6.367227816732393131e-02	0.000000000000000000e+00
1.625755666443793407e-10	1.638961787727672759e+00	1.176039510024121704e+01	2.057866278993985276e-01	6.195063053382812712e-02	0.000000000000000000e+00
1.702769172225897821e-10	1.660587812680263342e+00	1.173867999732895839e+01	2.088876757373702986e-01	6.024810383531775670e-02	0.000000000000000000e+00
1.783430876931905687e-10	1.681806729863399630e+00	1.171595980173546359e+01	2.119670951233063871e-01	5.856699676216655520e-02	0.000000000000000000e+00
1.867913599020784805e-10	1.702596838302544713e+00	1.169223076662397354e+01	2.150228823812190271e-01	5.690940831508276704e-02	0.000000000000000000e+00
1.956398343517064725e-10	1.722937020345399528e+00	1.166749099027024883e+01	2.180530489018993878e-01	5.527724481617717067e-02	0.000000000000000000e+00
2.049074689815846066e-10	1.742806842397032652e+00	1.164174038673708012e+01	2.210556304453245580e-01	5.367224785196007819e-02	0.000000000000000000e+00
2.146141197858401440e-10	1.762186645309034683e+00	1.161498067980300064e+01	2.240286949302131847e-01	5.209597475914647113e-02	0.000000000000000000e+00
2.247805833548729991e-10	1.781057624463138200e+00	1.158721539280788448e+01	2.269703492109499676e-01	5.054981813273162067e-02	0.000000000000000000e+00
2.354286414322420067e-10	1.799401959480249724e+00	1.155844978436893378e+01	2.298787535074487687e-01	4.903499599654078528e-02	0.000000000000000000e+00
2.465811075822603842e-10	1.817202934914485590e+00	1.152869063411582395e+01	2.327521381666952383e-01	4.755255751035553785e-02	0.000000000000000000e+00
2.582618760682674929e-10	1.834444809713248636e+00	1.149794639375570249e+01	2.355887814242509093e-01	4.610339688301830913e-02	0.000000000000000000e+00
2.704959730463131364e-10	1.851112837884493878e+00	1.146622719296773596e+01	2.383870092496097048e-01	4.468826931388147211e-02	0.000000000000000000e+00
2.833096101839318258e-10	1.867193336453631503e+00	1.143354480526914685e+01	2.411452023019638458e-01	4.330777942366862560e-02	0.000000000000000000e+00
2.967302408188872501e-10	1.882673721769872799e+00	1.139991265490753314e+01	2.438617982583049237e-01	4.196241514643865578e-02	0.000000000000000000e+00
3.107866187782014063e-10	1.897542595852901748e+00	1.136534575294792404e+01	2.465353024031373130e-01	4.065250549016408838e-02	0.000000000000000000e+00
3.255088599835056406e-10	1.911789756835790666e+00	1.132986073256792992e+01	2.491642866329031036e-01	3.937834948819102926e-02	0.000000000000000000e+00
3.409285069746807543e-10	1.925406252475732494e+00	1.129347580996708089e+01	2.517473958975223747e-01	3.814000726599534735e-02	0.000000000000000000e+00
3.570785964900469852e-10	1.938384477694006902e+00	1.125621056474470016e+01	2.542833648977363969e-01	3.693751483360862425e-02	0.000000000000000000e+00
3.739937302478801677e-10	1.950718491995077741e+00	1.121808496943824629e+01	2.567710817731182482e-01	3.577075703006522139e-02	0.000000000000000000e+00
3.917101490809260641e-10	1.962403748039235341e+00	1.117912003371683660e+01	2.592095394100273342e-01	3.463950766375292062e-02	0.000000000000000000e+00
4.102658105827190344e-10	1.973436989313610113e+00	1.113933814305223891e+01	2.615978147086714944e-01	3.354348840688887307e-02	0.000000000000000000e+00
4.297004704320835313e-10	1.983816213379312909e+00	1.109876308755897334e+01	2.639350632846997335e-01	3.248231492025083211e-02	0.000000000000000000e+00
4.500557675700488183e-10	1.993540700099544649e+00	1.105742000263734148e+01	2.662205250406553536e-01	3.145556598364854239e-02	0.000000000000000000e+00
4.713753134116729086e-10	2.002610970373313481e+00	1.101533537027505893e+01	2.684535193614607240e-01	3.046276610792450490e-02	0.000000000000000000e+00
4.937047852839003559e-10	2.011028773897877375e+00	1.097253696227341813e+01	2.706334457522034387e-01	2.950337057094722104e-02	0.000000000000000000e+00
5.170920242896755486e-10	2.018797065020201842e+00	1.092905379856277648e+01	2.727597827811039100e-01	2.857680190999280917e-02	0.000000000000000000e+00
5.415871378079465267e-10	2.025920063036855900e+00	1.088491548878313964e+01	2.748321142746089629e-01	2.768241986332779098e-02	0.000000000000000000e+00
5.672426068491988835e-10	2.032403309406472403e+00	1.084015112202015807e+01	2.768501682098380434e-01	2.681956317892109434e-02	0.000000000000000000e+00
5.941133984965039838e-10	2.038253389605015009e+00	1.079479042046597748e+01	2.788137536118852622e-01	2.598745187494156533e-02	0.000000000000000000e+00
6.222570836730231313e-10	2.043477818434439541e+00	1.074886399073027654e+01	2.807227407219047288e-01	2.518539468079822319e-02	0.000000000000000000e+00
6.517339604882420571e-10	2.048085008276197438e+00	1.070240325304891549e+01	2.825770604603436431e-01	2.441262851977685916e-02	0.000000000000000000e+00
6.826071834272379248e-10	2.052084229358773548e+00	1.065544038451903930e+01	2.843767025891145717e-01	2.366838617322095106e-02	0.000000000000000000e+00
7.149428986597561750e-10	2.055485565038279727e+00	1.060800825899434940e+01	2.861217133873875107e-01	2.295189141052319734e-02	0.000000000000000000e+00
7.488103857590030225e-10	2.058299854989956934e+00	1.056014040474979510e+01	2.878121912466881094e-01	2.226236082042737374e-02	0.000000000000000000e+00
7.842822061337681836e-10	2.060538674474768239e+00	1.051187070915444366e+01	2.894482943053343638e-01	2.159908992344769518e-02	0.000000000000000000e+00
8.214343584919422200e-10	2.062214347729719233e+00	1.046323121443181492e+01	2.910303065506045783e-01	2.096119359656543543e-02	0.000000000000000000e+00
8.603464416684491388e-10	2.063339880874586196e+00	1.041425258160197842e+01	2.925586214105847516e-01	2.034787416903868079e-02	0.000000000000000000e+00
9.011018251665036851e-10	2.063928845497768005e+00	1.036496555962052390e+01	2.940336888422374617e-01	1.975836841738582914e-02	0.000000000000000000e+00
9.437878277775391497e-10	2.063995380396980384e+00	1.031540102858974350e+01	2.954560173541088686e-01	1.919176014188589061e-02	0.000000000000000000e+00
9.884959046625586031e-10	2.063554082748173091e+00	1.026559007303510285e+01	2.968261592827208806e-01	1.864736567787407887e-02	0.000000000000000000e+00
1.035321843295661502e-09	2.062619968219228106e+00	1.021556394572564663e+01	2.981447087412682495e-01	1.812437924423424343e-02	0.000000000000000000e+00
1.084365968689608688e-09	2.061208444375347781e+00	1.016535402053558634e+01	2.994123017845637946e-01	1.762204721245652292e-02	0.000000000000000000e+00
1.135733358343102889e-09	2.059335211561510004e+00	1.011499178569848212e+01	3.006296048133456078e-01	1.713962806673316464e-02	0.000000000000000000e+00
1.189534067370320724e-09	2.057016230308484683e+00	1.006450877802100052e+01	3.017973141444150742e-01	1.667640664891945415e-02	0.000000000000000000e+00
1.245883364295008068e-09	2.054267655241689194e+00	1.001393654093896757e+01	3.029161499238356980e-01	1.623168498746550142e-02	0.000000000000000000e+00
1.304901978014401580e-09	2.051105788160254573e+00	9.963306563374802138e+00	3.039868532725015782e-01	1.580478233561120188e-02	0.000000000000000000e+00
1.366716356462010101e-09	2.047547031796835615e+00	9.912650225405895910e+00	3.050101832310044836e-01	1.539504279282966938e-02	0.000000000000000000e+00
1.431458937523481393e-09	2.043607831770388739e+00	9.861998743033252524e+00	3.059869118526004628e-01	1.500182953516144765e-02	0.000000000000000000e+00
1.499268432786047049e-09	2.039304657719367864e+00	9.811383102997909944e+00	3.069178253275561818e-01	1.462452636732045237e-02	0.000000000000000000e+00
1.570290124729377524e-09	2.034653939828389824e+00	9.760834012648091473e+00	3.078037178936942064e-01	1.426253838314570956e-02	0.000000000000000000e+00
1.644676177994662829e-09	2.029672035449197054e+00	9.710381857563129770e+00	3.086453898455234213e-01	1.391529134270374363e-02	0.000000000000000000e+00
1.722585965398783835e-09	2.026184186157237832e+00	9.677094730219211627e+00	3.091748537873191260e-01	1.369397859103281198e-02	0.000000000000000000e+00
1.804186409392068039e-09	2.022786900868783544e+00	9.646711062481687193e+00	3.096286197811636831e-01	1.349887063891971016e-02	0.000000000000000000e+00
1.889652339691211477e-09	2.019213141723085414e+00	9.616874491710627026e+00	3.100405159655528209e-01	1.331434389577135918e-02	0.000000000000000000e+00
1.979166867853557524e-09	2.015445011019886934e+00	9.587513123947783100e+00	3.104096520839498830e-01	1.313996497562050329e-02	0.000000000000000000e+00
2.072921779595369695e-09	2.011473180225224588e+00	9.558571791117511651e+00	3.107359313892464892e-01	1.297520951283049652e-02	0.000000000000000000e+00
2.171117945694509622e-09	2.007293560450385428e+00	9.530007127235597508e+00	3.110197020195714646e-01	1.281961374961159555e-02	0.000000000000000000e+00
2.273965752357932151e-09	2.002905578756430049e+00	9.501784777905161405e+00	3.112615832023687967e-01	1.267270106324810616e-02	0.000000000000000000e+00
2.381685551976160644e-09	1.998311156556155987e+00	9.473877520105119743e+00	3.114623688129112833e-01	1.253404713570690880e-02	0.000000000000000000e+00
2.494508135230316413e-09	1.993513993762267678e+00	9.446263959745886396e+00	3.116229586632707771e-01	1.240324870508489365e-02	0.000000000000000000e+00
2.612675225563326382e-09	1.988519157679279781e+00	9.418927445601610771e+00	3.117443297308401529e-01	1.227992256406359312e-02	0.000000000000000000e+00
2.736439997074666368e-09	1.983332666129136612e+00	9.391855351173965971e+00	3.118274941854495830e-01	1.216372538682018722e-02	0.000000000000000000e+00
2.866067616948244470e-09	1.977961285845437400e+00	9.365038372971651981e+00	3.118734904062927527e-01	1.205432711627594210e-02	0.000000000000000000e+00
3.001835813575592210e-09	1.972412312735925877e+00	9.338470039289898494e+00	3.118833642079599233e-01	1.195142802251493094e-02	0.000000000000000000e+00
3.144035471591500167e-09	1.966693430752467053e+00	9.312146265802264011e+00	3.118581608424499385e-01	1.185474188269904604e-02	0.000000000000000000e+00
3.292971255097148186e-09	1.960812586607294739e+00	9.286065003483837899e+00	3.117989164426211990e-01	1.176401094675369290e-02	0.000000000000000000e+00
3.448962260405766611e-09	1.954777899958780596e+00	9.260225930201285038e+00	3.117066536298153112e-01	1.167898842099855672e-02	0.000000000000000000e+00
3.612342699709437910e-09	1.948597602787117022e+00	9.234630181572130780e+00	3.115823804845243017e-01	1.159944670088508892e-02	0.000000000000000000e+00
3.783462617131932968e-09	1.942279957690332681e+00	9.209280150096969209e+00	3.114270838811770137e-01	1.152517608730737123e-02	0.000000000000000000e+00
3.962688638701478467e-09	1.935833230968428964e+00	9.184179281567809383e+00	3.112417316683684931e-01	1.145597264022009225e-02	0.000000000000000000e+00
4.150404757850472502e-09	1.929265647073486356e+00	9.159331915677245917e+00	3.110272704169304014e-01	1.139165399262593095e-02	0.000000000000000000e+00
4.347013158125017173e-09	1.922585357383042037e+00	9.134743147779756711e+00	3.107846247533990192e-01	1.133204711715918300e-02	0.000000000000000000e+00
4.552935074866938773e-09	1.915800425637769200e+00	9.110418695717669380e+00	3.105146992284943952e-01	1.127698881827471182e-02	0.000000000000000000e+00
4.768611697714474181e-09	1.908918791736095466e+00	9.086364818406597266e+00	3.102183749384282430e-01	1.122632751318275793e-02	0.000000000000000000e+00
4.994505115855140358e-09	1.901948281613616398e+00	9.062588188650833487e+00	3.098965151746871372e-01	1.117992061478299305e-02	0.000000000000000000e+00
5.231099308056257792e-09	1.894896574781468335e+00	9.039095838475336819e+00	3.095499617541509485e-01	1.113763062109713285e-02	0.000000000000000000e+00
5.478901179593956120e-09	1.887771203131742626e+00	9.015895079497560971e+00	3.091795372687147769e-01	1.109934232784071800e-02	0.000000000000000000e+00
5.738441648302404521e-09	1.880579555329106478e+00	8.992993429462696753e+00	3.087860480656530182e-01	1.106492159977538400e-02	0.000000000000000000e+00
6.010276782070388176e-09	1.873328846680689885e+00	8.970398583318393904e+00	3.083702800458706927e-01	1.103426745120630013e-02	0.000000000000000000e+00
6.294988990221888141e-09	1.866026141873951216e+00	8.948118338440472996e+00	3.079330046955474631e-01	1.100726602052484043e-02	0.000000000000000000e+00
6.593188271333541710e-09	1.858678335889180078e+00	8.926160566849915767e+00	3.074749766497225645e-01	1.098384051686728674e-02	0.000000000000000000e+00
6.905513520162316861e-09	1.851292165449169635e+00	8.904533169803288573e+00	3.069969368809388754e-01	1.096387454742351816e-02	0.000000000000000000e+00
7.232633896483518810e-09	1.843874203261637534e+00	8.883244048310242391e+00	3.064996125071645094e-01	1.094728617707945925e-02	0.000000000000000000e+00
7.575250258771920716e-09	1.836430852269966829e+00	8.862301074078313690e+00	3.059837165688431004e-01	1.093399160604916452e-02	0.000000000000000000e+00
7.934096665797492339e-09	1.828968361467316450e+00	8.841712056308900003e+00	3.054499515319302749e-01	1.092391517385445966e-02	0.000000000000000000e+00
8.309941949353386453e-09	1.821492813810138056e+00	8.821484726461504167e+00	3.048990075301538094e-01	1.091697830311312567e-02	0.000000000000000000e+00
8.703591361485183753e-09	1.814010136813849483e+00	8.801626712871806646e+00	3.043315647258830192e-01	1.091308931398318229e-02	0.000000000000000000e+00
9.115888299750837812e-09	1.806526097058174241e+00	8.782145521139870681e+00	3.037482927806683386e-01	1.091225080516978335e-02	0.000000000000000000e+00
9.547716114208065503e-09	1.799046316549167468e+00	8.763048512116830224e+00	3.031498540685935716e-01	1.091432372217718098e-02	0.000000000000000000e+00
1.000000000000000021e-08	1.791576262122958285e+00	8.744342898644738682e+00	3.025369017125852378e-01	1.091927706545094308e-02	0.000000000000000000e+00
